1	1	1	1	1	2	20	2110
1	1	1	1	1	3	9	2110
1	1	1	1	1	4	24	2110
1	1	2	1	1	3	19	2110
1	1	2	1	1	4	15	2110
1	1	3	1	1	4	23	2110
2	1	1	2	1	2	21	2195
2	1	1	2	1	3	20	2195
2	1	1	2	1	4	19	2195
2	1	2	2	1	3	16	2195
2	1	2	2	1	4	16	2195
2	1	3	2	1	4	2	2195
3	1	1	3	1	2	7	1337
3	1	1	3	1	3	8	1337
3	1	1	3	1	4	8	1337
3	1	2	3	1	3	5	1337
3	1	2	3	1	4	5	1337
3	1	3	3	1	4	2	1337
3	2	1	3	2	2	0	388
3	2	1	3	2	3	0	388
3	2	1	3	2	4	0	388
3	2	2	3	2	3	0	388
3	2	2	3	2	4	0	388
3	2	3	3	2	4	0	388
4	1	1	4	1	2	43	2032
4	1	1	4	1	3	43	2032
4	1	1	4	1	4	39	2032
4	1	2	4	1	3	42	2032
4	1	2	4	1	4	42	2032
4	1	3	4	1	4	27	2032
5	1	1	5	1	2	7	1540
5	1	1	5	1	3	8	1540
5	1	1	5	1	4	4	1540
5	1	2	5	1	3	3	1540
5	1	2	5	1	4	5	1540
5	1	3	5	1	4	6	1540
5	2	1	5	2	2	24	1378
5	2	1	5	2	3	18	1378
5	2	1	5	2	4	20	1378
5	2	2	5	2	3	21	1378
5	2	2	5	2	4	25	1378
5	2	3	5	2	4	21	1378
5	3	1	5	3	2	6	1233
5	3	1	5	3	3	11	1233
5	3	1	5	3	4	7	1233
5	3	2	5	3	3	9	1233
5	3	2	5	3	4	9	1233
5	3	3	5	3	4	14	1233
5	4	1	5	4	2	0	541
5	4	1	5	4	3	0	541
5	4	1	5	4	4	0	541
5	4	2	5	4	3	0	541
5	4	2	5	4	4	0	541
5	4	3	5	4	4	0	541
5	5	1	5	5	2	0	412
5	5	1	5	5	3	0	412
5	5	1	5	5	4	0	412
5	5	2	5	5	3	0	412
5	5	2	5	5	4	0	412
5	5	3	5	5	4	0	412
7	1	1	7	1	2	7	1943
7	1	1	7	1	3	7	1943
7	1	1	7	1	4	4	1943
7	1	2	7	1	3	0	1943
7	1	2	7	1	4	11	1943
7	1	3	7	1	4	11	1943
8	1	1	8	1	2	3	2231
8	1	1	8	1	3	5	2231
8	1	1	8	1	4	3	2231
8	1	2	8	1	3	3	2231
8	1	2	8	1	4	2	2231
8	1	3	8	1	4	3	2231
9	1	1	9	1	2	3	2254
9	1	1	9	1	3	3	2254
9	1	1	9	1	4	3	2254
9	1	2	9	1	3	2	2254
9	1	2	9	1	4	2	2254
9	1	3	9	1	4	2	2254
10	1	1	10	1	2	3	1454
10	1	1	10	1	3	14	1454
10	1	1	10	1	4	13	1454
10	1	2	10	1	3	11	1454
10	1	2	10	1	4	10	1454
10	1	3	10	1	4	1	1454
11	1	1	11	1	2	1	1178
11	1	1	11	1	3	1	1178
11	1	1	11	1	4	2	1178
11	1	2	11	1	3	0	1178
11	1	2	11	1	4	1	1178
11	1	3	11	1	4	1	1178
11	2	1	11	2	2	0	860
11	2	1	11	2	3	0	860
11	2	1	11	2	4	0	860
11	2	2	11	2	3	0	860
11	2	2	11	2	4	0	860
11	2	3	11	2	4	0	860
11	3	1	11	3	2	0	556
11	3	1	11	3	3	0	556
11	3	1	11	3	4	0	556
11	3	2	11	3	3	0	556
11	3	2	11	3	4	0	556
11	3	3	11	3	4	0	556
11	4	1	11	4	2	0	374
11	4	1	11	4	3	0	374
11	4	1	11	4	4	0	374
11	4	2	11	4	3	0	374
11	4	2	11	4	4	0	374
11	4	3	11	4	4	0	374
12	1	1	12	1	2	68	1890
12	1	1	12	1	3	55	1890
12	1	1	12	1	4	71	1890
12	1	2	12	1	3	50	1890
12	1	2	12	1	4	78	1890
12	1	3	12	1	4	64	1890
13	1	1	13	1	2	15	1658
13	1	1	13	1	3	14	1658
13	1	1	13	1	4	11	1658
13	1	2	13	1	3	12	1658
13	1	2	13	1	4	11	1658
13	1	3	13	1	4	11	1658
13	2	1	13	2	2	0	973
13	2	1	13	2	3	0	973
13	2	1	13	2	4	2	973
13	2	2	13	2	3	0	973
13	2	2	13	2	4	2	973
13	2	3	13	2	4	2	973
13	3	1	13	3	2	0	245
13	3	1	13	3	3	0	245
13	3	1	13	3	4	0	245
13	3	2	13	3	3	0	245
13	3	2	13	3	4	0	245
13	3	3	13	3	4	0	245
14	1	1	14	1	2	7	2222
14	1	1	14	1	3	9	2222
14	1	1	14	1	4	10	2222
14	1	2	14	1	3	4	2222
14	1	2	14	1	4	11	2222
14	1	3	14	1	4	12	2222
15	1	1	15	1	2	14	2116
15	1	1	15	1	3	17	2116
15	1	1	15	1	4	18	2116
15	1	2	15	1	3	16	2116
15	1	2	15	1	4	13	2116
15	1	3	15	1	4	15	2116
16	1	1	16	1	2	10	2022
16	1	1	16	1	3	10	2022
16	1	1	16	1	4	8	2022
16	1	2	16	1	3	11	2022
16	1	2	16	1	4	11	2022
16	1	3	16	1	4	4	2022
17	1	1	17	1	2	276	1844
17	1	1	17	1	3	275	1844
17	1	1	17	1	4	275	1844
17	1	2	17	1	3	265	1844
17	1	2	17	1	4	269	1844
17	1	3	17	1	4	281	1844
17	2	1	17	2	2	0	2170
17	2	1	17	2	3	5	2170
17	2	1	17	2	4	3	2170
17	2	2	17	2	3	5	2170
17	2	2	17	2	4	3	2170
17	2	3	17	2	4	2	2170
18	1	1	18	1	2	0	1871
18	1	1	18	1	3	2	1871
18	1	1	18	1	4	2	1871
18	1	2	18	1	3	2	1871
18	1	2	18	1	4	2	1871
18	1	3	18	1	4	2	1871
19	1	1	19	1	2	0	2244
19	1	1	19	1	3	5	2244
19	1	1	19	1	4	4	2244
19	1	2	19	1	3	5	2244
19	1	2	19	1	4	4	2244
19	1	3	19	1	4	3	2244
19	2	1	19	2	2	0	1784
19	2	1	19	2	3	0	1784
19	2	1	19	2	4	0	1784
19	2	2	19	2	3	0	1784
19	2	2	19	2	4	0	1784
19	2	3	19	2	4	0	1784
19	3	1	19	3	2	1	1917
19	3	1	19	3	3	2	1917
19	3	1	19	3	4	2	1917
19	3	2	19	3	3	1	1917
19	3	2	19	3	4	1	1917
19	3	3	19	3	4	0	1917
19	4	1	19	4	2	5	1876
19	4	1	19	4	3	5	1876
19	4	1	19	4	4	5	1876
19	4	2	19	4	3	2	1876
19	4	2	19	4	4	2	1876
19	4	3	19	4	4	0	1876
19	5	1	19	5	2	1	1995
19	5	1	19	5	3	1	1995
19	5	1	19	5	4	2	1995
19	5	2	19	5	3	2	1995
19	5	2	19	5	4	1	1995
19	5	3	19	5	4	1	1995
19	6	1	19	6	2	8	1735
19	6	1	19	6	3	5	1735
19	6	1	19	6	4	4	1735
19	6	2	19	6	3	7	1735
19	6	2	19	6	4	8	1735
19	6	3	19	6	4	3	1735
19	7	1	19	7	2	0	980
19	7	1	19	7	3	0	980
19	7	1	19	7	4	0	980
19	7	2	19	7	3	0	980
19	7	2	19	7	4	0	980
19	7	3	19	7	4	0	980
19	8	1	19	8	2	1	724
19	8	1	19	8	3	1	724
19	8	1	19	8	4	1	724
19	8	2	19	8	3	0	724
19	8	2	19	8	4	0	724
19	8	3	19	8	4	0	724
20	1	1	20	1	2	3	2184
20	1	1	20	1	3	6	2184
20	1	1	20	1	4	7	2184
20	1	2	20	1	3	3	2184
20	1	2	20	1	4	4	2184
20	1	3	20	1	4	1	2184
20	2	1	20	2	2	7	1645
20	2	1	20	2	3	6	1645
20	2	1	20	2	4	9	1645
20	2	2	20	2	3	5	1645
20	2	2	20	2	4	4	1645
20	2	3	20	2	4	7	1645
20	3	1	20	3	2	2	1644
20	3	1	20	3	3	3	1644
20	3	1	20	3	4	4	1644
20	3	2	20	3	3	1	1644
20	3	2	20	3	4	4	1644
20	3	3	20	3	4	3	1644
21	1	1	21	1	2	0	1617
21	1	1	21	1	3	3	1617
21	1	1	21	1	4	4	1617
21	1	2	21	1	3	3	1617
21	1	2	21	1	4	4	1617
21	1	3	21	1	4	1	1617
22	1	1	22	1	2	9	1935
22	1	1	22	1	3	13	1935
22	1	1	22	1	4	5	1935
22	1	2	22	1	3	12	1935
22	1	2	22	1	4	12	1935
22	1	3	22	1	4	9	1935
23	1	1	23	1	2	88	2162
23	1	1	23	1	3	104	2162
23	1	1	23	1	4	110	2162
23	1	2	23	1	3	111	2162
23	1	2	23	1	4	145	2162
23	1	3	23	1	4	120	2162
24	1	1	24	1	2	95	1968
24	1	1	24	1	3	106	1968
24	1	1	24	1	4	94	1968
24	1	2	24	1	3	109	1968
24	1	2	24	1	4	107	1968
24	1	3	24	1	4	86	1968
25	1	1	25	1	2	19	1431
25	1	1	25	1	3	13	1431
25	1	1	25	1	4	18	1431
25	1	2	25	1	3	10	1431
25	1	2	25	1	4	11	1431
25	1	3	25	1	4	12	1431
26	1	1	26	1	2	1	1678
26	1	1	26	1	3	1	1678
26	1	1	26	1	4	2	1678
26	1	2	26	1	3	0	1678
26	1	2	26	1	4	1	1678
26	1	3	26	1	4	1	1678
27	1	1	27	1	2	3	1468
27	1	1	27	1	3	2	1468
27	1	1	27	1	4	7	1468
27	1	2	27	1	3	1	1468
27	1	2	27	1	4	4	1468
27	1	3	27	1	4	5	1468
28	1	1	28	1	2	26	1998
28	1	1	28	1	3	21	1998
28	1	1	28	1	4	23	1998
28	1	2	28	1	3	24	1998
28	1	2	28	1	4	22	1998
28	1	3	28	1	4	19	1998
29	1	1	29	1	2	14	1992
29	1	1	29	1	3	10	1992
29	1	1	29	1	4	11	1992
29	1	2	29	1	3	10	1992
29	1	2	29	1	4	16	1992
29	1	3	29	1	4	10	1992
30	1	1	30	1	2	21	1234
30	1	1	30	1	3	15	1234
30	1	1	30	1	4	24	1234
30	1	2	30	1	3	20	1234
30	1	2	30	1	4	24	1234
30	1	3	30	1	4	27	1234
30	2	1	30	2	2	31	751
30	2	1	30	2	3	27	751
30	2	1	30	2	4	25	751
30	2	2	30	2	3	21	751
30	2	2	30	2	4	23	751
30	2	3	30	2	4	24	751
31	1	1	31	1	2	0	1954
31	1	1	31	1	3	0	1954
31	1	1	31	1	4	3	1954
31	1	2	31	1	3	0	1954
31	1	2	31	1	4	3	1954
31	1	3	31	1	4	3	1954
32	1	1	32	1	2	24	1952
32	1	1	32	1	3	15	1952
32	1	1	32	1	4	32	1952
32	1	2	32	1	3	24	1952
32	1	2	32	1	4	26	1952
32	1	3	32	1	4	29	1952
33	1	1	33	1	2	3	1642
33	1	1	33	1	3	3	1642
33	1	1	33	1	4	1	1642
33	1	2	33	1	3	0	1642
33	1	2	33	1	4	2	1642
33	1	3	33	1	4	2	1642
33	2	1	33	2	2	0	942
33	2	1	33	2	3	2	942
33	2	1	33	2	4	3	942
33	2	2	33	2	3	2	942
33	2	2	33	2	4	3	942
33	2	3	33	2	4	1	942
34	1	1	34	1	2	0	1380
34	1	1	34	1	3	1	1380
34	1	1	34	1	4	3	1380
34	1	2	34	1	3	1	1380
34	1	2	34	1	4	3	1380
34	1	3	34	1	4	2	1380
35	1	1	35	1	2	3	2034
35	1	1	35	1	3	6	2034
35	1	1	35	1	4	15	2034
35	1	2	35	1	3	9	2034
35	1	2	35	1	4	12	2034
35	1	3	35	1	4	15	2034
36	1	1	36	1	2	5	2158
36	1	1	36	1	3	8	2158
36	1	1	36	1	4	5	2158
36	1	2	36	1	3	7	2158
36	1	2	36	1	4	8	2158
36	1	3	36	1	4	3	2158
37	1	1	37	1	2	51	1429
37	1	1	37	1	3	62	1429
37	1	1	37	1	4	51	1429
37	1	2	37	1	3	59	1429
37	1	2	37	1	4	54	1429
37	1	3	37	1	4	63	1429
38	1	1	38	1	2	1	1638
38	1	1	38	1	3	2	1638
38	1	1	38	1	4	2	1638
38	1	2	38	1	3	1	1638
38	1	2	38	1	4	1	1638
38	1	3	38	1	4	0	1638
39	1	1	39	1	2	3	2091
39	1	1	39	1	3	3	2091
39	1	1	39	1	4	3	2091
39	1	2	39	1	3	2	2091
39	1	2	39	1	4	4	2091
39	1	3	39	1	4	6	2091
40	1	1	40	1	2	0	1180
40	1	1	40	1	3	4	1180
40	1	1	40	1	4	5	1180
40	1	2	40	1	3	4	1180
40	1	2	40	1	4	5	1180
40	1	3	40	1	4	1	1180
40	2	1	40	2	2	0	1959
40	2	1	40	2	3	4	1959
40	2	1	40	2	4	6	1959
40	2	2	40	2	3	4	1959
40	2	2	40	2	4	6	1959
40	2	3	40	2	4	2	1959
40	3	1	40	3	2	0	784
40	3	1	40	3	3	0	784
40	3	1	40	3	4	0	784
40	3	2	40	3	3	0	784
40	3	2	40	3	4	0	784
40	3	3	40	3	4	0	784
41	1	1	41	1	2	1	1837
41	1	1	41	1	3	1	1837
41	1	1	41	1	4	1	1837
41	1	2	41	1	3	2	1837
41	1	2	41	1	4	2	1837
41	1	3	41	1	4	1	1837
42	1	1	42	1	2	905	2804
42	1	1	42	1	3	894	2804
42	1	1	42	1	4	877	2804
42	1	2	42	1	3	888	2804
42	1	2	42	1	4	891	2804
42	1	3	42	1	4	901	2804
42	2	1	42	2	2	3	911
42	2	1	42	2	3	6	911
42	2	1	42	2	4	6	911
42	2	2	42	2	3	4	911
42	2	2	42	2	4	5	911
42	2	3	42	2	4	2	911
43	1	1	43	1	2	3	2128
43	1	1	43	1	3	3	2128
43	1	1	43	1	4	4	2128
43	1	2	43	1	3	0	2128
43	1	2	43	1	4	1	2128
43	1	3	43	1	4	1	2128
43	2	1	43	2	2	1	978
43	2	1	43	2	3	2	978
43	2	1	43	2	4	2	978
43	2	2	43	2	3	1	978
43	2	2	43	2	4	1	978
43	2	3	43	2	4	0	978
44	1	1	44	1	2	0	2119
44	1	1	44	1	3	0	2119
44	1	1	44	1	4	0	2119
44	1	2	44	1	3	0	2119
44	1	2	44	1	4	0	2119
44	1	3	44	1	4	0	2119
44	2	1	44	2	2	0	1099
44	2	1	44	2	3	4	1099
44	2	1	44	2	4	5	1099
44	2	2	44	2	3	4	1099
44	2	2	44	2	4	5	1099
44	2	3	44	2	4	2	1099
46	1	1	46	1	2	0	2111
46	1	1	46	1	3	1	2111
46	1	1	46	1	4	1	2111
46	1	2	46	1	3	1	2111
46	1	2	46	1	4	1	2111
46	1	3	46	1	4	0	2111
47	1	1	47	1	2	0	1877
47	1	1	47	1	3	1	1877
47	1	1	47	1	4	1	1877
47	1	2	47	1	3	1	1877
47	1	2	47	1	4	1	1877
47	1	3	47	1	4	0	1877
48	1	1	48	1	2	1	1896
48	1	1	48	1	3	3	1896
48	1	1	48	1	4	4	1896
48	1	2	48	1	3	4	1896
48	1	2	48	1	4	3	1896
48	1	3	48	1	4	1	1896
49	1	1	49	1	2	0	2176
49	1	1	49	1	3	3	2176
49	1	1	49	1	4	3	2176
49	1	2	49	1	3	3	2176
49	1	2	49	1	4	3	2176
49	1	3	49	1	4	0	2176
50	1	1	50	1	2	37	2175
50	1	1	50	1	3	41	2175
50	1	1	50	1	4	39	2175
50	1	2	50	1	3	40	2175
50	1	2	50	1	4	38	2175
50	1	3	50	1	4	37	2175
51	1	1	51	1	2	19	2268
51	1	1	51	1	3	17	2268
51	1	1	51	1	4	15	2268
51	1	2	51	1	3	10	2268
51	1	2	51	1	4	13	2268
51	1	3	51	1	4	11	2268
52	1	1	52	1	2	2	2249
52	1	1	52	1	3	1	2249
52	1	1	52	1	4	1	2249
52	1	2	52	1	3	1	2249
52	1	2	52	1	4	2	2249
52	1	3	52	1	4	1	2249
54	1	1	54	1	2	0	1554
54	1	1	54	1	3	0	1554
54	1	1	54	1	4	0	1554
54	1	2	54	1	3	0	1554
54	1	2	54	1	4	0	1554
54	1	3	54	1	4	0	1554
55	1	1	55	1	2	3	1944
55	1	1	55	1	3	3	1944
55	1	1	55	1	4	3	1944
55	1	2	55	1	3	0	1944
55	1	2	55	1	4	0	1944
55	1	3	55	1	4	0	1944
55	2	1	55	2	2	0	1496
55	2	1	55	2	3	0	1496
55	2	1	55	2	4	1	1496
55	2	2	55	2	3	0	1496
55	2	2	55	2	4	1	1496
55	2	3	55	2	4	1	1496
56	1	1	56	1	2	0	2127
56	1	1	56	1	3	2	2127
56	1	1	56	1	4	3	2127
56	1	2	56	1	3	2	2127
56	1	2	56	1	4	3	2127
56	1	3	56	1	4	1	2127
57	1	1	57	1	2	484	2428
57	1	1	57	1	3	488	2428
57	1	1	57	1	4	488	2428
57	1	2	57	1	3	522	2428
57	1	2	57	1	4	491	2428
57	1	3	57	1	4	482	2428
58	1	1	58	1	2	44	1868
58	1	1	58	1	3	31	1868
58	1	1	58	1	4	45	1868
58	1	2	58	1	3	32	1868
58	1	2	58	1	4	44	1868
58	1	3	58	1	4	40	1868
60	1	1	60	1	2	53	2231
60	1	1	60	1	3	61	2231
60	1	1	60	1	4	62	2231
60	1	2	60	1	3	56	2231
60	1	2	60	1	4	57	2231
60	1	3	60	1	4	70	2231
61	1	1	61	1	2	3	2488
61	1	1	61	1	3	4	2488
61	1	1	61	1	4	5	2488
61	1	2	61	1	3	1	2488
61	1	2	61	1	4	4	2488
61	1	3	61	1	4	5	2488
62	1	1	62	1	2	0	2043
62	1	1	62	1	3	0	2043
62	1	1	62	1	4	1	2043
62	1	2	62	1	3	0	2043
62	1	2	62	1	4	1	2043
62	1	3	62	1	4	1	2043
63	1	1	63	1	2	6	2456
63	1	1	63	1	3	6	2456
63	1	1	63	1	4	5	2456
63	1	2	63	1	3	0	2456
63	1	2	63	1	4	1	2456
63	1	3	63	1	4	1	2456
64	1	1	64	1	2	0	2172
64	1	1	64	1	3	0	2172
64	1	1	64	1	4	0	2172
64	1	2	64	1	3	0	2172
64	1	2	64	1	4	0	2172
64	1	3	64	1	4	0	2172
65	1	1	65	1	2	1	2187
65	1	1	65	1	3	1	2187
65	1	1	65	1	4	1	2187
65	1	2	65	1	3	0	2187
65	1	2	65	1	4	0	2187
65	1	3	65	1	4	0	2187
65	2	1	65	2	2	0	815
65	2	1	65	2	3	0	815
65	2	1	65	2	4	0	815
65	2	2	65	2	3	0	815
65	2	2	65	2	4	0	815
65	2	3	65	2	4	0	815
65	3	1	65	3	2	0	245
65	3	1	65	3	3	0	245
65	3	1	65	3	4	0	245
65	3	2	65	3	3	0	245
65	3	2	65	3	4	0	245
65	3	3	65	3	4	0	245
66	1	1	66	1	2	17	1412
66	1	1	66	1	3	15	1412
66	1	1	66	1	4	13	1412
66	1	2	66	1	3	8	1412
66	1	2	66	1	4	14	1412
66	1	3	66	1	4	12	1412
67	1	1	67	1	2	1	2131
67	1	1	67	1	3	1	2131
67	1	1	67	1	4	1	2131
67	1	2	67	1	3	0	2131
67	1	2	67	1	4	0	2131
67	1	3	67	1	4	0	2131
68	1	1	68	1	2	1	1887
68	1	1	68	1	3	1	1887
68	1	1	68	1	4	1	1887
68	1	2	68	1	3	0	1887
68	1	2	68	1	4	0	1887
68	1	3	68	1	4	0	1887
68	2	1	68	2	2	0	1649
68	2	1	68	2	3	0	1649
68	2	1	68	2	4	2	1649
68	2	2	68	2	3	0	1649
68	2	2	68	2	4	2	1649
68	2	3	68	2	4	2	1649
68	3	1	68	3	2	0	1046
68	3	1	68	3	3	0	1046
68	3	1	68	3	4	1	1046
68	3	2	68	3	3	0	1046
68	3	2	68	3	4	1	1046
68	3	3	68	3	4	1	1046
68	4	1	68	4	2	0	500
68	4	1	68	4	3	0	500
68	4	1	68	4	4	0	500
68	4	2	68	4	3	0	500
68	4	2	68	4	4	0	500
68	4	3	68	4	4	0	500
69	1	1	69	1	2	1	2168
69	1	1	69	1	3	7	2168
69	1	1	69	1	4	5	2168
69	1	2	69	1	3	6	2168
69	1	2	69	1	4	4	2168
69	1	3	69	1	4	2	2168
69	2	1	69	2	2	1	1406
69	2	1	69	2	3	1	1406
69	2	1	69	2	4	1	1406
69	2	2	69	2	3	2	1406
69	2	2	69	2	4	2	1406
69	2	3	69	2	4	0	1406
69	3	1	69	3	2	0	1292
69	3	1	69	3	3	1	1292
69	3	1	69	3	4	1	1292
69	3	2	69	3	3	1	1292
69	3	2	69	3	4	1	1292
69	3	3	69	3	4	0	1292
70	1	1	70	1	2	0	1298
70	1	1	70	1	3	0	1298
70	1	1	70	1	4	0	1298
70	1	2	70	1	3	0	1298
70	1	2	70	1	4	0	1298
70	1	3	70	1	4	0	1298
71	1	1	71	1	2	2	1496
71	1	1	71	1	3	1	1496
71	1	1	71	1	4	1	1496
71	1	2	71	1	3	1	1496
71	1	2	71	1	4	1	1496
71	1	3	71	1	4	0	1496
72	1	1	72	1	2	0	1805
72	1	1	72	1	3	0	1805
72	1	1	72	1	4	0	1805
72	1	2	72	1	3	0	1805
72	1	2	72	1	4	0	1805
72	1	3	72	1	4	0	1805
73	1	1	73	1	2	3	2092
73	1	1	73	1	3	1	2092
73	1	1	73	1	4	2	2092
73	1	2	73	1	3	2	2092
73	1	2	73	1	4	3	2092
73	1	3	73	1	4	1	2092
74	1	1	74	1	2	0	1658
74	1	1	74	1	3	1	1658
74	1	1	74	1	4	1	1658
74	1	2	74	1	3	1	1658
74	1	2	74	1	4	1	1658
74	1	3	74	1	4	0	1658
75	1	1	75	1	2	6	2104
75	1	1	75	1	3	5	2104
75	1	1	75	1	4	6	2104
75	1	2	75	1	3	5	2104
75	1	2	75	1	4	8	2104
75	1	3	75	1	4	7	2104
75	2	1	75	2	2	3	1226
75	2	1	75	2	3	4	1226
75	2	1	75	2	4	5	1226
75	2	2	75	2	3	3	1226
75	2	2	75	2	4	2	1226
75	2	3	75	2	4	5	1226
75	3	1	75	3	2	18	917
75	3	1	75	3	3	20	917
75	3	1	75	3	4	22	917
75	3	2	75	3	3	12	917
75	3	2	75	3	4	25	917
75	3	3	75	3	4	26	917
76	1	1	76	1	2	34	2083
76	1	1	76	1	3	35	2083
76	1	1	76	1	4	44	2083
76	1	2	76	1	3	45	2083
76	1	2	76	1	4	37	2083
76	1	3	76	1	4	43	2083
78	1	1	78	1	2	8	1691
78	1	1	78	1	3	10	1691
78	1	1	78	1	4	10	1691
78	1	2	78	1	3	5	1691
78	1	2	78	1	4	7	1691
78	1	3	78	1	4	5	1691
78	2	1	78	2	2	1	728
78	2	1	78	2	3	2	728
78	2	1	78	2	4	2	728
78	2	2	78	2	3	1	728
78	2	2	78	2	4	1	728
78	2	3	78	2	4	0	728
80	1	1	80	1	2	176	7006
80	1	1	80	1	3	219	7006
80	1	1	80	1	4	219	7006
80	1	2	80	1	3	206	7006
80	1	2	80	1	4	194	7006
80	1	3	80	1	4	208	7006
81	1	1	81	1	2	3	2148
81	1	1	81	1	3	3	2148
81	1	1	81	1	4	3	2148
81	1	2	81	1	3	2	2148
81	1	2	81	1	4	2	2148
81	1	3	81	1	4	2	2148
82	1	1	82	1	2	719	1462
82	1	1	82	1	3	684	1462
82	1	1	82	1	4	683	1462
82	1	2	82	1	3	721	1462
82	1	2	82	1	4	716	1462
82	1	3	82	1	4	719	1462
83	1	1	83	1	2	10	1633
83	1	1	83	1	3	13	1633
83	1	1	83	1	4	13	1633
83	1	2	83	1	3	13	1633
83	1	2	83	1	4	14	1633
83	1	3	83	1	4	13	1633
84	1	1	84	1	2	3	2223
84	1	1	84	1	3	3	2223
84	1	1	84	1	4	4	2223
84	1	2	84	1	3	3	2223
84	1	2	84	1	4	7	2223
84	1	3	84	1	4	7	2223
84	2	1	84	2	2	1	1789
84	2	1	84	2	3	6	1789
84	2	1	84	2	4	1	1789
84	2	2	84	2	3	7	1789
84	2	2	84	2	4	2	1789
84	2	3	84	2	4	5	1789
84	3	1	84	3	2	0	1127
84	3	1	84	3	3	2	1127
84	3	1	84	3	4	2	1127
84	3	2	84	3	3	2	1127
84	3	2	84	3	4	2	1127
84	3	3	84	3	4	0	1127
85	1	1	85	1	2	3	1757
85	1	1	85	1	3	6	1757
85	1	1	85	1	4	6	1757
85	1	2	85	1	3	9	1757
85	1	2	85	1	4	9	1757
85	1	3	85	1	4	10	1757
86	1	1	86	1	2	0	2271
86	1	1	86	1	3	6	2271
86	1	1	86	1	4	7	2271
86	1	2	86	1	3	6	2271
86	1	2	86	1	4	7	2271
86	1	3	86	1	4	1	2271
88	1	1	88	1	2	1	1245
88	1	1	88	1	3	2	1245
88	1	1	88	1	4	2	1245
88	1	2	88	1	3	1	1245
88	1	2	88	1	4	1	1245
88	1	3	88	1	4	2	1245
88	2	1	88	2	2	12	1253
88	2	1	88	2	3	11	1253
88	2	1	88	2	4	9	1253
88	2	2	88	2	3	8	1253
88	2	2	88	2	4	10	1253
88	2	3	88	2	4	13	1253
88	3	1	88	3	2	0	901
88	3	1	88	3	3	0	901
88	3	1	88	3	4	0	901
88	3	2	88	3	3	0	901
88	3	2	88	3	4	0	901
88	3	3	88	3	4	0	901
88	4	1	88	4	2	0	932
88	4	1	88	4	3	0	932
88	4	1	88	4	4	1	932
88	4	2	88	4	3	0	932
88	4	2	88	4	4	1	932
88	4	3	88	4	4	1	932
88	5	1	88	5	2	0	490
88	5	1	88	5	3	0	490
88	5	1	88	5	4	0	490
88	5	2	88	5	3	0	490
88	5	2	88	5	4	0	490
88	5	3	88	5	4	0	490
89	1	1	89	1	2	0	1234
89	1	1	89	1	3	1	1234
89	1	1	89	1	4	1	1234
89	1	2	89	1	3	1	1234
89	1	2	89	1	4	1	1234
89	1	3	89	1	4	1	1234
90	1	1	90	1	2	2	2067
90	1	1	90	1	3	3	2067
90	1	1	90	1	4	5	2067
90	1	2	90	1	3	1	2067
90	1	2	90	1	4	3	2067
90	1	3	90	1	4	2	2067
91	1	1	91	1	2	9	2075
91	1	1	91	1	3	11	2075
91	1	1	91	1	4	5	2075
91	1	2	91	1	3	10	2075
91	1	2	91	1	4	6	2075
91	1	3	91	1	4	10	2075
92	1	1	92	1	2	366	2423
92	1	1	92	1	3	390	2423
92	1	1	92	1	4	394	2423
92	1	2	92	1	3	372	2423
92	1	2	92	1	4	393	2423
92	1	3	92	1	4	377	2423
93	1	1	93	1	2	2	1751
93	1	1	93	1	3	3	1751
93	1	1	93	1	4	3	1751
93	1	2	93	1	3	1	1751
93	1	2	93	1	4	1	1751
93	1	3	93	1	4	0	1751
94	1	1	94	1	2	18	2139
94	1	1	94	1	3	18	2139
94	1	1	94	1	4	21	2139
94	1	2	94	1	3	13	2139
94	1	2	94	1	4	22	2139
94	1	3	94	1	4	17	2139
95	1	1	95	1	2	1	2266
95	1	1	95	1	3	4	2266
95	1	1	95	1	4	5	2266
95	1	2	95	1	3	5	2266
95	1	2	95	1	4	4	2266
95	1	3	95	1	4	1	2266
96	1	1	96	1	2	0	899
96	1	1	96	1	3	0	899
96	1	1	96	1	4	0	899
96	1	2	96	1	3	0	899
96	1	2	96	1	4	0	899
96	1	3	96	1	4	0	899
96	2	1	96	2	2	0	1502
96	2	1	96	2	3	4	1502
96	2	1	96	2	4	3	1502
96	2	2	96	2	3	4	1502
96	2	2	96	2	4	3	1502
96	2	3	96	2	4	1	1502
98	1	1	98	1	2	7	2393
98	1	1	98	1	3	12	2393
98	1	1	98	1	4	12	2393
98	1	2	98	1	3	13	2393
98	1	2	98	1	4	17	2393
98	1	3	98	1	4	10	2393
98	2	1	98	2	2	1	1634
98	2	1	98	2	3	2	1634
98	2	1	98	2	4	2	1634
98	2	2	98	2	3	1	1634
98	2	2	98	2	4	1	1634
98	2	3	98	2	4	0	1634
99	1	1	99	1	2	0	2079
99	1	1	99	1	3	1	2079
99	1	1	99	1	4	1	2079
99	1	2	99	1	3	1	2079
99	1	2	99	1	4	1	2079
99	1	3	99	1	4	0	2079
100	1	1	100	1	2	36	2082
100	1	1	100	1	3	41	2082
100	1	1	100	1	4	29	2082
100	1	2	100	1	3	30	2082
100	1	2	100	1	4	27	2082
100	1	3	100	1	4	26	2082
101	1	1	101	1	2	29	2214
101	1	1	101	1	3	1	2214
101	1	1	101	1	4	33	2214
101	1	2	101	1	3	30	2214
101	1	2	101	1	4	6	2214
101	1	3	101	1	4	32	2214
102	1	1	102	1	2	43	2123
102	1	1	102	1	3	34	2123
102	1	1	102	1	4	39	2123
102	1	2	102	1	3	32	2123
102	1	2	102	1	4	29	2123
102	1	3	102	1	4	39	2123
102	2	1	102	2	2	0	361
102	2	1	102	2	3	0	361
102	2	1	102	2	4	0	361
102	2	2	102	2	3	0	361
102	2	2	102	2	4	0	361
102	2	3	102	2	4	0	361
103	1	1	103	1	2	6	1501
103	1	1	103	1	3	12	1501
103	1	1	103	1	4	16	1501
103	1	2	103	1	3	11	1501
103	1	2	103	1	4	18	1501
103	1	3	103	1	4	15	1501
104	1	1	104	1	2	4	1782
104	1	1	104	1	3	2	1782
104	1	1	104	1	4	3	1782
104	1	2	104	1	3	6	1782
104	1	2	104	1	4	6	1782
104	1	3	104	1	4	1	1782
104	2	1	104	2	2	0	1191
104	2	1	104	2	3	5	1191
104	2	1	104	2	4	7	1191
104	2	2	104	2	3	5	1191
104	2	2	104	2	4	7	1191
104	2	3	104	2	4	2	1191
105	1	1	105	1	2	6	1891
105	1	1	105	1	3	9	1891
105	1	1	105	1	4	9	1891
105	1	2	105	1	3	11	1891
105	1	2	105	1	4	10	1891
105	1	3	105	1	4	3	1891
107	1	1	107	1	2	10	1711
107	1	1	107	1	3	5	1711
107	1	1	107	1	4	9	1711
107	1	2	107	1	3	10	1711
107	1	2	107	1	4	12	1711
107	1	3	107	1	4	8	1711
108	1	1	108	1	2	1	1195
108	1	1	108	1	3	2	1195
108	1	1	108	1	4	2	1195
108	1	2	108	1	3	1	1195
108	1	2	108	1	4	1	1195
108	1	3	108	1	4	0	1195
108	2	1	108	2	2	1	1329
108	2	1	108	2	3	1	1329
108	2	1	108	2	4	1	1329
108	2	2	108	2	3	0	1329
108	2	2	108	2	4	0	1329
108	2	3	108	2	4	0	1329
109	1	1	109	1	2	8	1686
109	1	1	109	1	3	8	1686
109	1	1	109	1	4	8	1686
109	1	2	109	1	3	0	1686
109	1	2	109	1	4	0	1686
109	1	3	109	1	4	0	1686
110	1	1	110	1	2	10	2399
110	1	1	110	1	3	9	2399
110	1	1	110	1	4	10	2399
110	1	2	110	1	3	1	2399
110	1	2	110	1	4	6	2399
110	1	3	110	1	4	7	2399
111	1	1	111	1	2	0	1435
111	1	1	111	1	3	0	1435
111	1	1	111	1	4	0	1435
111	1	2	111	1	3	0	1435
111	1	2	111	1	4	0	1435
111	1	3	111	1	4	0	1435
112	1	1	112	1	2	1	1877
112	1	1	112	1	3	2	1877
112	1	1	112	1	4	1	1877
112	1	2	112	1	3	3	1877
112	1	2	112	1	4	2	1877
112	1	3	112	1	4	3	1877
113	1	1	113	1	2	0	1225
113	1	1	113	1	3	0	1225
113	1	1	113	1	4	2	1225
113	1	2	113	1	3	0	1225
113	1	2	113	1	4	2	1225
113	1	3	113	1	4	2	1225
114	1	1	114	1	2	0	1804
114	1	1	114	1	3	1	1804
114	1	1	114	1	4	3	1804
114	1	2	114	1	3	1	1804
114	1	2	114	1	4	3	1804
114	1	3	114	1	4	2	1804
115	1	1	115	1	2	0	2008
115	1	1	115	1	3	0	2008
115	1	1	115	1	4	0	2008
115	1	2	115	1	3	0	2008
115	1	2	115	1	4	0	2008
115	1	3	115	1	4	0	2008
118	1	1	118	1	2	0	2224
118	1	1	118	1	3	0	2224
118	1	1	118	1	4	2	2224
118	1	2	118	1	3	0	2224
118	1	2	118	1	4	2	2224
118	1	3	118	1	4	2	2224
119	1	1	119	1	2	5	2118
119	1	1	119	1	3	9	2118
119	1	1	119	1	4	5	2118
119	1	2	119	1	3	10	2118
119	1	2	119	1	4	2	2118
119	1	3	119	1	4	10	2118
121	1	1	121	1	2	1	2050
121	1	1	121	1	3	2	2050
121	1	1	121	1	4	3	2050
121	1	2	121	1	3	3	2050
121	1	2	121	1	4	2	2050
121	1	3	121	1	4	3	2050
122	1	1	122	1	2	7	2084
122	1	1	122	1	3	13	2084
122	1	1	122	1	4	10	2084
122	1	2	122	1	3	9	2084
122	1	2	122	1	4	10	2084
122	1	3	122	1	4	3	2084
123	1	1	123	1	2	4	1577
123	1	1	123	1	3	3	1577
123	1	1	123	1	4	4	1577
123	1	2	123	1	3	1	1577
123	1	2	123	1	4	2	1577
123	1	3	123	1	4	1	1577
124	1	1	124	1	2	6	2199
124	1	1	124	1	3	2	2199
124	1	1	124	1	4	6	2199
124	1	2	124	1	3	5	2199
124	1	2	124	1	4	7	2199
124	1	3	124	1	4	6	2199
124	2	1	124	2	2	0	200
124	2	1	124	2	3	0	200
124	2	1	124	2	4	0	200
124	2	2	124	2	3	0	200
124	2	2	124	2	4	0	200
124	2	3	124	2	4	0	200
125	1	1	125	1	2	3	2123
125	1	1	125	1	3	4	2123
125	1	1	125	1	4	2	2123
125	1	2	125	1	3	1	2123
125	1	2	125	1	4	3	2123
125	1	3	125	1	4	2	2123
126	1	1	126	1	2	1	2644
126	1	1	126	1	3	1	2644
126	1	1	126	1	4	3	2644
126	1	2	126	1	3	0	2644
126	1	2	126	1	4	2	2644
126	1	3	126	1	4	2	2644
127	1	1	127	1	2	3	1764
127	1	1	127	1	3	3	1764
127	1	1	127	1	4	6	1764
127	1	2	127	1	3	0	1764
127	1	2	127	1	4	5	1764
127	1	3	127	1	4	5	1764
128	1	1	128	1	2	1	2173
128	1	1	128	1	3	1	2173
128	1	1	128	1	4	1	2173
128	1	2	128	1	3	0	2173
128	1	2	128	1	4	0	2173
128	1	3	128	1	4	0	2173
129	1	1	129	1	2	265	2321
129	1	1	129	1	3	276	2321
129	1	1	129	1	4	283	2321
129	1	2	129	1	3	264	2321
129	1	2	129	1	4	265	2321
129	1	3	129	1	4	254	2321
130	1	1	130	1	2	8	2508
130	1	1	130	1	3	4	2508
130	1	1	130	1	4	12	2508
130	1	2	130	1	3	9	2508
130	1	2	130	1	4	7	2508
130	1	3	130	1	4	8	2508
131	1	1	131	1	2	0	1825
131	1	1	131	1	3	0	1825
131	1	1	131	1	4	1	1825
131	1	2	131	1	3	0	1825
131	1	2	131	1	4	1	1825
131	1	3	131	1	4	1	1825
132	1	1	132	1	2	10	1518
132	1	1	132	1	3	12	1518
132	1	1	132	1	4	9	1518
132	1	2	132	1	3	2	1518
132	1	2	132	1	4	5	1518
132	1	3	132	1	4	7	1518
133	1	1	133	1	2	0	1652
133	1	1	133	1	3	0	1652
133	1	1	133	1	4	1	1652
133	1	2	133	1	3	0	1652
133	1	2	133	1	4	1	1652
133	1	3	133	1	4	1	1652
135	1	1	135	1	2	1	2496
135	1	1	135	1	3	2	2496
135	1	1	135	1	4	2	2496
135	1	2	135	1	3	1	2496
135	1	2	135	1	4	3	2496
135	1	3	135	1	4	3	2496
136	1	1	136	1	2	18	1813
136	1	1	136	1	3	23	1813
136	1	1	136	1	4	22	1813
136	1	2	136	1	3	21	1813
136	1	2	136	1	4	22	1813
136	1	3	136	1	4	17	1813
137	1	1	137	1	2	16	1824
137	1	1	137	1	3	5	1824
137	1	1	137	1	4	17	1824
137	1	2	137	1	3	13	1824
137	1	2	137	1	4	17	1824
137	1	3	137	1	4	14	1824
137	2	1	137	2	2	2	1843
137	2	1	137	2	3	3	1843
137	2	1	137	2	4	3	1843
137	2	2	137	2	3	1	1843
137	2	2	137	2	4	3	1843
137	2	3	137	2	4	2	1843
140	1	1	140	1	2	56	1873
140	1	1	140	1	3	50	1873
140	1	1	140	1	4	38	1873
140	1	2	140	1	3	54	1873
140	1	2	140	1	4	59	1873
140	1	3	140	1	4	52	1873
141	1	1	141	1	2	1	2107
141	1	1	141	1	3	9	2107
141	1	1	141	1	4	11	2107
141	1	2	141	1	3	10	2107
141	1	2	141	1	4	12	2107
141	1	3	141	1	4	6	2107
143	1	1	143	1	2	1	2096
143	1	1	143	1	3	5	2096
143	1	1	143	1	4	2	2096
143	1	2	143	1	3	6	2096
143	1	2	143	1	4	3	2096
143	1	3	143	1	4	3	2096
144	1	1	144	1	2	0	2113
144	1	1	144	1	3	2	2113
144	1	1	144	1	4	1	2113
144	1	2	144	1	3	2	2113
144	1	2	144	1	4	1	2113
144	1	3	144	1	4	3	2113
145	1	1	145	1	2	38	2628
145	1	1	145	1	3	33	2628
145	1	1	145	1	4	25	2628
145	1	2	145	1	3	10	2628
145	1	2	145	1	4	31	2628
145	1	3	145	1	4	32	2628
146	1	1	146	1	2	3	2519
146	1	1	146	1	3	11	2519
146	1	1	146	1	4	13	2519
146	1	2	146	1	3	12	2519
146	1	2	146	1	4	14	2519
146	1	3	146	1	4	5	2519
147	1	1	147	1	2	0	1109
147	1	1	147	1	3	1	1109
147	1	1	147	1	4	2	1109
147	1	2	147	1	3	1	1109
147	1	2	147	1	4	2	1109
147	1	3	147	1	4	1	1109
149	1	1	149	1	2	0	1417
149	1	1	149	1	3	1	1417
149	1	1	149	1	4	4	1417
149	1	2	149	1	3	1	1417
149	1	2	149	1	4	4	1417
149	1	3	149	1	4	3	1417
149	2	1	149	2	2	3	1021
149	2	1	149	2	3	2	1021
149	2	1	149	2	4	3	1021
149	2	2	149	2	3	3	1021
149	2	2	149	2	4	4	1021
149	2	3	149	2	4	1	1021
149	3	1	149	3	2	0	895
149	3	1	149	3	3	1	895
149	3	1	149	3	4	2	895
149	3	2	149	3	3	1	895
149	3	2	149	3	4	2	895
149	3	3	149	3	4	1	895
150	1	1	150	1	2	5	1895
150	1	1	150	1	3	7	1895
150	1	1	150	1	4	7	1895
150	1	2	150	1	3	2	1895
150	1	2	150	1	4	2	1895
150	1	3	150	1	4	2	1895
151	1	1	151	1	2	7	2061
151	1	1	151	1	3	6	2061
151	1	1	151	1	4	1	2061
151	1	2	151	1	3	1	2061
151	1	2	151	1	4	6	2061
151	1	3	151	1	4	5	2061
151	2	1	151	2	2	3	1379
151	2	1	151	2	3	1	1379
151	2	1	151	2	4	6	1379
151	2	2	151	2	3	4	1379
151	2	2	151	2	4	5	1379
151	2	3	151	2	4	5	1379
152	1	1	152	1	2	11	2090
152	1	1	152	1	3	13	2090
152	1	1	152	1	4	1	2090
152	1	2	152	1	3	12	2090
152	1	2	152	1	4	12	2090
152	1	3	152	1	4	12	2090
153	1	1	153	1	2	9	2118
153	1	1	153	1	3	9	2118
153	1	1	153	1	4	7	2118
153	1	2	153	1	3	4	2118
153	1	2	153	1	4	6	2118
153	1	3	153	1	4	6	2118
153	2	1	153	2	2	12	2099
153	2	1	153	2	3	14	2099
153	2	1	153	2	4	12	2099
153	2	2	153	2	3	2	2099
153	2	2	153	2	4	8	2099
153	2	3	153	2	4	10	2099
153	3	1	153	3	2	1	2038
153	3	1	153	3	3	2	2038
153	3	1	153	3	4	2	2038
153	3	2	153	3	3	3	2038
153	3	2	153	3	4	3	2038
153	3	3	153	3	4	2	2038
154	1	1	154	1	2	0	1077
154	1	1	154	1	3	0	1077
154	1	1	154	1	4	0	1077
154	1	2	154	1	3	0	1077
154	1	2	154	1	4	0	1077
154	1	3	154	1	4	0	1077
155	1	1	155	1	2	66	1681
155	1	1	155	1	3	96	1681
155	1	1	155	1	4	63	1681
155	1	2	155	1	3	65	1681
155	1	2	155	1	4	64	1681
155	1	3	155	1	4	72	1681
155	2	1	155	2	2	1	1301
155	2	1	155	2	3	2	1301
155	2	1	155	2	4	3	1301
155	2	2	155	2	3	1	1301
155	2	2	155	2	4	2	1301
155	2	3	155	2	4	1	1301
156	1	1	156	1	2	2	1858
156	1	1	156	1	3	2	1858
156	1	1	156	1	4	4	1858
156	1	2	156	1	3	4	1858
156	1	2	156	1	4	2	1858
156	1	3	156	1	4	2	1858
157	1	1	157	1	2	1	2263
157	1	1	157	1	3	7	2263
157	1	1	157	1	4	5	2263
157	1	2	157	1	3	8	2263
157	1	2	157	1	4	6	2263
157	1	3	157	1	4	2	2263
158	1	1	158	1	2	4	2290
158	1	1	158	1	3	5	2290
158	1	1	158	1	4	5	2290
158	1	2	158	1	3	3	2290
158	1	2	158	1	4	3	2290
158	1	3	158	1	4	2	2290
159	1	1	159	1	2	3	2314
159	1	1	159	1	3	2	2314
159	1	1	159	1	4	2	2314
159	1	2	159	1	3	1	2314
159	1	2	159	1	4	1	2314
159	1	3	159	1	4	0	2314
159	2	1	159	2	2	7	2633
159	2	1	159	2	3	4	2633
159	2	1	159	2	4	4	2633
159	2	2	159	2	3	7	2633
159	2	2	159	2	4	5	2633
159	2	3	159	2	4	4	2633
159	3	1	159	3	2	18	853
159	3	1	159	3	3	7	853
159	3	1	159	3	4	21	853
159	3	2	159	3	3	23	853
159	3	2	159	3	4	5	853
159	3	3	159	3	4	24	853
159	4	1	159	4	2	1	909
159	4	1	159	4	3	1	909
159	4	1	159	4	4	1	909
159	4	2	159	4	3	0	909
159	4	2	159	4	4	0	909
159	4	3	159	4	4	0	909
159	5	1	159	5	2	0	430
159	5	1	159	5	3	0	430
159	5	1	159	5	4	1	430
159	5	2	159	5	3	0	430
159	5	2	159	5	4	1	430
159	5	3	159	5	4	1	430
160	1	1	160	1	2	2	1981
160	1	1	160	1	3	5	1981
160	1	1	160	1	4	2	1981
160	1	2	160	1	3	5	1981
160	1	2	160	1	4	4	1981
160	1	3	160	1	4	5	1981
160	2	1	160	2	2	1	2024
160	2	1	160	2	3	3	2024
160	2	1	160	2	4	4	2024
160	2	2	160	2	3	2	2024
160	2	2	160	2	4	3	2024
160	2	3	160	2	4	3	2024
161	1	1	161	1	2	1	2041
161	1	1	161	1	3	1	2041
161	1	1	161	1	4	1	2041
161	1	2	161	1	3	0	2041
161	1	2	161	1	4	2	2041
161	1	3	161	1	4	2	2041
161	2	1	161	2	2	0	946
161	2	1	161	2	3	0	946
161	2	1	161	2	4	0	946
161	2	2	161	2	3	0	946
161	2	2	161	2	4	0	946
161	2	3	161	2	4	0	946
161	3	1	161	3	2	1	866
161	3	1	161	3	3	1	866
161	3	1	161	3	4	1	866
161	3	2	161	3	3	1	866
161	3	2	161	3	4	1	866
161	3	3	161	3	4	0	866
164	1	1	164	1	2	86	3578
164	1	1	164	1	3	97	3578
164	1	1	164	1	4	94	3578
164	1	2	164	1	3	65	3578
164	1	2	164	1	4	81	3578
164	1	3	164	1	4	82	3578
165	1	1	165	1	2	0	1845
165	1	1	165	1	3	0	1845
165	1	1	165	1	4	0	1845
165	1	2	165	1	3	0	1845
165	1	2	165	1	4	0	1845
165	1	3	165	1	4	0	1845
166	1	1	166	1	2	5	2103
166	1	1	166	1	3	2	2103
166	1	1	166	1	4	2	2103
166	1	2	166	1	3	5	2103
166	1	2	166	1	4	5	2103
166	1	3	166	1	4	0	2103
167	1	1	167	1	2	1	2142
167	1	1	167	1	3	1	2142
167	1	1	167	1	4	2	2142
167	1	2	167	1	3	0	2142
167	1	2	167	1	4	1	2142
167	1	3	167	1	4	1	2142
169	1	1	169	1	2	0	1786
169	1	1	169	1	3	0	1786
169	1	1	169	1	4	0	1786
169	1	2	169	1	3	0	1786
169	1	2	169	1	4	0	1786
169	1	3	169	1	4	0	1786
170	1	1	170	1	2	0	2168
170	1	1	170	1	3	0	2168
170	1	1	170	1	4	1	2168
170	1	2	170	1	3	0	2168
170	1	2	170	1	4	1	2168
170	1	3	170	1	4	1	2168
171	1	1	171	1	2	0	1557
171	1	1	171	1	3	0	1557
171	1	1	171	1	4	1	1557
171	1	2	171	1	3	0	1557
171	1	2	171	1	4	1	1557
171	1	3	171	1	4	1	1557
172	1	1	172	1	2	3	2178
172	1	1	172	1	3	2	2178
172	1	1	172	1	4	2	2178
172	1	2	172	1	3	1	2178
172	1	2	172	1	4	1	2178
172	1	3	172	1	4	0	2178
173	1	1	173	1	2	2	1462
173	1	1	173	1	3	1	1462
173	1	1	173	1	4	1	1462
173	1	2	173	1	3	3	1462
173	1	2	173	1	4	3	1462
173	1	3	173	1	4	1	1462
174	1	1	174	1	2	6	2389
174	1	1	174	1	3	6	2389
174	1	1	174	1	4	6	2389
174	1	2	174	1	3	0	2389
174	1	2	174	1	4	2	2389
174	1	3	174	1	4	2	2389
175	1	1	175	1	2	4	2132
175	1	1	175	1	3	6	2132
175	1	1	175	1	4	11	2132
175	1	2	175	1	3	2	2132
175	1	2	175	1	4	11	2132
175	1	3	175	1	4	11	2132
176	1	1	176	1	2	1	2236
176	1	1	176	1	3	3	2236
176	1	1	176	1	4	5	2236
176	1	2	176	1	3	4	2236
176	1	2	176	1	4	4	2236
176	1	3	176	1	4	6	2236
177	1	1	177	1	2	2	2312
177	1	1	177	1	3	2	2312
177	1	1	177	1	4	2	2312
177	1	2	177	1	3	4	2312
177	1	2	177	1	4	2	2312
177	1	3	177	1	4	4	2312
178	1	1	178	1	2	7	1696
178	1	1	178	1	3	9	1696
178	1	1	178	1	4	3	1696
178	1	2	178	1	3	8	1696
178	1	2	178	1	4	8	1696
178	1	3	178	1	4	10	1696
178	2	1	178	2	2	6	1095
178	2	1	178	2	3	7	1095
178	2	1	178	2	4	11	1095
178	2	2	178	2	3	8	1095
178	2	2	178	2	4	7	1095
178	2	3	178	2	4	6	1095
179	1	1	179	1	2	2	2164
179	1	1	179	1	3	7	2164
179	1	1	179	1	4	7	2164
179	1	2	179	1	3	6	2164
179	1	2	179	1	4	6	2164
179	1	3	179	1	4	4	2164
180	1	1	180	1	2	7	2466
180	1	1	180	1	3	6	2466
180	1	1	180	1	4	7	2466
180	1	2	180	1	3	7	2466
180	1	2	180	1	4	6	2466
180	1	3	180	1	4	1	2466
181	1	1	181	1	2	9	2150
181	1	1	181	1	3	9	2150
181	1	1	181	1	4	8	2150
181	1	2	181	1	3	0	2150
181	1	2	181	1	4	1	2150
181	1	3	181	1	4	1	2150
182	1	1	182	1	2	0	2213
182	1	1	182	1	3	0	2213
182	1	1	182	1	4	0	2213
182	1	2	182	1	3	0	2213
182	1	2	182	1	4	0	2213
182	1	3	182	1	4	0	2213
183	1	1	183	1	2	18	2081
183	1	1	183	1	3	16	2081
183	1	1	183	1	4	19	2081
183	1	2	183	1	3	11	2081
183	1	2	183	1	4	20	2081
183	1	3	183	1	4	23	2081
184	1	1	184	1	2	5	2042
184	1	1	184	1	3	6	2042
184	1	1	184	1	4	4	2042
184	1	2	184	1	3	3	2042
184	1	2	184	1	4	4	2042
184	1	3	184	1	4	5	2042
185	1	1	185	1	2	3	1979
185	1	1	185	1	3	7	1979
185	1	1	185	1	4	8	1979
185	1	2	185	1	3	8	1979
185	1	2	185	1	4	5	1979
185	1	3	185	1	4	7	1979
186	1	1	186	1	2	4	1672
186	1	1	186	1	3	3	1672
186	1	1	186	1	4	4	1672
186	1	2	186	1	3	1	1672
186	1	2	186	1	4	6	1672
186	1	3	186	1	4	5	1672
187	1	1	187	1	2	2	1953
187	1	1	187	1	3	2	1953
187	1	1	187	1	4	3	1953
187	1	2	187	1	3	0	1953
187	1	2	187	1	4	1	1953
187	1	3	187	1	4	1	1953
188	1	1	188	1	2	3	2197
188	1	1	188	1	3	3	2197
188	1	1	188	1	4	2	2197
188	1	2	188	1	3	2	2197
188	1	2	188	1	4	3	2197
188	1	3	188	1	4	1	2197
189	1	1	189	1	2	1	1846
189	1	1	189	1	3	1	1846
189	1	1	189	1	4	2	1846
189	1	2	189	1	3	0	1846
189	1	2	189	1	4	1	1846
189	1	3	189	1	4	1	1846
189	2	1	189	2	2	6	2219
189	2	1	189	2	3	3	2219
189	2	1	189	2	4	8	2219
189	2	2	189	2	3	6	2219
189	2	2	189	2	4	3	2219
189	2	3	189	2	4	5	2219
190	1	1	190	1	2	0	1582
190	1	1	190	1	3	0	1582
190	1	1	190	1	4	5	1582
190	1	2	190	1	3	0	1582
190	1	2	190	1	4	5	1582
190	1	3	190	1	4	5	1582
192	1	1	192	1	2	24	2472
192	1	1	192	1	3	13	2472
192	1	1	192	1	4	16	2472
192	1	2	192	1	3	23	2472
192	1	2	192	1	4	21	2472
192	1	3	192	1	4	24	2472
193	1	1	193	1	2	6	2026
193	1	1	193	1	3	8	2026
193	1	1	193	1	4	7	2026
193	1	2	193	1	3	11	2026
193	1	2	193	1	4	9	2026
193	1	3	193	1	4	7	2026
193	2	1	193	2	2	44	1098
193	2	1	193	2	3	43	1098
193	2	1	193	2	4	46	1098
193	2	2	193	2	3	42	1098
193	2	2	193	2	4	38	1098
193	2	3	193	2	4	51	1098
194	1	1	194	1	2	3	1877
194	1	1	194	1	3	1	1877
194	1	1	194	1	4	2	1877
194	1	2	194	1	3	2	1877
194	1	2	194	1	4	3	1877
194	1	3	194	1	4	1	1877
194	2	1	194	2	2	1	1492
194	2	1	194	2	3	3	1492
194	2	1	194	2	4	2	1492
194	2	2	194	2	3	4	1492
194	2	2	194	2	4	3	1492
194	2	3	194	2	4	1	1492
194	3	1	194	3	2	0	1016
194	3	1	194	3	3	1	1016
194	3	1	194	3	4	1	1016
194	3	2	194	3	3	1	1016
194	3	2	194	3	4	1	1016
194	3	3	194	3	4	0	1016
195	1	1	195	1	2	0	1622
195	1	1	195	1	3	2	1622
195	1	1	195	1	4	2	1622
195	1	2	195	1	3	2	1622
195	1	2	195	1	4	2	1622
195	1	3	195	1	4	1	1622
196	1	1	196	1	2	3	2049
196	1	1	196	1	3	3	2049
196	1	1	196	1	4	3	2049
196	1	2	196	1	3	2	2049
196	1	2	196	1	4	2	2049
196	1	3	196	1	4	2	2049
197	1	1	197	1	2	1	1685
197	1	1	197	1	3	4	1685
197	1	1	197	1	4	6	1685
197	1	2	197	1	3	5	1685
197	1	2	197	1	4	5	1685
197	1	3	197	1	4	2	1685
197	2	1	197	2	2	0	1656
197	2	1	197	2	3	0	1656
197	2	1	197	2	4	4	1656
197	2	2	197	2	3	0	1656
197	2	2	197	2	4	4	1656
197	2	3	197	2	4	4	1656
198	1	1	198	1	2	5	1226
198	1	1	198	1	3	3	1226
198	1	1	198	1	4	5	1226
198	1	2	198	1	3	6	1226
198	1	2	198	1	4	5	1226
198	1	3	198	1	4	4	1226
199	1	1	199	1	2	8	2066
199	1	1	199	1	3	8	2066
199	1	1	199	1	4	5	2066
199	1	2	199	1	3	0	2066
199	1	2	199	1	4	3	2066
199	1	3	199	1	4	3	2066
200	1	1	200	1	2	3	2061
200	1	1	200	1	3	1	2061
200	1	1	200	1	4	4	2061
200	1	2	200	1	3	4	2061
200	1	2	200	1	4	1	2061
200	1	3	200	1	4	3	2061
201	1	1	201	1	2	10	2173
201	1	1	201	1	3	9	2173
201	1	1	201	1	4	7	2173
201	1	2	201	1	3	1	2173
201	1	2	201	1	4	3	2173
201	1	3	201	1	4	2	2173
202	1	1	202	1	2	932	1918
202	1	1	202	1	3	960	1918
202	1	1	202	1	4	954	1918
202	1	2	202	1	3	988	1918
202	1	2	202	1	4	988	1918
202	1	3	202	1	4	952	1918
203	1	1	203	1	2	2	2030
203	1	1	203	1	3	4	2030
203	1	1	203	1	4	5	2030
203	1	2	203	1	3	2	2030
203	1	2	203	1	4	3	2030
203	1	3	203	1	4	1	2030
204	1	1	204	1	2	3	1236
204	1	1	204	1	3	4	1236
204	1	1	204	1	4	6	1236
204	1	2	204	1	3	1	1236
204	1	2	204	1	4	3	1236
204	1	3	204	1	4	2	1236
205	1	1	205	1	2	0	2103
205	1	1	205	1	3	3	2103
205	1	1	205	1	4	3	2103
205	1	2	205	1	3	3	2103
205	1	2	205	1	4	3	2103
205	1	3	205	1	4	0	2103
206	1	1	206	1	2	3	2056
206	1	1	206	1	3	3	2056
206	1	1	206	1	4	3	2056
206	1	2	206	1	3	0	2056
206	1	2	206	1	4	0	2056
206	1	3	206	1	4	0	2056
207	1	1	207	1	2	1	2206
207	1	1	207	1	3	2	2206
207	1	1	207	1	4	6	2206
207	1	2	207	1	3	3	2206
207	1	2	207	1	4	5	2206
207	1	3	207	1	4	4	2206
207	2	1	207	2	2	0	200
207	2	1	207	2	3	0	200
207	2	1	207	2	4	0	200
207	2	2	207	2	3	0	200
207	2	2	207	2	4	0	200
207	2	3	207	2	4	0	200
208	1	1	208	1	2	2	2212
208	1	1	208	1	3	3	2212
208	1	1	208	1	4	4	2212
208	1	2	208	1	3	1	2212
208	1	2	208	1	4	2	2212
208	1	3	208	1	4	1	2212
209	1	1	209	1	2	8	2105
209	1	1	209	1	3	6	2105
209	1	1	209	1	4	9	2105
209	1	2	209	1	3	9	2105
209	1	2	209	1	4	10	2105
209	1	3	209	1	4	5	2105
210	1	1	210	1	2	13	2192
210	1	1	210	1	3	7	2192
210	1	1	210	1	4	7	2192
210	1	2	210	1	3	6	2192
210	1	2	210	1	4	8	2192
210	1	3	210	1	4	6	2192
211	1	1	211	1	2	5	2354
211	1	1	211	1	3	6	2354
211	1	1	211	1	4	11	2354
211	1	2	211	1	3	5	2354
211	1	2	211	1	4	6	2354
211	1	3	211	1	4	7	2354
212	1	1	212	1	2	8	1625
212	1	1	212	1	3	8	1625
212	1	1	212	1	4	9	1625
212	1	2	212	1	3	4	1625
212	1	2	212	1	4	7	1625
212	1	3	212	1	4	7	1625
214	1	1	214	1	2	48	2062
214	1	1	214	1	3	56	2062
214	1	1	214	1	4	53	2062
214	1	2	214	1	3	47	2062
214	1	2	214	1	4	43	2062
214	1	3	214	1	4	50	2062
215	1	1	215	1	2	325	2469
215	1	1	215	1	3	334	2469
215	1	1	215	1	4	335	2469
215	1	2	215	1	3	340	2469
215	1	2	215	1	4	338	2469
215	1	3	215	1	4	334	2469
215	2	1	215	2	2	2	976
215	2	1	215	2	3	3	976
215	2	1	215	2	4	3	976
215	2	2	215	2	3	1	976
215	2	2	215	2	4	1	976
215	2	3	215	2	4	0	976
216	1	1	216	1	2	18	1988
216	1	1	216	1	3	10	1988
216	1	1	216	1	4	10	1988
216	1	2	216	1	3	18	1988
216	1	2	216	1	4	16	1988
216	1	3	216	1	4	2	1988
218	1	1	218	1	2	3	2158
218	1	1	218	1	3	3	2158
218	1	1	218	1	4	3	2158
218	1	2	218	1	3	4	2158
218	1	2	218	1	4	2	2158
218	1	3	218	1	4	2	2158
219	1	1	219	1	2	15	2155
219	1	1	219	1	3	13	2155
219	1	1	219	1	4	13	2155
219	1	2	219	1	3	10	2155
219	1	2	219	1	4	12	2155
219	1	3	219	1	4	15	2155
220	1	1	220	1	2	4	2001
220	1	1	220	1	3	4	2001
220	1	1	220	1	4	4	2001
220	1	2	220	1	3	0	2001
220	1	2	220	1	4	3	2001
220	1	3	220	1	4	3	2001
221	1	1	221	1	2	1	2311
221	1	1	221	1	3	1	2311
221	1	1	221	1	4	1	2311
221	1	2	221	1	3	0	2311
221	1	2	221	1	4	0	2311
221	1	3	221	1	4	0	2311
222	1	1	222	1	2	0	2111
222	1	1	222	1	3	0	2111
222	1	1	222	1	4	5	2111
222	1	2	222	1	3	0	2111
222	1	2	222	1	4	5	2111
222	1	3	222	1	4	5	2111
224	1	1	224	1	2	18	1840
224	1	1	224	1	3	18	1840
224	1	1	224	1	4	11	1840
224	1	2	224	1	3	17	1840
224	1	2	224	1	4	24	1840
224	1	3	224	1	4	18	1840
225	1	1	225	1	2	2	2206
225	1	1	225	1	3	3	2206
225	1	1	225	1	4	3	2206
225	1	2	225	1	3	3	2206
225	1	2	225	1	4	3	2206
225	1	3	225	1	4	0	2206
226	1	1	226	1	2	2	2046
226	1	1	226	1	3	5	2046
226	1	1	226	1	4	4	2046
226	1	2	226	1	3	3	2046
226	1	2	226	1	4	6	2046
226	1	3	226	1	4	3	2046
227	1	1	227	1	2	2	2155
227	1	1	227	1	3	5	2155
227	1	1	227	1	4	3	2155
227	1	2	227	1	3	7	2155
227	1	2	227	1	4	1	2155
227	1	3	227	1	4	6	2155
228	1	1	228	1	2	14	2151
228	1	1	228	1	3	12	2151
228	1	1	228	1	4	5	2151
228	1	2	228	1	3	6	2151
228	1	2	228	1	4	11	2151
228	1	3	228	1	4	9	2151
228	2	1	228	2	2	1	1396
228	2	1	228	2	3	1	1396
228	2	1	228	2	4	6	1396
228	2	2	228	2	3	0	1396
228	2	2	228	2	4	5	1396
228	2	3	228	2	4	5	1396
229	1	1	229	1	2	9	2320
229	1	1	229	1	3	9	2320
229	1	1	229	1	4	9	2320
229	1	2	229	1	3	6	2320
229	1	2	229	1	4	5	2320
229	1	3	229	1	4	6	2320
230	1	1	230	1	2	10	1973
230	1	1	230	1	3	17	1973
230	1	1	230	1	4	20	1973
230	1	2	230	1	3	19	1973
230	1	2	230	1	4	18	1973
230	1	3	230	1	4	19	1973
231	1	1	231	1	2	8	1523
231	1	1	231	1	3	8	1523
231	1	1	231	1	4	9	1523
231	1	2	231	1	3	2	1523
231	1	2	231	1	4	5	1523
231	1	3	231	1	4	5	1523
231	2	1	231	2	2	0	907
231	2	1	231	2	3	0	907
231	2	1	231	2	4	0	907
231	2	2	231	2	3	0	907
231	2	2	231	2	4	0	907
231	2	3	231	2	4	0	907
232	1	1	232	1	2	3	2146
232	1	1	232	1	3	4	2146
232	1	1	232	1	4	4	2146
232	1	2	232	1	3	5	2146
232	1	2	232	1	4	3	2146
232	1	3	232	1	4	2	2146
233	1	1	233	1	2	48	1400
233	1	1	233	1	3	44	1400
233	1	1	233	1	4	37	1400
233	1	2	233	1	3	36	1400
233	1	2	233	1	4	34	1400
233	1	3	233	1	4	37	1400
234	1	1	234	1	2	8	2380
234	1	1	234	1	3	8	2380
234	1	1	234	1	4	8	2380
234	1	2	234	1	3	0	2380
234	1	2	234	1	4	0	2380
234	1	3	234	1	4	0	2380
236	1	1	236	1	2	1	2179
236	1	1	236	1	3	6	2179
236	1	1	236	1	4	7	2179
236	1	2	236	1	3	7	2179
236	1	2	236	1	4	8	2179
236	1	3	236	1	4	3	2179
238	1	1	238	1	2	5	2265
238	1	1	238	1	3	5	2265
238	1	1	238	1	4	6	2265
238	1	2	238	1	3	4	2265
238	1	2	238	1	4	3	2265
238	1	3	238	1	4	3	2265
239	1	1	239	1	2	4	2334
239	1	1	239	1	3	5	2334
239	1	1	239	1	4	4	2334
239	1	2	239	1	3	7	2334
239	1	2	239	1	4	7	2334
239	1	3	239	1	4	4	2334
240	1	1	240	1	2	2	2401
240	1	1	240	1	3	2	2401
240	1	1	240	1	4	7	2401
240	1	2	240	1	3	0	2401
240	1	2	240	1	4	5	2401
240	1	3	240	1	4	5	2401
241	1	1	241	1	2	0	1978
241	1	1	241	1	3	1	1978
241	1	1	241	1	4	4	1978
241	1	2	241	1	3	1	1978
241	1	2	241	1	4	4	1978
241	1	3	241	1	4	5	1978
242	1	1	242	1	2	8	2189
242	1	1	242	1	3	8	2189
242	1	1	242	1	4	1	2189
242	1	2	242	1	3	0	2189
242	1	2	242	1	4	7	2189
242	1	3	242	1	4	7	2189
243	1	1	243	1	2	0	1923
243	1	1	243	1	3	0	1923
243	1	1	243	1	4	0	1923
243	1	2	243	1	3	0	1923
243	1	2	243	1	4	0	1923
243	1	3	243	1	4	0	1923
243	2	1	243	2	2	5	1784
243	2	1	243	2	3	8	1784
243	2	1	243	2	4	8	1784
243	2	2	243	2	3	7	1784
243	2	2	243	2	4	7	1784
243	2	3	243	2	4	0	1784
243	3	1	243	3	2	3	1034
243	3	1	243	3	3	2	1034
243	3	1	243	3	4	2	1034
243	3	2	243	3	3	1	1034
243	3	2	243	3	4	1	1034
243	3	3	243	3	4	0	1034
243	4	1	243	4	2	0	688
243	4	1	243	4	3	2	688
243	4	1	243	4	4	2	688
243	4	2	243	4	3	2	688
243	4	2	243	4	4	2	688
243	4	3	243	4	4	0	688
244	1	1	244	1	2	328	2569
244	1	1	244	1	3	333	2569
244	1	1	244	1	4	311	2569
244	1	2	244	1	3	309	2569
244	1	2	244	1	4	324	2569
244	1	3	244	1	4	320	2569
245	1	1	245	1	2	0	2030
245	1	1	245	1	3	1	2030
245	1	1	245	1	4	2	2030
245	1	2	245	1	3	1	2030
245	1	2	245	1	4	2	2030
245	1	3	245	1	4	3	2030
245	2	1	245	2	2	11	2711
245	2	1	245	2	3	10	2711
245	2	1	245	2	4	9	2711
245	2	2	245	2	3	9	2711
245	2	2	245	2	4	10	2711
245	2	3	245	2	4	9	2711
247	1	1	247	1	2	13	1989
247	1	1	247	1	3	15	1989
247	1	1	247	1	4	13	1989
247	1	2	247	1	3	11	1989
247	1	2	247	1	4	14	1989
247	1	3	247	1	4	12	1989
250	1	1	250	1	2	42	2764
250	1	1	250	1	3	42	2764
250	1	1	250	1	4	49	2764
250	1	2	250	1	3	41	2764
250	1	2	250	1	4	41	2764
250	1	3	250	1	4	40	2764
251	1	1	251	1	2	2	2438
251	1	1	251	1	3	2	2438
251	1	1	251	1	4	5	2438
251	1	2	251	1	3	3	2438
251	1	2	251	1	4	3	2438
251	1	3	251	1	4	6	2438
252	1	1	252	1	2	26	2156
252	1	1	252	1	3	24	2156
252	1	1	252	1	4	28	2156
252	1	2	252	1	3	31	2156
252	1	2	252	1	4	30	2156
252	1	3	252	1	4	26	2156
253	1	1	253	1	2	1	1486
253	1	1	253	1	3	1	1486
253	1	1	253	1	4	5	1486
253	1	2	253	1	3	2	1486
253	1	2	253	1	4	4	1486
253	1	3	253	1	4	6	1486
254	1	1	254	1	2	8	2330
254	1	1	254	1	3	9	2330
254	1	1	254	1	4	4	2330
254	1	2	254	1	3	1	2330
254	1	2	254	1	4	6	2330
254	1	3	254	1	4	5	2330
257	1	1	257	1	2	21	1314
257	1	1	257	1	3	26	1314
257	1	1	257	1	4	21	1314
257	1	2	257	1	3	16	1314
257	1	2	257	1	4	20	1314
257	1	3	257	1	4	19	1314
259	1	1	259	1	2	8	2191
259	1	1	259	1	3	9	2191
259	1	1	259	1	4	20	2191
259	1	2	259	1	3	5	2191
259	1	2	259	1	4	14	2191
259	1	3	259	1	4	13	2191
260	1	1	260	1	2	4	2097
260	1	1	260	1	3	2	2097
260	1	1	260	1	4	5	2097
260	1	2	260	1	3	2	2097
260	1	2	260	1	4	5	2097
260	1	3	260	1	4	3	2097
261	1	1	261	1	2	629	2775
261	1	1	261	1	3	623	2775
261	1	1	261	1	4	640	2775
261	1	2	261	1	3	622	2775
261	1	2	261	1	4	630	2775
261	1	3	261	1	4	619	2775
264	1	1	264	1	2	0	1608
264	1	1	264	1	3	0	1608
264	1	1	264	1	4	1	1608
264	1	2	264	1	3	0	1608
264	1	2	264	1	4	1	1608
264	1	3	264	1	4	1	1608
265	1	1	265	1	2	7	1738
265	1	1	265	1	3	11	1738
265	1	1	265	1	4	5	1738
265	1	2	265	1	3	4	1738
265	1	2	265	1	4	10	1738
265	1	3	265	1	4	6	1738
266	1	1	266	1	2	9	1349
266	1	1	266	1	3	18	1349
266	1	1	266	1	4	11	1349
266	1	2	266	1	3	11	1349
266	1	2	266	1	4	12	1349
266	1	3	266	1	4	12	1349
267	1	1	267	1	2	3	2505
267	1	1	267	1	3	2	2505
267	1	1	267	1	4	3	2505
267	1	2	267	1	3	2	2505
267	1	2	267	1	4	3	2505
267	1	3	267	1	4	1	2505
268	1	1	268	1	2	58	1886
268	1	1	268	1	3	49	1886
268	1	1	268	1	4	69	1886
268	1	2	268	1	3	57	1886
268	1	2	268	1	4	62	1886
268	1	3	268	1	4	60	1886
269	1	1	269	1	2	50	2449
269	1	1	269	1	3	37	2449
269	1	1	269	1	4	44	2449
269	1	2	269	1	3	43	2449
269	1	2	269	1	4	38	2449
269	1	3	269	1	4	38	2449
269	2	1	269	2	2	0	1856
269	2	1	269	2	3	0	1856
269	2	1	269	2	4	0	1856
269	2	2	269	2	3	0	1856
269	2	2	269	2	4	0	1856
269	2	3	269	2	4	0	1856
269	3	1	269	3	2	0	1256
269	3	1	269	3	3	0	1256
269	3	1	269	3	4	0	1256
269	3	2	269	3	3	0	1256
269	3	2	269	3	4	0	1256
269	3	3	269	3	4	0	1256
270	1	1	270	1	2	24	1745
270	1	1	270	1	3	27	1745
270	1	1	270	1	4	27	1745
270	1	2	270	1	3	12	1745
270	1	2	270	1	4	15	1745
270	1	3	270	1	4	19	1745
271	1	1	271	1	2	449	1661
271	1	1	271	1	3	441	1661
271	1	1	271	1	4	455	1661
271	1	2	271	1	3	441	1661
271	1	2	271	1	4	445	1661
271	1	3	271	1	4	452	1661
271	2	1	271	2	2	13	2123
271	2	1	271	2	3	9	2123
271	2	1	271	2	4	12	2123
271	2	2	271	2	3	14	2123
271	2	2	271	2	4	13	2123
271	2	3	271	2	4	14	2123
271	3	1	271	3	2	0	1108
271	3	1	271	3	3	0	1108
271	3	1	271	3	4	1	1108
271	3	2	271	3	3	0	1108
271	3	2	271	3	4	1	1108
271	3	3	271	3	4	1	1108
271	4	1	271	4	2	0	1123
271	4	1	271	4	3	0	1123
271	4	1	271	4	4	2	1123
271	4	2	271	4	3	0	1123
271	4	2	271	4	4	2	1123
271	4	3	271	4	4	2	1123
271	5	1	271	5	2	0	736
271	5	1	271	5	3	0	736
271	5	1	271	5	4	0	736
271	5	2	271	5	3	0	736
271	5	2	271	5	4	0	736
271	5	3	271	5	4	0	736
271	6	1	271	6	2	4	875
271	6	1	271	6	3	5	875
271	6	1	271	6	4	6	875
271	6	2	271	6	3	2	875
271	6	2	271	6	4	2	875
271	6	3	271	6	4	2	875
271	7	1	271	7	2	0	1077
271	7	1	271	7	3	0	1077
271	7	1	271	7	4	0	1077
271	7	2	271	7	3	0	1077
271	7	2	271	7	4	0	1077
271	7	3	271	7	4	0	1077
271	8	1	271	8	2	0	392
271	8	1	271	8	3	0	392
271	8	1	271	8	4	0	392
271	8	2	271	8	3	0	392
271	8	2	271	8	4	0	392
271	8	3	271	8	4	0	392
272	1	1	272	1	2	21	1952
272	1	1	272	1	3	21	1952
272	1	1	272	1	4	20	1952
272	1	2	272	1	3	14	1952
272	1	2	272	1	4	20	1952
272	1	3	272	1	4	14	1952
273	1	1	273	1	2	13	2124
273	1	1	273	1	3	11	2124
273	1	1	273	1	4	15	2124
273	1	2	273	1	3	8	2124
273	1	2	273	1	4	4	2124
273	1	3	273	1	4	10	2124
274	1	1	274	1	2	86	1742
274	1	1	274	1	3	92	1742
274	1	1	274	1	4	100	1742
274	1	2	274	1	3	103	1742
274	1	2	274	1	4	91	1742
274	1	3	274	1	4	79	1742
275	1	1	275	1	2	33	1681
275	1	1	275	1	3	32	1681
275	1	1	275	1	4	30	1681
275	1	2	275	1	3	34	1681
275	1	2	275	1	4	32	1681
275	1	3	275	1	4	29	1681
276	1	1	276	1	2	5	2061
276	1	1	276	1	3	14	2061
276	1	1	276	1	4	15	2061
276	1	2	276	1	3	11	2061
276	1	2	276	1	4	14	2061
276	1	3	276	1	4	13	2061
277	1	1	277	1	2	18	1499
277	1	1	277	1	3	8	1499
277	1	1	277	1	4	11	1499
277	1	2	277	1	3	16	1499
277	1	2	277	1	4	15	1499
277	1	3	277	1	4	9	1499
278	1	1	278	1	2	0	2068
278	1	1	278	1	3	3	2068
278	1	1	278	1	4	3	2068
278	1	2	278	1	3	3	2068
278	1	2	278	1	4	3	2068
278	1	3	278	1	4	2	2068
279	1	1	279	1	2	1	2253
279	1	1	279	1	3	3	2253
279	1	1	279	1	4	6	2253
279	1	2	279	1	3	2	2253
279	1	2	279	1	4	5	2253
279	1	3	279	1	4	3	2253
280	1	1	280	1	2	4	1335
280	1	1	280	1	3	3	1335
280	1	1	280	1	4	5	1335
280	1	2	280	1	3	3	1335
280	1	2	280	1	4	3	1335
280	1	3	280	1	4	2	1335
281	1	1	281	1	2	9	2048
281	1	1	281	1	3	2	2048
281	1	1	281	1	4	13	2048
281	1	2	281	1	3	11	2048
281	1	2	281	1	4	4	2048
281	1	3	281	1	4	11	2048
282	1	1	282	1	2	3	1630
282	1	1	282	1	3	5	1630
282	1	1	282	1	4	2	1630
282	1	2	282	1	3	6	1630
282	1	2	282	1	4	5	1630
282	1	3	282	1	4	5	1630
283	1	1	283	1	2	4	2133
283	1	1	283	1	3	10	2133
283	1	1	283	1	4	11	2133
283	1	2	283	1	3	6	2133
283	1	2	283	1	4	11	2133
283	1	3	283	1	4	7	2133
284	1	1	284	1	2	4	2143
284	1	1	284	1	3	5	2143
284	1	1	284	1	4	2	2143
284	1	2	284	1	3	1	2143
284	1	2	284	1	4	4	2143
284	1	3	284	1	4	5	2143
285	1	1	285	1	2	2	1909
285	1	1	285	1	3	12	1909
285	1	1	285	1	4	9	1909
285	1	2	285	1	3	10	1909
285	1	2	285	1	4	11	1909
285	1	3	285	1	4	17	1909
285	2	1	285	2	2	5	1263
285	2	1	285	2	3	6	1263
285	2	1	285	2	4	5	1263
285	2	2	285	2	3	3	1263
285	2	2	285	2	4	4	1263
285	2	3	285	2	4	3	1263
286	1	1	286	1	2	1	1373
286	1	1	286	1	3	1	1373
286	1	1	286	1	4	1	1373
286	1	2	286	1	3	0	1373
286	1	2	286	1	4	0	1373
286	1	3	286	1	4	0	1373
286	2	1	286	2	2	0	901
286	2	1	286	2	3	1	901
286	2	1	286	2	4	1	901
286	2	2	286	2	3	1	901
286	2	2	286	2	4	1	901
286	2	3	286	2	4	2	901
287	1	1	287	1	2	1	2013
287	1	1	287	1	3	2	2013
287	1	1	287	1	4	1	2013
287	1	2	287	1	3	3	2013
287	1	2	287	1	4	2	2013
287	1	3	287	1	4	1	2013
288	1	1	288	1	2	10	2460
288	1	1	288	1	3	5	2460
288	1	1	288	1	4	6	2460
288	1	2	288	1	3	12	2460
288	1	2	288	1	4	10	2460
288	1	3	288	1	4	5	2460
289	1	1	289	1	2	8	2274
289	1	1	289	1	3	12	2274
289	1	1	289	1	4	15	2274
289	1	2	289	1	3	12	2274
289	1	2	289	1	4	11	2274
289	1	3	289	1	4	15	2274
289	2	1	289	2	2	0	1364
289	2	1	289	2	3	0	1364
289	2	1	289	2	4	0	1364
289	2	2	289	2	3	0	1364
289	2	2	289	2	4	0	1364
289	2	3	289	2	4	0	1364
290	1	1	290	1	2	8	2096
290	1	1	290	1	3	4	2096
290	1	1	290	1	4	14	2096
290	1	2	290	1	3	6	2096
290	1	2	290	1	4	12	2096
290	1	3	290	1	4	12	2096
291	1	1	291	1	2	1	1632
291	1	1	291	1	3	1	1632
291	1	1	291	1	4	1	1632
291	1	2	291	1	3	2	1632
291	1	2	291	1	4	2	1632
291	1	3	291	1	4	0	1632
292	1	1	292	1	2	15	1437
292	1	1	292	1	3	12	1437
292	1	1	292	1	4	14	1437
292	1	2	292	1	3	7	1437
292	1	2	292	1	4	12	1437
292	1	3	292	1	4	10	1437
293	1	1	293	1	2	2	1515
293	1	1	293	1	3	3	1515
293	1	1	293	1	4	3	1515
293	1	2	293	1	3	1	1515
293	1	2	293	1	4	1	1515
293	1	3	293	1	4	2	1515
294	1	1	294	1	2	10	1992
294	1	1	294	1	3	9	1992
294	1	1	294	1	4	5	1992
294	1	2	294	1	3	6	1992
294	1	2	294	1	4	10	1992
294	1	3	294	1	4	10	1992
294	2	1	294	2	2	12	1766
294	2	1	294	2	3	15	1766
294	2	1	294	2	4	13	1766
294	2	2	294	2	3	19	1766
294	2	2	294	2	4	12	1766
294	2	3	294	2	4	15	1766
294	3	1	294	3	2	0	412
294	3	1	294	3	3	0	412
294	3	1	294	3	4	0	412
294	3	2	294	3	3	0	412
294	3	2	294	3	4	0	412
294	3	3	294	3	4	0	412
295	1	1	295	1	2	0	2336
295	1	1	295	1	3	1	2336
295	1	1	295	1	4	3	2336
295	1	2	295	1	3	1	2336
295	1	2	295	1	4	3	2336
295	1	3	295	1	4	2	2336
296	1	1	296	1	2	741	2352
296	1	1	296	1	3	757	2352
296	1	1	296	1	4	750	2352
296	1	2	296	1	3	751	2352
296	1	2	296	1	4	750	2352
296	1	3	296	1	4	740	2352
297	1	1	297	1	2	9	1844
297	1	1	297	1	3	7	1844
297	1	1	297	1	4	9	1844
297	1	2	297	1	3	9	1844
297	1	2	297	1	4	10	1844
297	1	3	297	1	4	6	1844
298	1	1	298	1	2	127	2491
298	1	1	298	1	3	156	2491
298	1	1	298	1	4	126	2491
298	1	2	298	1	3	116	2491
298	1	2	298	1	4	130	2491
298	1	3	298	1	4	132	2491
298	2	1	298	2	2	0	1035
298	2	1	298	2	3	0	1035
298	2	1	298	2	4	0	1035
298	2	2	298	2	3	0	1035
298	2	2	298	2	4	0	1035
298	2	3	298	2	4	0	1035
299	1	1	299	1	2	0	2050
299	1	1	299	1	3	8	2050
299	1	1	299	1	4	9	2050
299	1	2	299	1	3	8	2050
299	1	2	299	1	4	9	2050
299	1	3	299	1	4	1	2050
299	2	1	299	2	2	5	2084
299	2	1	299	2	3	9	2084
299	2	1	299	2	4	6	2084
299	2	2	299	2	3	8	2084
299	2	2	299	2	4	3	2084
299	2	3	299	2	4	5	2084
300	1	1	300	1	2	9	2196
300	1	1	300	1	3	3	2196
300	1	1	300	1	4	8	2196
300	1	2	300	1	3	8	2196
300	1	2	300	1	4	9	2196
300	1	3	300	1	4	11	2196
301	1	1	301	1	2	2	2233
301	1	1	301	1	3	2	2233
301	1	1	301	1	4	5	2233
301	1	2	301	1	3	2	2233
301	1	2	301	1	4	3	2233
301	1	3	301	1	4	5	2233
301	2	1	301	2	2	5	1884
301	2	1	301	2	3	5	1884
301	2	1	301	2	4	8	1884
301	2	2	301	2	3	6	1884
301	2	2	301	2	4	11	1884
301	2	3	301	2	4	7	1884
301	3	1	301	3	2	3	1522
301	3	1	301	3	3	3	1522
301	3	1	301	3	4	3	1522
301	3	2	301	3	3	4	1522
301	3	2	301	3	4	4	1522
301	3	3	301	3	4	2	1522
302	1	1	302	1	2	10	1528
302	1	1	302	1	3	10	1528
302	1	1	302	1	4	9	1528
302	1	2	302	1	3	10	1528
302	1	2	302	1	4	7	1528
302	1	3	302	1	4	13	1528
303	1	1	303	1	2	88	2785
303	1	1	303	1	3	109	2785
303	1	1	303	1	4	88	2785
303	1	2	303	1	3	104	2785
303	1	2	303	1	4	117	2785
303	1	3	303	1	4	106	2785
304	1	1	304	1	2	3	1621
304	1	1	304	1	3	9	1621
304	1	1	304	1	4	6	1621
304	1	2	304	1	3	6	1621
304	1	2	304	1	4	5	1621
304	1	3	304	1	4	3	1621
304	2	1	304	2	2	1	1489
304	2	1	304	2	3	1	1489
304	2	1	304	2	4	1	1489
304	2	2	304	2	3	0	1489
304	2	2	304	2	4	0	1489
304	2	3	304	2	4	0	1489
304	3	1	304	3	2	0	833
304	3	1	304	3	3	0	833
304	3	1	304	3	4	0	833
304	3	2	304	3	3	0	833
304	3	2	304	3	4	0	833
304	3	3	304	3	4	0	833
305	1	1	305	1	2	26	2109
305	1	1	305	1	3	19	2109
305	1	1	305	1	4	19	2109
305	1	2	305	1	3	19	2109
305	1	2	305	1	4	19	2109
305	1	3	305	1	4	27	2109
306	1	1	306	1	2	14	2248
306	1	1	306	1	3	9	2248
306	1	1	306	1	4	8	2248
306	1	2	306	1	3	16	2248
306	1	2	306	1	4	14	2248
306	1	3	306	1	4	12	2248
307	1	1	307	1	2	4	1813
307	1	1	307	1	3	11	1813
307	1	1	307	1	4	15	1813
307	1	2	307	1	3	10	1813
307	1	2	307	1	4	14	1813
307	1	3	307	1	4	11	1813
307	2	1	307	2	2	0	1108
307	2	1	307	2	3	0	1108
307	2	1	307	2	4	3	1108
307	2	2	307	2	3	0	1108
307	2	2	307	2	4	3	1108
307	2	3	307	2	4	3	1108
309	1	1	309	1	2	2	2176
309	1	1	309	1	3	2	2176
309	1	1	309	1	4	4	2176
309	1	2	309	1	3	0	2176
309	1	2	309	1	4	2	2176
309	1	3	309	1	4	2	2176
309	2	1	309	2	2	0	1247
309	2	1	309	2	3	0	1247
309	2	1	309	2	4	0	1247
309	2	2	309	2	3	0	1247
309	2	2	309	2	4	0	1247
309	2	3	309	2	4	0	1247
309	3	1	309	3	2	2	577
309	3	1	309	3	3	2	577
309	3	1	309	3	4	2	577
309	3	2	309	3	3	0	577
309	3	2	309	3	4	0	577
309	3	3	309	3	4	0	577
309	4	1	309	4	2	0	251
309	4	1	309	4	3	0	251
309	4	1	309	4	4	0	251
309	4	2	309	4	3	0	251
309	4	2	309	4	4	0	251
309	4	3	309	4	4	0	251
311	1	1	311	1	2	18	2327
311	1	1	311	1	3	70	2327
311	1	1	311	1	4	82	2327
311	1	2	311	1	3	62	2327
311	1	2	311	1	4	88	2327
311	1	3	311	1	4	69	2327
312	1	1	312	1	2	164	1821
312	1	1	312	1	3	163	1821
312	1	1	312	1	4	150	1821
312	1	2	312	1	3	163	1821
312	1	2	312	1	4	155	1821
312	1	3	312	1	4	153	1821
313	1	1	313	1	2	13	2064
313	1	1	313	1	3	15	2064
313	1	1	313	1	4	19	2064
313	1	2	313	1	3	10	2064
313	1	2	313	1	4	13	2064
313	1	3	313	1	4	11	2064
314	1	1	314	1	2	24	2203
314	1	1	314	1	3	24	2203
314	1	1	314	1	4	27	2203
314	1	2	314	1	3	20	2203
314	1	2	314	1	4	21	2203
314	1	3	314	1	4	22	2203
315	1	1	315	1	2	26	1683
315	1	1	315	1	3	23	1683
315	1	1	315	1	4	17	1683
315	1	2	315	1	3	27	1683
315	1	2	315	1	4	23	1683
315	1	3	315	1	4	29	1683
316	1	1	316	1	2	0	1987
316	1	1	316	1	3	3	1987
316	1	1	316	1	4	3	1987
316	1	2	316	1	3	3	1987
316	1	2	316	1	4	3	1987
316	1	3	316	1	4	4	1987
316	2	1	316	2	2	1	870
316	2	1	316	2	3	1	870
316	2	1	316	2	4	2	870
316	2	2	316	2	3	0	870
316	2	2	316	2	4	1	870
316	2	3	316	2	4	1	870
318	1	1	318	1	2	0	1810
318	1	1	318	1	3	0	1810
318	1	1	318	1	4	5	1810
318	1	2	318	1	3	0	1810
318	1	2	318	1	4	5	1810
318	1	3	318	1	4	5	1810
318	2	1	318	2	2	1	1495
318	2	1	318	2	3	3	1495
318	2	1	318	2	4	3	1495
318	2	2	318	2	3	3	1495
318	2	2	318	2	4	3	1495
318	2	3	318	2	4	0	1495
319	1	1	319	1	2	7	2348
319	1	1	319	1	3	6	2348
319	1	1	319	1	4	5	2348
319	1	2	319	1	3	9	2348
319	1	2	319	1	4	10	2348
319	1	3	319	1	4	4	2348
320	1	1	320	1	2	14	1332
320	1	1	320	1	3	8	1332
320	1	1	320	1	4	11	1332
320	1	2	320	1	3	12	1332
320	1	2	320	1	4	11	1332
320	1	3	320	1	4	11	1332
321	1	1	321	1	2	11	1993
321	1	1	321	1	3	15	1993
321	1	1	321	1	4	10	1993
321	1	2	321	1	3	6	1993
321	1	2	321	1	4	7	1993
321	1	3	321	1	4	11	1993
322	1	1	322	1	2	2	1038
322	1	1	322	1	3	2	1038
322	1	1	322	1	4	2	1038
322	1	2	322	1	3	0	1038
322	1	2	322	1	4	2	1038
322	1	3	322	1	4	2	1038
323	1	1	323	1	2	5	1515
323	1	1	323	1	3	4	1515
323	1	1	323	1	4	6	1515
323	1	2	323	1	3	6	1515
323	1	2	323	1	4	1	1515
323	1	3	323	1	4	7	1515
324	1	1	324	1	2	13	1414
324	1	1	324	1	3	4	1414
324	1	1	324	1	4	10	1414
324	1	2	324	1	3	14	1414
324	1	2	324	1	4	11	1414
324	1	3	324	1	4	6	1414
325	1	1	325	1	2	5	2163
325	1	1	325	1	3	5	2163
325	1	1	325	1	4	6	2163
325	1	2	325	1	3	0	2163
325	1	2	325	1	4	5	2163
325	1	3	325	1	4	5	2163
326	1	1	326	1	2	6	2114
326	1	1	326	1	3	11	2114
326	1	1	326	1	4	8	2114
326	1	2	326	1	3	5	2114
326	1	2	326	1	4	6	2114
326	1	3	326	1	4	3	2114
327	1	1	327	1	2	1	2381
327	1	1	327	1	3	3	2381
327	1	1	327	1	4	3	2381
327	1	2	327	1	3	2	2381
327	1	2	327	1	4	2	2381
327	1	3	327	1	4	3	2381
328	1	1	328	1	2	3	1771
328	1	1	328	1	3	3	1771
328	1	1	328	1	4	4	1771
328	1	2	328	1	3	0	1771
328	1	2	328	1	4	7	1771
328	1	3	328	1	4	7	1771
328	2	1	328	2	2	1	1338
328	2	1	328	2	3	1	1338
328	2	1	328	2	4	4	1338
328	2	2	328	2	3	0	1338
328	2	2	328	2	4	5	1338
328	2	3	328	2	4	5	1338
328	3	1	328	3	2	0	1017
328	3	1	328	3	3	0	1017
328	3	1	328	3	4	0	1017
328	3	2	328	3	3	0	1017
328	3	2	328	3	4	0	1017
328	3	3	328	3	4	0	1017
330	1	1	330	1	2	5	1969
330	1	1	330	1	3	4	1969
330	1	1	330	1	4	4	1969
330	1	2	330	1	3	1	1969
330	1	2	330	1	4	1	1969
330	1	3	330	1	4	0	1969
333	1	1	333	1	2	0	2102
333	1	1	333	1	3	3	2102
333	1	1	333	1	4	3	2102
333	1	2	333	1	3	3	2102
333	1	2	333	1	4	3	2102
333	1	3	333	1	4	2	2102
334	1	1	334	1	2	7	2145
334	1	1	334	1	3	1	2145
334	1	1	334	1	4	1	2145
334	1	2	334	1	3	6	2145
334	1	2	334	1	4	6	2145
334	1	3	334	1	4	0	2145
335	1	1	335	1	2	24	2097
335	1	1	335	1	3	9	2097
335	1	1	335	1	4	23	2097
335	1	2	335	1	3	19	2097
335	1	2	335	1	4	7	2097
335	1	3	335	1	4	14	2097
335	2	1	335	2	2	0	1857
335	2	1	335	2	3	0	1857
335	2	1	335	2	4	0	1857
335	2	2	335	2	3	0	1857
335	2	2	335	2	4	0	1857
335	2	3	335	2	4	0	1857
337	1	1	337	1	2	6	1942
337	1	1	337	1	3	5	1942
337	1	1	337	1	4	8	1942
337	1	2	337	1	3	2	1942
337	1	2	337	1	4	8	1942
337	1	3	337	1	4	9	1942
338	1	1	338	1	2	3	2173
338	1	1	338	1	3	3	2173
338	1	1	338	1	4	3	2173
338	1	2	338	1	3	2	2173
338	1	2	338	1	4	2	2173
338	1	3	338	1	4	0	2173
339	1	1	339	1	2	6	2205
339	1	1	339	1	3	8	2205
339	1	1	339	1	4	10	2205
339	1	2	339	1	3	7	2205
339	1	2	339	1	4	9	2205
339	1	3	339	1	4	3	2205
339	2	1	339	2	2	1	853
339	2	1	339	2	3	7	853
339	2	1	339	2	4	7	853
339	2	2	339	2	3	6	853
339	2	2	339	2	4	6	853
339	2	3	339	2	4	0	853
340	1	1	340	1	2	2	1313
340	1	1	340	1	3	3	1313
340	1	1	340	1	4	6	1313
340	1	2	340	1	3	1	1313
340	1	2	340	1	4	6	1313
340	1	3	340	1	4	5	1313
340	2	1	340	2	2	2	1298
340	2	1	340	2	3	2	1298
340	2	1	340	2	4	4	1298
340	2	2	340	2	3	2	1298
340	2	2	340	2	4	4	1298
340	2	3	340	2	4	2	1298
341	1	1	341	1	2	23	1689
341	1	1	341	1	3	11	1689
341	1	1	341	1	4	19	1689
341	1	2	341	1	3	13	1689
341	1	2	341	1	4	19	1689
341	1	3	341	1	4	22	1689
342	1	1	342	1	2	2	2263
342	1	1	342	1	3	3	2263
342	1	1	342	1	4	3	2263
342	1	2	342	1	3	3	2263
342	1	2	342	1	4	3	2263
342	1	3	342	1	4	0	2263
344	1	1	344	1	2	14	1838
344	1	1	344	1	3	19	1838
344	1	1	344	1	4	22	1838
344	1	2	344	1	3	16	1838
344	1	2	344	1	4	23	1838
344	1	3	344	1	4	19	1838
345	1	1	345	1	2	4	2200
345	1	1	345	1	3	5	2200
345	1	1	345	1	4	5	2200
345	1	2	345	1	3	3	2200
345	1	2	345	1	4	3	2200
345	1	3	345	1	4	4	2200
346	1	1	346	1	2	24	1937
346	1	1	346	1	3	27	1937
346	1	1	346	1	4	24	1937
346	1	2	346	1	3	9	1937
346	1	2	346	1	4	24	1937
346	1	3	346	1	4	25	1937
347	1	1	347	1	2	7	2111
347	1	1	347	1	3	14	2111
347	1	1	347	1	4	10	2111
347	1	2	347	1	3	9	2111
347	1	2	347	1	4	6	2111
347	1	3	347	1	4	11	2111
348	1	1	348	1	2	3	1738
348	1	1	348	1	3	3	1738
348	1	1	348	1	4	8	1738
348	1	2	348	1	3	0	1738
348	1	2	348	1	4	9	1738
348	1	3	348	1	4	9	1738
348	2	1	348	2	2	38	1517
348	2	1	348	2	3	46	1517
348	2	1	348	2	4	35	1517
348	2	2	348	2	3	34	1517
348	2	2	348	2	4	38	1517
348	2	3	348	2	4	30	1517
349	1	1	349	1	2	17	2056
349	1	1	349	1	3	35	2056
349	1	1	349	1	4	23	2056
349	1	2	349	1	3	21	2056
349	1	2	349	1	4	30	2056
349	1	3	349	1	4	22	2056
350	1	1	350	1	2	1	1282
350	1	1	350	1	3	6	1282
350	1	1	350	1	4	2	1282
350	1	2	350	1	3	5	1282
350	1	2	350	1	4	1	1282
350	1	3	350	1	4	5	1282
350	2	1	350	2	2	3	1132
350	2	1	350	2	3	4	1132
350	2	1	350	2	4	2	1132
350	2	2	350	2	3	1	1132
350	2	2	350	2	4	3	1132
350	2	3	350	2	4	4	1132
350	3	1	350	3	2	0	1033
350	3	1	350	3	3	0	1033
350	3	1	350	3	4	0	1033
350	3	2	350	3	3	0	1033
350	3	2	350	3	4	0	1033
350	3	3	350	3	4	0	1033
351	1	1	351	1	2	71	1267
351	1	1	351	1	3	57	1267
351	1	1	351	1	4	57	1267
351	1	2	351	1	3	57	1267
351	1	2	351	1	4	49	1267
351	1	3	351	1	4	55	1267
352	1	1	352	1	2	1	2160
352	1	1	352	1	3	1	2160
352	1	1	352	1	4	2	2160
352	1	2	352	1	3	2	2160
352	1	2	352	1	4	2	2160
352	1	3	352	1	4	1	2160
352	2	1	352	2	2	0	986
352	2	1	352	2	3	0	986
352	2	1	352	2	4	0	986
352	2	2	352	2	3	0	986
352	2	2	352	2	4	0	986
352	2	3	352	2	4	0	986
353	1	1	353	1	2	0	1763
353	1	1	353	1	3	9	1763
353	1	1	353	1	4	11	1763
353	1	2	353	1	3	9	1763
353	1	2	353	1	4	11	1763
353	1	3	353	1	4	8	1763
354	1	1	354	1	2	13	1605
354	1	1	354	1	3	11	1605
354	1	1	354	1	4	16	1605
354	1	2	354	1	3	12	1605
354	1	2	354	1	4	13	1605
354	1	3	354	1	4	15	1605
355	1	1	355	1	2	4	2138
355	1	1	355	1	3	10	2138
355	1	1	355	1	4	11	2138
355	1	2	355	1	3	8	2138
355	1	2	355	1	4	7	2138
355	1	3	355	1	4	3	2138
356	1	1	356	1	2	25	1610
356	1	1	356	1	3	33	1610
356	1	1	356	1	4	32	1610
356	1	2	356	1	3	31	1610
356	1	2	356	1	4	30	1610
356	1	3	356	1	4	36	1610
357	1	1	357	1	2	0	2437
357	1	1	357	1	3	4	2437
357	1	1	357	1	4	4	2437
357	1	2	357	1	3	4	2437
357	1	2	357	1	4	4	2437
357	1	3	357	1	4	0	2437
358	1	1	358	1	2	15	1585
358	1	1	358	1	3	15	1585
358	1	1	358	1	4	17	1585
358	1	2	358	1	3	14	1585
358	1	2	358	1	4	21	1585
358	1	3	358	1	4	11	1585
359	1	1	359	1	2	4	1698
359	1	1	359	1	3	7	1698
359	1	1	359	1	4	7	1698
359	1	2	359	1	3	3	1698
359	1	2	359	1	4	3	1698
359	1	3	359	1	4	6	1698
361	1	1	361	1	2	10	2185
361	1	1	361	1	3	13	2185
361	1	1	361	1	4	8	2185
361	1	2	361	1	3	7	2185
361	1	2	361	1	4	13	2185
361	1	3	361	1	4	8	2185
362	1	1	362	1	2	0	1834
362	1	1	362	1	3	4	1834
362	1	1	362	1	4	4	1834
362	1	2	362	1	3	4	1834
362	1	2	362	1	4	4	1834
362	1	3	362	1	4	0	1834
362	2	1	362	2	2	3	1814
362	2	1	362	2	3	4	1814
362	2	1	362	2	4	4	1814
362	2	2	362	2	3	5	1814
362	2	2	362	2	4	1	1814
362	2	3	362	2	4	6	1814
363	1	1	363	1	2	1	1626
363	1	1	363	1	3	3	1626
363	1	1	363	1	4	3	1626
363	1	2	363	1	3	4	1626
363	1	2	363	1	4	4	1626
363	1	3	363	1	4	0	1626
364	1	1	364	1	2	5	2202
364	1	1	364	1	3	4	2202
364	1	1	364	1	4	3	2202
364	1	2	364	1	3	3	2202
364	1	2	364	1	4	4	2202
364	1	3	364	1	4	3	2202
364	2	1	364	2	2	0	583
364	2	1	364	2	3	0	583
364	2	1	364	2	4	0	583
364	2	2	364	2	3	0	583
364	2	2	364	2	4	0	583
364	2	3	364	2	4	0	583
365	1	1	365	1	2	11	2167
365	1	1	365	1	3	7	2167
365	1	1	365	1	4	11	2167
365	1	2	365	1	3	6	2167
365	1	2	365	1	4	7	2167
365	1	3	365	1	4	10	2167
366	1	1	366	1	2	2	2071
366	1	1	366	1	3	3	2071
366	1	1	366	1	4	2	2071
366	1	2	366	1	3	5	2071
366	1	2	366	1	4	4	2071
366	1	3	366	1	4	1	2071
367	1	1	367	1	2	2	3068
367	1	1	367	1	3	2	3068
367	1	1	367	1	4	3	3068
367	1	2	367	1	3	4	3068
367	1	2	367	1	4	1	3068
367	1	3	367	1	4	5	3068
367	2	1	367	2	2	0	969
367	2	1	367	2	3	1	969
367	2	1	367	2	4	2	969
367	2	2	367	2	3	1	969
367	2	2	367	2	4	2	969
367	2	3	367	2	4	1	969
368	1	1	368	1	2	2	2057
368	1	1	368	1	3	6	2057
368	1	1	368	1	4	6	2057
368	1	2	368	1	3	6	2057
368	1	2	368	1	4	6	2057
368	1	3	368	1	4	0	2057
369	1	1	369	1	2	26	1802
369	1	1	369	1	3	30	1802
369	1	1	369	1	4	34	1802
369	1	2	369	1	3	38	1802
369	1	2	369	1	4	32	1802
369	1	3	369	1	4	28	1802
370	1	1	370	1	2	2	2140
370	1	1	370	1	3	4	2140
370	1	1	370	1	4	2	2140
370	1	2	370	1	3	2	2140
370	1	2	370	1	4	2	2140
370	1	3	370	1	4	2	2140
371	1	1	371	1	2	0	1920
371	1	1	371	1	3	7	1920
371	1	1	371	1	4	9	1920
371	1	2	371	1	3	7	1920
371	1	2	371	1	4	9	1920
371	1	3	371	1	4	6	1920
372	1	1	372	1	2	4	2086
372	1	1	372	1	3	1	2086
372	1	1	372	1	4	5	2086
372	1	2	372	1	3	5	2086
372	1	2	372	1	4	1	2086
372	1	3	372	1	4	5	2086
373	1	1	373	1	2	4	3415
373	1	1	373	1	3	5	3415
373	1	1	373	1	4	5	3415
373	1	2	373	1	3	1	3415
373	1	2	373	1	4	1	3415
373	1	3	373	1	4	0	3415
373	2	1	373	2	2	0	2836
373	2	1	373	2	3	2	2836
373	2	1	373	2	4	3	2836
373	2	2	373	2	3	2	2836
373	2	2	373	2	4	3	2836
373	2	3	373	2	4	3	2836
374	1	1	374	1	2	2	2205
374	1	1	374	1	3	5	2205
374	1	1	374	1	4	6	2205
374	1	2	374	1	3	3	2205
374	1	2	374	1	4	4	2205
374	1	3	374	1	4	5	2205
375	1	1	375	1	2	23	2102
375	1	1	375	1	3	25	2102
375	1	1	375	1	4	22	2102
375	1	2	375	1	3	6	2102
375	1	2	375	1	4	21	2102
375	1	3	375	1	4	23	2102
377	1	1	377	1	2	2	2208
377	1	1	377	1	3	3	2208
377	1	1	377	1	4	3	2208
377	1	2	377	1	3	1	2208
377	1	2	377	1	4	5	2208
377	1	3	377	1	4	6	2208
378	1	1	378	1	2	1	1711
378	1	1	378	1	3	3	1711
378	1	1	378	1	4	3	1711
378	1	2	378	1	3	2	1711
378	1	2	378	1	4	2	1711
378	1	3	378	1	4	2	1711
379	1	1	379	1	2	20	1176
379	1	1	379	1	3	20	1176
379	1	1	379	1	4	18	1176
379	1	2	379	1	3	20	1176
379	1	2	379	1	4	13	1176
379	1	3	379	1	4	17	1176
380	1	1	380	1	2	25	1947
380	1	1	380	1	3	4	1947
380	1	1	380	1	4	3	1947
380	1	2	380	1	3	27	1947
380	1	2	380	1	4	26	1947
380	1	3	380	1	4	3	1947
381	1	1	381	1	2	10	2185
381	1	1	381	1	3	14	2185
381	1	1	381	1	4	5	2185
381	1	2	381	1	3	15	2185
381	1	2	381	1	4	13	2185
381	1	3	381	1	4	12	2185
382	1	1	382	1	2	3	2054
382	1	1	382	1	3	5	2054
382	1	1	382	1	4	11	2054
382	1	2	382	1	3	8	2054
382	1	2	382	1	4	12	2054
382	1	3	382	1	4	6	2054
383	1	1	383	1	2	0	1434
383	1	1	383	1	3	0	1434
383	1	1	383	1	4	0	1434
383	1	2	383	1	3	0	1434
383	1	2	383	1	4	0	1434
383	1	3	383	1	4	0	1434
384	1	1	384	1	2	0	1516
384	1	1	384	1	3	1	1516
384	1	1	384	1	4	2	1516
384	1	2	384	1	3	1	1516
384	1	2	384	1	4	2	1516
384	1	3	384	1	4	1	1516
385	1	1	385	1	2	8	2110
385	1	1	385	1	3	9	2110
385	1	1	385	1	4	4	2110
385	1	2	385	1	3	1	2110
385	1	2	385	1	4	4	2110
385	1	3	385	1	4	5	2110
386	1	1	386	1	2	1	2241
386	1	1	386	1	3	1	2241
386	1	1	386	1	4	1	2241
386	1	2	386	1	3	0	2241
386	1	2	386	1	4	0	2241
386	1	3	386	1	4	0	2241
387	1	1	387	1	2	1	1555
387	1	1	387	1	3	13	1555
387	1	1	387	1	4	13	1555
387	1	2	387	1	3	13	1555
387	1	2	387	1	4	13	1555
387	1	3	387	1	4	2	1555
388	1	1	388	1	2	14	2239
388	1	1	388	1	3	16	2239
388	1	1	388	1	4	12	2239
388	1	2	388	1	3	12	2239
388	1	2	388	1	4	16	2239
388	1	3	388	1	4	12	2239
389	1	1	389	1	2	1	1787
389	1	1	389	1	3	1	1787
389	1	1	389	1	4	4	1787
389	1	2	389	1	3	0	1787
389	1	2	389	1	4	3	1787
389	1	3	389	1	4	3	1787
389	2	1	389	2	2	20	1610
389	2	1	389	2	3	26	1610
389	2	1	389	2	4	16	1610
389	2	2	389	2	3	31	1610
389	2	2	389	2	4	14	1610
389	2	3	389	2	4	25	1610
390	1	1	390	1	2	17	1898
390	1	1	390	1	3	17	1898
390	1	1	390	1	4	22	1898
390	1	2	390	1	3	14	1898
390	1	2	390	1	4	33	1898
390	1	3	390	1	4	28	1898
391	1	1	391	1	2	27	2380
391	1	1	391	1	3	30	2380
391	1	1	391	1	4	30	2380
391	1	2	391	1	3	26	2380
391	1	2	391	1	4	24	2380
391	1	3	391	1	4	24	2380
392	1	1	392	1	2	6	1697
392	1	1	392	1	3	7	1697
392	1	1	392	1	4	10	1697
392	1	2	392	1	3	5	1697
392	1	2	392	1	4	11	1697
392	1	3	392	1	4	10	1697
392	2	1	392	2	2	0	1569
392	2	1	392	2	3	2	1569
392	2	1	392	2	4	2	1569
392	2	2	392	2	3	2	1569
392	2	2	392	2	4	2	1569
392	2	3	392	2	4	2	1569
392	3	1	392	3	2	0	990
392	3	1	392	3	3	0	990
392	3	1	392	3	4	0	990
392	3	2	392	3	3	0	990
392	3	2	392	3	4	0	990
392	3	3	392	3	4	0	990
393	1	1	393	1	2	8	2216
393	1	1	393	1	3	5	2216
393	1	1	393	1	4	7	2216
393	1	2	393	1	3	5	2216
393	1	2	393	1	4	3	2216
393	1	3	393	1	4	4	2216
393	2	1	393	2	2	5	2201
393	2	1	393	2	3	5	2201
393	2	1	393	2	4	5	2201
393	2	2	393	2	3	4	2201
393	2	2	393	2	4	4	2201
393	2	3	393	2	4	2	2201
394	1	1	394	1	2	395	2134
394	1	1	394	1	3	422	2134
394	1	1	394	1	4	446	2134
394	1	2	394	1	3	412	2134
394	1	2	394	1	4	430	2134
394	1	3	394	1	4	424	2134
394	2	1	394	2	2	33	1659
394	2	1	394	2	3	27	1659
394	2	1	394	2	4	36	1659
394	2	2	394	2	3	35	1659
394	2	2	394	2	4	27	1659
394	2	3	394	2	4	30	1659
395	1	1	395	1	2	4	2265
395	1	1	395	1	3	3	2265
395	1	1	395	1	4	4	2265
395	1	2	395	1	3	5	2265
395	1	2	395	1	4	6	2265
395	1	3	395	1	4	3	2265
396	1	1	396	1	2	17	2375
396	1	1	396	1	3	16	2375
396	1	1	396	1	4	11	2375
396	1	2	396	1	3	3	2375
396	1	2	396	1	4	13	2375
396	1	3	396	1	4	14	2375
399	1	1	399	1	2	5	2236
399	1	1	399	1	3	6	2236
399	1	1	399	1	4	3	2236
399	1	2	399	1	3	5	2236
399	1	2	399	1	4	8	2236
399	1	3	399	1	4	5	2236
400	1	1	400	1	2	1	2256
400	1	1	400	1	3	1	2256
400	1	1	400	1	4	1	2256
400	1	2	400	1	3	0	2256
400	1	2	400	1	4	0	2256
400	1	3	400	1	4	0	2256
402	1	1	402	1	2	0	710
402	1	1	402	1	3	0	710
402	1	1	402	1	4	0	710
402	1	2	402	1	3	0	710
402	1	2	402	1	4	0	710
402	1	3	402	1	4	0	710
403	1	1	403	1	2	50	1765
403	1	1	403	1	3	77	1765
403	1	1	403	1	4	89	1765
403	1	2	403	1	3	81	1765
403	1	2	403	1	4	71	1765
403	1	3	403	1	4	29	1765
