1	1	1	1	1	2	2	1794
1	1	1	1	1	3	8	1794
1	1	1	1	1	4	7	1794
1	1	2	1	1	3	8	1794
1	1	2	1	1	4	9	1794
1	1	3	1	1	4	1	1794
2	1	1	2	1	2	0	1709
2	1	1	2	1	3	5	1709
2	1	1	2	1	4	5	1709
2	1	2	2	1	3	5	1709
2	1	2	2	1	4	5	1709
2	1	3	2	1	4	0	1709
3	1	1	3	1	2	9	1782
3	1	1	3	1	3	2	1782
3	1	1	3	1	4	11	1782
3	1	2	3	1	3	11	1782
3	1	2	3	1	4	2	1782
3	1	3	3	1	4	9	1782
3	2	1	3	2	2	4	818
3	2	1	3	2	3	3	818
3	2	1	3	2	4	5	818
3	2	2	3	2	3	3	818
3	2	2	3	2	4	1	818
3	2	3	3	2	4	2	818
4	1	1	4	1	2	62	1915
4	1	1	4	1	3	66	1915
4	1	1	4	1	4	54	1915
4	1	2	4	1	3	61	1915
4	1	2	4	1	4	58	1915
4	1	3	4	1	4	66	1915
5	1	1	5	1	2	0	971
5	1	1	5	1	3	0	971
5	1	1	5	1	4	0	971
5	1	2	5	1	3	0	971
5	1	2	5	1	4	0	971
5	1	3	5	1	4	0	971
5	2	1	5	2	2	2	1179
5	2	1	5	2	3	1	1179
5	2	1	5	2	4	3	1179
5	2	2	5	2	3	3	1179
5	2	2	5	2	4	1	1179
5	2	3	5	2	4	2	1179
5	3	1	5	3	2	0	678
5	3	1	5	3	3	0	678
5	3	1	5	3	4	0	678
5	3	2	5	3	3	0	678
5	3	2	5	3	4	0	678
5	3	3	5	3	4	0	678
5	4	1	5	4	2	0	284
5	4	1	5	4	3	0	284
5	4	1	5	4	4	0	284
5	4	2	5	4	3	0	284
5	4	2	5	4	4	0	284
5	4	3	5	4	4	0	284
5	5	1	5	5	2	0	343
5	5	1	5	5	3	0	343
5	5	1	5	5	4	0	343
5	5	2	5	5	3	0	343
5	5	2	5	5	4	0	343
5	5	3	5	5	4	0	343
5	6	1	5	6	2	0	270
5	6	1	5	6	3	0	270
5	6	1	5	6	4	0	270
5	6	2	5	6	3	0	270
5	6	2	5	6	4	0	270
5	6	3	5	6	4	0	270
7	1	1	7	1	2	1	1609
7	1	1	7	1	3	11	1609
7	1	1	7	1	4	12	1609
7	1	2	7	1	3	12	1609
7	1	2	7	1	4	11	1609
7	1	3	7	1	4	1	1609
8	1	1	8	1	2	0	1625
8	1	1	8	1	3	0	1625
8	1	1	8	1	4	0	1625
8	1	2	8	1	3	0	1625
8	1	2	8	1	4	0	1625
8	1	3	8	1	4	0	1625
9	1	1	9	1	2	0	1746
9	1	1	9	1	3	0	1746
9	1	1	9	1	4	0	1746
9	1	2	9	1	3	0	1746
9	1	2	9	1	4	0	1746
9	1	3	9	1	4	0	1746
10	1	1	10	1	2	0	1080
10	1	1	10	1	3	0	1080
10	1	1	10	1	4	0	1080
10	1	2	10	1	3	0	1080
10	1	2	10	1	4	0	1080
10	1	3	10	1	4	0	1080
11	1	1	11	1	2	0	1284
11	1	1	11	1	3	0	1284
11	1	1	11	1	4	0	1284
11	1	2	11	1	3	0	1284
11	1	2	11	1	4	0	1284
11	1	3	11	1	4	0	1284
11	2	1	11	2	2	0	496
11	2	1	11	2	3	0	496
11	2	1	11	2	4	0	496
11	2	2	11	2	3	0	496
11	2	2	11	2	4	0	496
11	2	3	11	2	4	0	496
11	3	1	11	3	2	0	419
11	3	1	11	3	3	1	419
11	3	1	11	3	4	1	419
11	3	2	11	3	3	1	419
11	3	2	11	3	4	1	419
11	3	3	11	3	4	0	419
12	1	1	12	1	2	1	1623
12	1	1	12	1	3	1	1623
12	1	1	12	1	4	2	1623
12	1	2	12	1	3	0	1623
12	1	2	12	1	4	2	1623
12	1	3	12	1	4	2	1623
13	1	1	13	1	2	1	1089
13	1	1	13	1	3	4	1089
13	1	1	13	1	4	5	1089
13	1	2	13	1	3	5	1089
13	1	2	13	1	4	4	1089
13	1	3	13	1	4	1	1089
13	2	1	13	2	2	0	578
13	2	1	13	2	3	1	578
13	2	1	13	2	4	1	578
13	2	2	13	2	3	1	578
13	2	2	13	2	4	1	578
13	2	3	13	2	4	0	578
14	1	1	14	1	2	0	1804
14	1	1	14	1	3	0	1804
14	1	1	14	1	4	0	1804
14	1	2	14	1	3	0	1804
14	1	2	14	1	4	0	1804
14	1	3	14	1	4	0	1804
15	1	1	15	1	2	1	1707
15	1	1	15	1	3	7	1707
15	1	1	15	1	4	3	1707
15	1	2	15	1	3	6	1707
15	1	2	15	1	4	4	1707
15	1	3	15	1	4	4	1707
16	1	1	16	1	2	0	1500
16	1	1	16	1	3	0	1500
16	1	1	16	1	4	0	1500
16	1	2	16	1	3	0	1500
16	1	2	16	1	4	0	1500
16	1	3	16	1	4	0	1500
17	1	1	17	1	2	0	1876
17	1	1	17	1	3	1	1876
17	1	1	17	1	4	1	1876
17	1	2	17	1	3	1	1876
17	1	2	17	1	4	1	1876
17	1	3	17	1	4	0	1876
17	2	1	17	2	2	0	1833
17	2	1	17	2	3	0	1833
17	2	1	17	2	4	0	1833
17	2	2	17	2	3	0	1833
17	2	2	17	2	4	0	1833
17	2	3	17	2	4	0	1833
18	1	1	18	1	2	0	1352
18	1	1	18	1	3	0	1352
18	1	1	18	1	4	0	1352
18	1	2	18	1	3	0	1352
18	1	2	18	1	4	0	1352
18	1	3	18	1	4	0	1352
19	1	1	19	1	2	0	1838
19	1	1	19	1	3	0	1838
19	1	1	19	1	4	0	1838
19	1	2	19	1	3	0	1838
19	1	2	19	1	4	0	1838
19	1	3	19	1	4	0	1838
19	2	1	19	2	2	0	1749
19	2	1	19	2	3	0	1749
19	2	1	19	2	4	0	1749
19	2	2	19	2	3	0	1749
19	2	2	19	2	4	0	1749
19	2	3	19	2	4	0	1749
19	3	1	19	3	2	0	1557
19	3	1	19	3	3	0	1557
19	3	1	19	3	4	0	1557
19	3	2	19	3	3	0	1557
19	3	2	19	3	4	0	1557
19	3	3	19	3	4	0	1557
19	4	1	19	4	2	2	1577
19	4	1	19	4	3	1	1577
19	4	1	19	4	4	1	1577
19	4	2	19	4	3	1	1577
19	4	2	19	4	4	1	1577
19	4	3	19	4	4	0	1577
19	5	1	19	5	2	0	959
19	5	1	19	5	3	2	959
19	5	1	19	5	4	2	959
19	5	2	19	5	3	2	959
19	5	2	19	5	4	2	959
19	5	3	19	5	4	0	959
19	6	1	19	6	2	0	1475
19	6	1	19	6	3	0	1475
19	6	1	19	6	4	0	1475
19	6	2	19	6	3	0	1475
19	6	2	19	6	4	0	1475
19	6	3	19	6	4	0	1475
19	7	1	19	7	2	0	736
19	7	1	19	7	3	0	736
19	7	1	19	7	4	0	736
19	7	2	19	7	3	0	736
19	7	2	19	7	4	0	736
19	7	3	19	7	4	0	736
19	8	1	19	8	2	0	437
19	8	1	19	8	3	0	437
19	8	1	19	8	4	0	437
19	8	2	19	8	3	0	437
19	8	2	19	8	4	0	437
19	8	3	19	8	4	0	437
20	1	1	20	1	2	0	1615
20	1	1	20	1	3	0	1615
20	1	1	20	1	4	0	1615
20	1	2	20	1	3	0	1615
20	1	2	20	1	4	0	1615
20	1	3	20	1	4	0	1615
20	2	1	20	2	2	11	1509
20	2	1	20	2	3	5	1509
20	2	1	20	2	4	8	1509
20	2	2	20	2	3	6	1509
20	2	2	20	2	4	3	1509
20	2	3	20	2	4	5	1509
20	3	1	20	3	2	2	964
20	3	1	20	3	3	3	964
20	3	1	20	3	4	3	964
20	3	2	20	3	3	1	964
20	3	2	20	3	4	2	964
20	3	3	20	3	4	1	964
21	1	1	21	1	2	0	1172
21	1	1	21	1	3	0	1172
21	1	1	21	1	4	0	1172
21	1	2	21	1	3	0	1172
21	1	2	21	1	4	0	1172
21	1	3	21	1	4	0	1172
22	1	1	22	1	2	66	1824
22	1	1	22	1	3	61	1824
22	1	1	22	1	4	73	1824
22	1	2	22	1	3	71	1824
22	1	2	22	1	4	91	1824
22	1	3	22	1	4	71	1824
23	1	1	23	1	2	32	2217
23	1	1	23	1	3	30	2217
23	1	1	23	1	4	30	2217
23	1	2	23	1	3	36	2217
23	1	2	23	1	4	20	2217
23	1	3	23	1	4	35	2217
24	1	1	24	1	2	0	1697
24	1	1	24	1	3	4	1697
24	1	1	24	1	4	4	1697
24	1	2	24	1	3	4	1697
24	1	2	24	1	4	4	1697
24	1	3	24	1	4	0	1697
25	1	1	25	1	2	0	1501
25	1	1	25	1	3	0	1501
25	1	1	25	1	4	0	1501
25	1	2	25	1	3	0	1501
25	1	2	25	1	4	0	1501
25	1	3	25	1	4	0	1501
25	2	1	25	2	2	0	972
25	2	1	25	2	3	0	972
25	2	1	25	2	4	0	972
25	2	2	25	2	3	0	972
25	2	2	25	2	4	0	972
25	2	3	25	2	4	0	972
25	3	1	25	3	2	0	737
25	3	1	25	3	3	0	737
25	3	1	25	3	4	0	737
25	3	2	25	3	3	0	737
25	3	2	25	3	4	0	737
25	3	3	25	3	4	0	737
26	1	1	26	1	2	0	1249
26	1	1	26	1	3	0	1249
26	1	1	26	1	4	0	1249
26	1	2	26	1	3	0	1249
26	1	2	26	1	4	0	1249
26	1	3	26	1	4	0	1249
27	1	1	27	1	2	0	1106
27	1	1	27	1	3	2	1106
27	1	1	27	1	4	1	1106
27	1	2	27	1	3	2	1106
27	1	2	27	1	4	1	1106
27	1	3	27	1	4	1	1106
28	1	1	28	1	2	0	1664
28	1	1	28	1	3	0	1664
28	1	1	28	1	4	0	1664
28	1	2	28	1	3	0	1664
28	1	2	28	1	4	0	1664
28	1	3	28	1	4	0	1664
29	1	1	29	1	2	21	1796
29	1	1	29	1	3	25	1796
29	1	1	29	1	4	14	1796
29	1	2	29	1	3	14	1796
29	1	2	29	1	4	25	1796
29	1	3	29	1	4	19	1796
30	1	1	30	1	2	0	798
30	1	1	30	1	3	0	798
30	1	1	30	1	4	0	798
30	1	2	30	1	3	0	798
30	1	2	30	1	4	0	798
30	1	3	30	1	4	0	798
30	2	1	30	2	2	0	788
30	2	1	30	2	3	0	788
30	2	1	30	2	4	0	788
30	2	2	30	2	3	0	788
30	2	2	30	2	4	0	788
30	2	3	30	2	4	0	788
30	3	1	30	3	2	0	521
30	3	1	30	3	3	0	521
30	3	1	30	3	4	0	521
30	3	2	30	3	3	0	521
30	3	2	30	3	4	0	521
30	3	3	30	3	4	0	521
31	1	1	31	1	2	1	1556
31	1	1	31	1	3	1	1556
31	1	1	31	1	4	1	1556
31	1	2	31	1	3	1	1556
31	1	2	31	1	4	1	1556
31	1	3	31	1	4	0	1556
32	1	1	32	1	2	297	2501
32	1	1	32	1	3	269	2501
32	1	1	32	1	4	280	2501
32	1	2	32	1	3	300	2501
32	1	2	32	1	4	282	2501
32	1	3	32	1	4	282	2501
33	1	1	33	1	2	0	1561
33	1	1	33	1	3	0	1561
33	1	1	33	1	4	0	1561
33	1	2	33	1	3	0	1561
33	1	2	33	1	4	0	1561
33	1	3	33	1	4	0	1561
33	2	1	33	2	2	0	493
33	2	1	33	2	3	0	493
33	2	1	33	2	4	0	493
33	2	2	33	2	3	0	493
33	2	2	33	2	4	0	493
33	2	3	33	2	4	0	493
34	1	1	34	1	2	0	1031
34	1	1	34	1	3	0	1031
34	1	1	34	1	4	0	1031
34	1	2	34	1	3	0	1031
34	1	2	34	1	4	0	1031
34	1	3	34	1	4	0	1031
34	2	1	34	2	2	0	628
34	2	1	34	2	3	0	628
34	2	1	34	2	4	0	628
34	2	2	34	2	3	0	628
34	2	2	34	2	4	0	628
34	2	3	34	2	4	0	628
35	1	1	35	1	2	0	1636
35	1	1	35	1	3	0	1636
35	1	1	35	1	4	0	1636
35	1	2	35	1	3	0	1636
35	1	2	35	1	4	0	1636
35	1	3	35	1	4	0	1636
36	1	1	36	1	2	0	1961
36	1	1	36	1	3	0	1961
36	1	1	36	1	4	0	1961
36	1	2	36	1	3	0	1961
36	1	2	36	1	4	0	1961
36	1	3	36	1	4	0	1961
37	1	1	37	1	2	1	1148
37	1	1	37	1	3	2	1148
37	1	1	37	1	4	2	1148
37	1	2	37	1	3	1	1148
37	1	2	37	1	4	1	1148
37	1	3	37	1	4	0	1148
38	1	1	38	1	2	0	1186
38	1	1	38	1	3	0	1186
38	1	1	38	1	4	0	1186
38	1	2	38	1	3	0	1186
38	1	2	38	1	4	0	1186
38	1	3	38	1	4	0	1186
39	1	1	39	1	2	2	1805
39	1	1	39	1	3	3	1805
39	1	1	39	1	4	3	1805
39	1	2	39	1	3	1	1805
39	1	2	39	1	4	1	1805
39	1	3	39	1	4	0	1805
40	1	1	40	1	2	0	1726
40	1	1	40	1	3	0	1726
40	1	1	40	1	4	0	1726
40	1	2	40	1	3	0	1726
40	1	2	40	1	4	0	1726
40	1	3	40	1	4	0	1726
40	2	1	40	2	2	0	676
40	2	1	40	2	3	0	676
40	2	1	40	2	4	0	676
40	2	2	40	2	3	0	676
40	2	2	40	2	4	0	676
40	2	3	40	2	4	0	676
40	3	1	40	3	2	0	817
40	3	1	40	3	3	0	817
40	3	1	40	3	4	0	817
40	3	2	40	3	3	0	817
40	3	2	40	3	4	0	817
40	3	3	40	3	4	0	817
41	1	1	41	1	2	0	1638
41	1	1	41	1	3	0	1638
41	1	1	41	1	4	0	1638
41	1	2	41	1	3	0	1638
41	1	2	41	1	4	0	1638
41	1	3	41	1	4	0	1638
41	2	1	41	2	2	0	207
41	2	1	41	2	3	0	207
41	2	1	41	2	4	0	207
41	2	2	41	2	3	0	207
41	2	2	41	2	4	0	207
41	2	3	41	2	4	0	207
42	1	1	42	1	2	80	2077
42	1	1	42	1	3	74	2077
42	1	1	42	1	4	60	2077
42	1	2	42	1	3	82	2077
42	1	2	42	1	4	63	2077
42	1	3	42	1	4	83	2077
42	2	1	42	2	2	0	717
42	2	1	42	2	3	0	717
42	2	1	42	2	4	0	717
42	2	2	42	2	3	0	717
42	2	2	42	2	4	0	717
42	2	3	42	2	4	0	717
43	1	1	43	1	2	0	1783
43	1	1	43	1	3	0	1783
43	1	1	43	1	4	1	1783
43	1	2	43	1	3	0	1783
43	1	2	43	1	4	1	1783
43	1	3	43	1	4	1	1783
43	2	1	43	2	2	0	1031
43	2	1	43	2	3	0	1031
43	2	1	43	2	4	0	1031
43	2	2	43	2	3	0	1031
43	2	2	43	2	4	0	1031
43	2	3	43	2	4	0	1031
43	3	1	43	3	2	0	577
43	3	1	43	3	3	0	577
43	3	1	43	3	4	0	577
43	3	2	43	3	3	0	577
43	3	2	43	3	4	0	577
43	3	3	43	3	4	0	577
44	1	1	44	1	2	0	1648
44	1	1	44	1	3	0	1648
44	1	1	44	1	4	0	1648
44	1	2	44	1	3	0	1648
44	1	2	44	1	4	0	1648
44	1	3	44	1	4	0	1648
44	2	1	44	2	2	0	641
44	2	1	44	2	3	0	641
44	2	1	44	2	4	0	641
44	2	2	44	2	3	0	641
44	2	2	44	2	4	0	641
44	2	3	44	2	4	0	641
46	1	1	46	1	2	0	1744
46	1	1	46	1	3	0	1744
46	1	1	46	1	4	0	1744
46	1	2	46	1	3	0	1744
46	1	2	46	1	4	0	1744
46	1	3	46	1	4	0	1744
47	1	1	47	1	2	0	1751
47	1	1	47	1	3	0	1751
47	1	1	47	1	4	0	1751
47	1	2	47	1	3	0	1751
47	1	2	47	1	4	0	1751
47	1	3	47	1	4	0	1751
48	1	1	48	1	2	0	1497
48	1	1	48	1	3	0	1497
48	1	1	48	1	4	0	1497
48	1	2	48	1	3	0	1497
48	1	2	48	1	4	0	1497
48	1	3	48	1	4	0	1497
49	1	1	49	1	2	0	1789
49	1	1	49	1	3	0	1789
49	1	1	49	1	4	0	1789
49	1	2	49	1	3	0	1789
49	1	2	49	1	4	0	1789
49	1	3	49	1	4	0	1789
50	1	1	50	1	2	1	1887
50	1	1	50	1	3	7	1887
50	1	1	50	1	4	8	1887
50	1	2	50	1	3	8	1887
50	1	2	50	1	4	7	1887
50	1	3	50	1	4	1	1887
51	1	1	51	1	2	0	1567
51	1	1	51	1	3	0	1567
51	1	1	51	1	4	0	1567
51	1	2	51	1	3	0	1567
51	1	2	51	1	4	0	1567
51	1	3	51	1	4	0	1567
52	1	1	52	1	2	3	2078
52	1	1	52	1	3	2	2078
52	1	1	52	1	4	3	2078
52	1	2	52	1	3	1	2078
52	1	2	52	1	4	2	2078
52	1	3	52	1	4	1	2078
54	1	1	54	1	2	0	1327
54	1	1	54	1	3	0	1327
54	1	1	54	1	4	0	1327
54	1	2	54	1	3	0	1327
54	1	2	54	1	4	0	1327
54	1	3	54	1	4	0	1327
54	2	1	54	2	2	0	900
54	2	1	54	2	3	0	900
54	2	1	54	2	4	0	900
54	2	2	54	2	3	0	900
54	2	2	54	2	4	0	900
54	2	3	54	2	4	0	900
55	1	1	55	1	2	0	1567
55	1	1	55	1	3	0	1567
55	1	1	55	1	4	0	1567
55	1	2	55	1	3	0	1567
55	1	2	55	1	4	0	1567
55	1	3	55	1	4	0	1567
55	2	1	55	2	2	0	887
55	2	1	55	2	3	0	887
55	2	1	55	2	4	0	887
55	2	2	55	2	3	0	887
55	2	2	55	2	4	0	887
55	2	3	55	2	4	0	887
56	1	1	56	1	2	8	1713
56	1	1	56	1	3	7	1713
56	1	1	56	1	4	6	1713
56	1	2	56	1	3	9	1713
56	1	2	56	1	4	6	1713
56	1	3	56	1	4	9	1713
57	1	1	57	1	2	2	1669
57	1	1	57	1	3	6	1669
57	1	1	57	1	4	6	1669
57	1	2	57	1	3	6	1669
57	1	2	57	1	4	6	1669
57	1	3	57	1	4	2	1669
58	1	1	58	1	2	5	1545
58	1	1	58	1	3	11	1545
58	1	1	58	1	4	9	1545
58	1	2	58	1	3	7	1545
58	1	2	58	1	4	9	1545
58	1	3	58	1	4	2	1545
60	1	1	60	1	2	0	1747
60	1	1	60	1	3	0	1747
60	1	1	60	1	4	0	1747
60	1	2	60	1	3	0	1747
60	1	2	60	1	4	0	1747
60	1	3	60	1	4	0	1747
61	1	1	61	1	2	2	1834
61	1	1	61	1	3	2	1834
61	1	1	61	1	4	1	1834
61	1	2	61	1	3	0	1834
61	1	2	61	1	4	1	1834
61	1	3	61	1	4	1	1834
61	2	1	61	2	2	0	150
61	2	1	61	2	3	0	150
61	2	1	61	2	4	0	150
61	2	2	61	2	3	0	150
61	2	2	61	2	4	0	150
61	2	3	61	2	4	0	150
62	1	1	62	1	2	1	1653
62	1	1	62	1	3	1	1653
62	1	1	62	1	4	2	1653
62	1	2	62	1	3	2	1653
62	1	2	62	1	4	1	1653
62	1	3	62	1	4	1	1653
63	1	1	63	1	2	0	1731
63	1	1	63	1	3	0	1731
63	1	1	63	1	4	0	1731
63	1	2	63	1	3	0	1731
63	1	2	63	1	4	0	1731
63	1	3	63	1	4	0	1731
64	1	1	64	1	2	2	1901
64	1	1	64	1	3	1	1901
64	1	1	64	1	4	3	1901
64	1	2	64	1	3	3	1901
64	1	2	64	1	4	1	1901
64	1	3	64	1	4	2	1901
65	1	1	65	1	2	0	1793
65	1	1	65	1	3	0	1793
65	1	1	65	1	4	0	1793
65	1	2	65	1	3	0	1793
65	1	2	65	1	4	0	1793
65	1	3	65	1	4	0	1793
65	2	1	65	2	2	0	341
65	2	1	65	2	3	0	341
65	2	1	65	2	4	0	341
65	2	2	65	2	3	0	341
65	2	2	65	2	4	0	341
65	2	3	65	2	4	0	341
66	1	1	66	1	2	94	1117
66	1	1	66	1	3	91	1117
66	1	1	66	1	4	101	1117
66	1	2	66	1	3	90	1117
66	1	2	66	1	4	75	1117
66	1	3	66	1	4	80	1117
67	1	1	67	1	2	0	1822
67	1	1	67	1	3	0	1822
67	1	1	67	1	4	0	1822
67	1	2	67	1	3	0	1822
67	1	2	67	1	4	0	1822
67	1	3	67	1	4	0	1822
68	1	1	68	1	2	0	1297
68	1	1	68	1	3	0	1297
68	1	1	68	1	4	0	1297
68	1	2	68	1	3	0	1297
68	1	2	68	1	4	0	1297
68	1	3	68	1	4	0	1297
68	2	1	68	2	2	0	1327
68	2	1	68	2	3	0	1327
68	2	1	68	2	4	0	1327
68	2	2	68	2	3	0	1327
68	2	2	68	2	4	0	1327
68	2	3	68	2	4	0	1327
68	3	1	68	3	2	0	402
68	3	1	68	3	3	0	402
68	3	1	68	3	4	0	402
68	3	2	68	3	3	0	402
68	3	2	68	3	4	0	402
68	3	3	68	3	4	0	402
69	1	1	69	1	2	0	1710
69	1	1	69	1	3	0	1710
69	1	1	69	1	4	0	1710
69	1	2	69	1	3	0	1710
69	1	2	69	1	4	0	1710
69	1	3	69	1	4	0	1710
69	2	1	69	2	2	0	1068
69	2	1	69	2	3	0	1068
69	2	1	69	2	4	0	1068
69	2	2	69	2	3	0	1068
69	2	2	69	2	4	0	1068
69	2	3	69	2	4	0	1068
69	3	1	69	3	2	0	963
69	3	1	69	3	3	0	963
69	3	1	69	3	4	0	963
69	3	2	69	3	3	0	963
69	3	2	69	3	4	0	963
69	3	3	69	3	4	0	963
70	1	1	70	1	2	0	513
70	1	1	70	1	3	0	513
70	1	1	70	1	4	0	513
70	1	2	70	1	3	0	513
70	1	2	70	1	4	0	513
70	1	3	70	1	4	0	513
70	2	1	70	2	2	0	724
70	2	1	70	2	3	0	724
70	2	1	70	2	4	0	724
70	2	2	70	2	3	0	724
70	2	2	70	2	4	0	724
70	2	3	70	2	4	0	724
71	1	1	71	1	2	0	1383
71	1	1	71	1	3	0	1383
71	1	1	71	1	4	0	1383
71	1	2	71	1	3	0	1383
71	1	2	71	1	4	0	1383
71	1	3	71	1	4	0	1383
71	2	1	71	2	2	0	1055
71	2	1	71	2	3	0	1055
71	2	1	71	2	4	0	1055
71	2	2	71	2	3	0	1055
71	2	2	71	2	4	0	1055
71	2	3	71	2	4	0	1055
72	1	1	72	1	2	0	1463
72	1	1	72	1	3	0	1463
72	1	1	72	1	4	0	1463
72	1	2	72	1	3	0	1463
72	1	2	72	1	4	0	1463
72	1	3	72	1	4	0	1463
73	1	1	73	1	2	0	1679
73	1	1	73	1	3	0	1679
73	1	1	73	1	4	0	1679
73	1	2	73	1	3	0	1679
73	1	2	73	1	4	0	1679
73	1	3	73	1	4	0	1679
74	1	1	74	1	2	0	635
74	1	1	74	1	3	0	635
74	1	1	74	1	4	0	635
74	1	2	74	1	3	0	635
74	1	2	74	1	4	0	635
74	1	3	74	1	4	0	635
74	2	1	74	2	2	0	541
74	2	1	74	2	3	0	541
74	2	1	74	2	4	0	541
74	2	2	74	2	3	0	541
74	2	2	74	2	4	0	541
74	2	3	74	2	4	0	541
75	1	1	75	1	2	18	1675
75	1	1	75	1	3	18	1675
75	1	1	75	1	4	18	1675
75	1	2	75	1	3	20	1675
75	1	2	75	1	4	22	1675
75	1	3	75	1	4	13	1675
75	2	1	75	2	2	0	753
75	2	1	75	2	3	0	753
75	2	1	75	2	4	0	753
75	2	2	75	2	3	0	753
75	2	2	75	2	4	0	753
75	2	3	75	2	4	0	753
75	3	1	75	3	2	0	624
75	3	1	75	3	3	0	624
75	3	1	75	3	4	0	624
75	3	2	75	3	3	0	624
75	3	2	75	3	4	0	624
75	3	3	75	3	4	0	624
76	1	1	76	1	2	0	1658
76	1	1	76	1	3	0	1658
76	1	1	76	1	4	0	1658
76	1	2	76	1	3	0	1658
76	1	2	76	1	4	0	1658
76	1	3	76	1	4	0	1658
78	1	1	78	1	2	0	1328
78	1	1	78	1	3	0	1328
78	1	1	78	1	4	0	1328
78	1	2	78	1	3	0	1328
78	1	2	78	1	4	0	1328
78	1	3	78	1	4	0	1328
78	2	1	78	2	2	0	575
78	2	1	78	2	3	1	575
78	2	1	78	2	4	1	575
78	2	2	78	2	3	1	575
78	2	2	78	2	4	1	575
78	2	3	78	2	4	0	575
80	1	1	80	1	2	0	1012
80	1	1	80	1	3	0	1012
80	1	1	80	1	4	0	1012
80	1	2	80	1	3	0	1012
80	1	2	80	1	4	0	1012
80	1	3	80	1	4	0	1012
81	1	1	81	1	2	0	1573
81	1	1	81	1	3	0	1573
81	1	1	81	1	4	0	1573
81	1	2	81	1	3	0	1573
81	1	2	81	1	4	0	1573
81	1	3	81	1	4	0	1573
82	1	1	82	1	2	0	1495
82	1	1	82	1	3	1	1495
82	1	1	82	1	4	1	1495
82	1	2	82	1	3	1	1495
82	1	2	82	1	4	1	1495
82	1	3	82	1	4	0	1495
82	2	1	82	2	2	0	232
82	2	1	82	2	3	0	232
82	2	1	82	2	4	0	232
82	2	2	82	2	3	0	232
82	2	2	82	2	4	0	232
82	2	3	82	2	4	0	232
83	1	1	83	1	2	0	1303
83	1	1	83	1	3	0	1303
83	1	1	83	1	4	0	1303
83	1	2	83	1	3	0	1303
83	1	2	83	1	4	0	1303
83	1	3	83	1	4	0	1303
84	1	1	84	1	2	1	1950
84	1	1	84	1	3	2	1950
84	1	1	84	1	4	2	1950
84	1	2	84	1	3	1	1950
84	1	2	84	1	4	1	1950
84	1	3	84	1	4	0	1950
84	2	1	84	2	2	0	1114
84	2	1	84	2	3	0	1114
84	2	1	84	2	4	0	1114
84	2	2	84	2	3	0	1114
84	2	2	84	2	4	0	1114
84	2	3	84	2	4	0	1114
84	3	1	84	3	2	0	783
84	3	1	84	3	3	0	783
84	3	1	84	3	4	0	783
84	3	2	84	3	3	0	783
84	3	2	84	3	4	0	783
84	3	3	84	3	4	0	783
84	4	1	84	4	2	0	342
84	4	1	84	4	3	0	342
84	4	1	84	4	4	0	342
84	4	2	84	4	3	0	342
84	4	2	84	4	4	0	342
84	4	3	84	4	4	0	342
85	1	1	85	1	2	0	1387
85	1	1	85	1	3	3	1387
85	1	1	85	1	4	5	1387
85	1	2	85	1	3	3	1387
85	1	2	85	1	4	5	1387
85	1	3	85	1	4	2	1387
85	2	1	85	2	2	0	1234
85	2	1	85	2	3	8	1234
85	2	1	85	2	4	8	1234
85	2	2	85	2	3	8	1234
85	2	2	85	2	4	8	1234
85	2	3	85	2	4	0	1234
86	1	1	86	1	2	0	1838
86	1	1	86	1	3	0	1838
86	1	1	86	1	4	0	1838
86	1	2	86	1	3	0	1838
86	1	2	86	1	4	0	1838
86	1	3	86	1	4	0	1838
87	1	1	87	1	2	13	1529
87	1	1	87	1	3	10	1529
87	1	1	87	1	4	13	1529
87	1	2	87	1	3	12	1529
87	1	2	87	1	4	12	1529
87	1	3	87	1	4	11	1529
87	2	1	87	2	2	0	595
87	2	1	87	2	3	0	595
87	2	1	87	2	4	0	595
87	2	2	87	2	3	0	595
87	2	2	87	2	4	0	595
87	2	3	87	2	4	0	595
88	1	1	88	1	2	1	874
88	1	1	88	1	3	2	874
88	1	1	88	1	4	2	874
88	1	2	88	1	3	3	874
88	1	2	88	1	4	3	874
88	1	3	88	1	4	0	874
88	2	1	88	2	2	0	878
88	2	1	88	2	3	1	878
88	2	1	88	2	4	1	878
88	2	2	88	2	3	1	878
88	2	2	88	2	4	1	878
88	2	3	88	2	4	0	878
88	3	1	88	3	2	8	574
88	3	1	88	3	3	5	574
88	3	1	88	3	4	10	574
88	3	2	88	3	3	7	574
88	3	2	88	3	4	2	574
88	3	3	88	3	4	5	574
88	4	1	88	4	2	0	598
88	4	1	88	4	3	0	598
88	4	1	88	4	4	0	598
88	4	2	88	4	3	0	598
88	4	2	88	4	4	0	598
88	4	3	88	4	4	0	598
88	5	1	88	5	2	0	597
88	5	1	88	5	3	0	597
88	5	1	88	5	4	0	597
88	5	2	88	5	3	0	597
88	5	2	88	5	4	0	597
88	5	3	88	5	4	0	597
88	6	1	88	6	2	0	405
88	6	1	88	6	3	0	405
88	6	1	88	6	4	0	405
88	6	2	88	6	3	0	405
88	6	2	88	6	4	0	405
88	6	3	88	6	4	0	405
88	7	1	88	7	2	0	425
88	7	1	88	7	3	0	425
88	7	1	88	7	4	0	425
88	7	2	88	7	3	0	425
88	7	2	88	7	4	0	425
88	7	3	88	7	4	0	425
89	1	1	89	1	2	0	1212
89	1	1	89	1	3	0	1212
89	1	1	89	1	4	0	1212
89	1	2	89	1	3	0	1212
89	1	2	89	1	4	0	1212
89	1	3	89	1	4	0	1212
90	1	1	90	1	2	0	1613
90	1	1	90	1	3	0	1613
90	1	1	90	1	4	0	1613
90	1	2	90	1	3	0	1613
90	1	2	90	1	4	0	1613
90	1	3	90	1	4	0	1613
91	1	1	91	1	2	0	1771
91	1	1	91	1	3	0	1771
91	1	1	91	1	4	0	1771
91	1	2	91	1	3	0	1771
91	1	2	91	1	4	0	1771
91	1	3	91	1	4	0	1771
92	1	1	92	1	2	0	1704
92	1	1	92	1	3	0	1704
92	1	1	92	1	4	0	1704
92	1	2	92	1	3	0	1704
92	1	2	92	1	4	0	1704
92	1	3	92	1	4	0	1704
93	1	1	93	1	2	0	1429
93	1	1	93	1	3	0	1429
93	1	1	93	1	4	0	1429
93	1	2	93	1	3	0	1429
93	1	2	93	1	4	0	1429
93	1	3	93	1	4	0	1429
94	1	1	94	1	2	0	1606
94	1	1	94	1	3	2	1606
94	1	1	94	1	4	2	1606
94	1	2	94	1	3	2	1606
94	1	2	94	1	4	2	1606
94	1	3	94	1	4	0	1606
95	1	1	95	1	2	0	1821
95	1	1	95	1	3	0	1821
95	1	1	95	1	4	0	1821
95	1	2	95	1	3	0	1821
95	1	2	95	1	4	0	1821
95	1	3	95	1	4	0	1821
96	1	1	96	1	2	0	1637
96	1	1	96	1	3	0	1637
96	1	1	96	1	4	0	1637
96	1	2	96	1	3	0	1637
96	1	2	96	1	4	0	1637
96	1	3	96	1	4	0	1637
96	2	1	96	2	2	0	874
96	2	1	96	2	3	0	874
96	2	1	96	2	4	0	874
96	2	2	96	2	3	0	874
96	2	2	96	2	4	0	874
96	2	3	96	2	4	0	874
98	1	1	98	1	2	0	1831
98	1	1	98	1	3	0	1831
98	1	1	98	1	4	0	1831
98	1	2	98	1	3	0	1831
98	1	2	98	1	4	0	1831
98	1	3	98	1	4	0	1831
98	2	1	98	2	2	0	677
98	2	1	98	2	3	0	677
98	2	1	98	2	4	0	677
98	2	2	98	2	3	0	677
98	2	2	98	2	4	0	677
98	2	3	98	2	4	0	677
99	1	1	99	1	2	0	1588
99	1	1	99	1	3	0	1588
99	1	1	99	1	4	0	1588
99	1	2	99	1	3	0	1588
99	1	2	99	1	4	0	1588
99	1	3	99	1	4	0	1588
100	1	1	100	1	2	1	1705
100	1	1	100	1	3	8	1705
100	1	1	100	1	4	8	1705
100	1	2	100	1	3	7	1705
100	1	2	100	1	4	9	1705
100	1	3	100	1	4	2	1705
101	1	1	101	1	2	0	1973
101	1	1	101	1	3	0	1973
101	1	1	101	1	4	0	1973
101	1	2	101	1	3	0	1973
101	1	2	101	1	4	0	1973
101	1	3	101	1	4	0	1973
102	1	1	102	1	2	0	1946
102	1	1	102	1	3	0	1946
102	1	1	102	1	4	0	1946
102	1	2	102	1	3	0	1946
102	1	2	102	1	4	0	1946
102	1	3	102	1	4	0	1946
102	2	1	102	2	2	0	680
102	2	1	102	2	3	0	680
102	2	1	102	2	4	0	680
102	2	2	102	2	3	0	680
102	2	2	102	2	4	0	680
102	2	3	102	2	4	0	680
103	1	1	103	1	2	0	823
103	1	1	103	1	3	0	823
103	1	1	103	1	4	0	823
103	1	2	103	1	3	0	823
103	1	2	103	1	4	0	823
103	1	3	103	1	4	0	823
103	2	1	103	2	2	0	1008
103	2	1	103	2	3	0	1008
103	2	1	103	2	4	0	1008
103	2	2	103	2	3	0	1008
103	2	2	103	2	4	0	1008
103	2	3	103	2	4	0	1008
103	3	1	103	3	2	0	395
103	3	1	103	3	3	0	395
103	3	1	103	3	4	0	395
103	3	2	103	3	3	0	395
103	3	2	103	3	4	0	395
103	3	3	103	3	4	0	395
104	1	1	104	1	2	0	1287
104	1	1	104	1	3	0	1287
104	1	1	104	1	4	0	1287
104	1	2	104	1	3	0	1287
104	1	2	104	1	4	0	1287
104	1	3	104	1	4	0	1287
104	2	1	104	2	2	0	799
104	2	1	104	2	3	0	799
104	2	1	104	2	4	0	799
104	2	2	104	2	3	0	799
104	2	2	104	2	4	0	799
104	2	3	104	2	4	0	799
104	3	1	104	3	2	0	300
104	3	1	104	3	3	0	300
104	3	1	104	3	4	0	300
104	3	2	104	3	3	0	300
104	3	2	104	3	4	0	300
104	3	3	104	3	4	0	300
105	1	1	105	1	2	0	1453
105	1	1	105	1	3	0	1453
105	1	1	105	1	4	0	1453
105	1	2	105	1	3	0	1453
105	1	2	105	1	4	0	1453
105	1	3	105	1	4	0	1453
107	1	1	107	1	2	12	1518
107	1	1	107	1	3	5	1518
107	1	1	107	1	4	16	1518
107	1	2	107	1	3	13	1518
107	1	2	107	1	4	8	1518
107	1	3	107	1	4	16	1518
108	1	1	108	1	2	0	963
108	1	1	108	1	3	0	963
108	1	1	108	1	4	0	963
108	1	2	108	1	3	0	963
108	1	2	108	1	4	0	963
108	1	3	108	1	4	0	963
108	2	1	108	2	2	0	786
108	2	1	108	2	3	0	786
108	2	1	108	2	4	0	786
108	2	2	108	2	3	0	786
108	2	2	108	2	4	0	786
108	2	3	108	2	4	0	786
108	3	1	108	3	2	0	231
108	3	1	108	3	3	0	231
108	3	1	108	3	4	0	231
108	3	2	108	3	3	0	231
108	3	2	108	3	4	0	231
108	3	3	108	3	4	0	231
109	1	1	109	1	2	0	1179
109	1	1	109	1	3	2	1179
109	1	1	109	1	4	2	1179
109	1	2	109	1	3	2	1179
109	1	2	109	1	4	2	1179
109	1	3	109	1	4	0	1179
110	1	1	110	1	2	0	1769
110	1	1	110	1	3	0	1769
110	1	1	110	1	4	0	1769
110	1	2	110	1	3	0	1769
110	1	2	110	1	4	0	1769
110	1	3	110	1	4	0	1769
111	1	1	111	1	2	0	973
111	1	1	111	1	3	5	973
111	1	1	111	1	4	5	973
111	1	2	111	1	3	5	973
111	1	2	111	1	4	5	973
111	1	3	111	1	4	0	973
112	1	1	112	1	2	0	1394
112	1	1	112	1	3	1	1394
112	1	1	112	1	4	1	1394
112	1	2	112	1	3	1	1394
112	1	2	112	1	4	1	1394
112	1	3	112	1	4	0	1394
113	1	1	113	1	2	0	969
113	1	1	113	1	3	1	969
113	1	1	113	1	4	1	969
113	1	2	113	1	3	1	969
113	1	2	113	1	4	1	969
113	1	3	113	1	4	0	969
114	1	1	114	1	2	0	1459
114	1	1	114	1	3	3	1459
114	1	1	114	1	4	3	1459
114	1	2	114	1	3	3	1459
114	1	2	114	1	4	3	1459
114	1	3	114	1	4	0	1459
115	1	1	115	1	2	0	276
115	1	1	115	1	3	0	276
115	1	1	115	1	4	0	276
115	1	2	115	1	3	0	276
115	1	2	115	1	4	0	276
115	1	3	115	1	4	0	276
118	1	1	118	1	2	0	1740
118	1	1	118	1	3	0	1740
118	1	1	118	1	4	0	1740
118	1	2	118	1	3	0	1740
118	1	2	118	1	4	0	1740
118	1	3	118	1	4	0	1740
119	1	1	119	1	2	2	1792
119	1	1	119	1	3	2	1792
119	1	1	119	1	4	2	1792
119	1	2	119	1	3	2	1792
119	1	2	119	1	4	2	1792
119	1	3	119	1	4	2	1792
120	1	1	120	1	2	0	1548
120	1	1	120	1	3	0	1548
120	1	1	120	1	4	0	1548
120	1	2	120	1	3	0	1548
120	1	2	120	1	4	0	1548
120	1	3	120	1	4	0	1548
121	1	1	121	1	2	3	1318
121	1	1	121	1	3	4	1318
121	1	1	121	1	4	2	1318
121	1	2	121	1	3	1	1318
121	1	2	121	1	4	3	1318
121	1	3	121	1	4	2	1318
122	1	1	122	1	2	3	1678
122	1	1	122	1	3	2	1678
122	1	1	122	1	4	5	1678
122	1	2	122	1	3	5	1678
122	1	2	122	1	4	2	1678
122	1	3	122	1	4	3	1678
123	1	1	123	1	2	0	1217
123	1	1	123	1	3	0	1217
123	1	1	123	1	4	0	1217
123	1	2	123	1	3	0	1217
123	1	2	123	1	4	0	1217
123	1	3	123	1	4	0	1217
124	1	1	124	1	2	0	1805
124	1	1	124	1	3	0	1805
124	1	1	124	1	4	0	1805
124	1	2	124	1	3	0	1805
124	1	2	124	1	4	0	1805
124	1	3	124	1	4	0	1805
125	1	1	125	1	2	2	1834
125	1	1	125	1	3	7	1834
125	1	1	125	1	4	7	1834
125	1	2	125	1	3	9	1834
125	1	2	125	1	4	9	1834
125	1	3	125	1	4	0	1834
126	1	1	126	1	2	0	2374
126	1	1	126	1	3	0	2374
126	1	1	126	1	4	0	2374
126	1	2	126	1	3	0	2374
126	1	2	126	1	4	0	2374
126	1	3	126	1	4	0	2374
127	1	1	127	1	2	0	1365
127	1	1	127	1	3	0	1365
127	1	1	127	1	4	0	1365
127	1	2	127	1	3	0	1365
127	1	2	127	1	4	0	1365
127	1	3	127	1	4	0	1365
128	1	1	128	1	2	0	1847
128	1	1	128	1	3	0	1847
128	1	1	128	1	4	0	1847
128	1	2	128	1	3	0	1847
128	1	2	128	1	4	0	1847
128	1	3	128	1	4	0	1847
129	1	1	129	1	2	17	1860
129	1	1	129	1	3	12	1860
129	1	1	129	1	4	10	1860
129	1	2	129	1	3	17	1860
129	1	2	129	1	4	18	1860
129	1	3	129	1	4	12	1860
130	1	1	130	1	2	0	2164
130	1	1	130	1	3	0	2164
130	1	1	130	1	4	0	2164
130	1	2	130	1	3	0	2164
130	1	2	130	1	4	0	2164
130	1	3	130	1	4	0	2164
131	1	1	131	1	2	0	1331
131	1	1	131	1	3	0	1331
131	1	1	131	1	4	0	1331
131	1	2	131	1	3	0	1331
131	1	2	131	1	4	0	1331
131	1	3	131	1	4	0	1331
132	1	1	132	1	2	0	1162
132	1	1	132	1	3	2	1162
132	1	1	132	1	4	2	1162
132	1	2	132	1	3	2	1162
132	1	2	132	1	4	2	1162
132	1	3	132	1	4	0	1162
133	1	1	133	1	2	0	1215
133	1	1	133	1	3	0	1215
133	1	1	133	1	4	0	1215
133	1	2	133	1	3	0	1215
133	1	2	133	1	4	0	1215
133	1	3	133	1	4	0	1215
135	1	1	135	1	2	0	2039
135	1	1	135	1	3	0	2039
135	1	1	135	1	4	0	2039
135	1	2	135	1	3	0	2039
135	1	2	135	1	4	0	2039
135	1	3	135	1	4	0	2039
136	1	1	136	1	2	0	1375
136	1	1	136	1	3	1	1375
136	1	1	136	1	4	1	1375
136	1	2	136	1	3	1	1375
136	1	2	136	1	4	1	1375
136	1	3	136	1	4	0	1375
137	1	1	137	1	2	0	1505
137	1	1	137	1	3	8	1505
137	1	1	137	1	4	8	1505
137	1	2	137	1	3	8	1505
137	1	2	137	1	4	8	1505
137	1	3	137	1	4	0	1505
137	2	1	137	2	2	0	673
137	2	1	137	2	3	1	673
137	2	1	137	2	4	1	673
137	2	2	137	2	3	1	673
137	2	2	137	2	4	1	673
137	2	3	137	2	4	0	673
140	1	1	140	1	2	0	1744
140	1	1	140	1	3	0	1744
140	1	1	140	1	4	0	1744
140	1	2	140	1	3	0	1744
140	1	2	140	1	4	0	1744
140	1	3	140	1	4	0	1744
140	2	1	140	2	2	0	292
140	2	1	140	2	3	0	292
140	2	1	140	2	4	0	292
140	2	2	140	2	3	0	292
140	2	2	140	2	4	0	292
140	2	3	140	2	4	0	292
141	1	1	141	1	2	0	1696
141	1	1	141	1	3	0	1696
141	1	1	141	1	4	0	1696
141	1	2	141	1	3	0	1696
141	1	2	141	1	4	0	1696
141	1	3	141	1	4	0	1696
143	1	1	143	1	2	0	1708
143	1	1	143	1	3	0	1708
143	1	1	143	1	4	0	1708
143	1	2	143	1	3	0	1708
143	1	2	143	1	4	0	1708
143	1	3	143	1	4	0	1708
144	1	1	144	1	2	2	1565
144	1	1	144	1	3	5	1565
144	1	1	144	1	4	5	1565
144	1	2	144	1	3	3	1565
144	1	2	144	1	4	3	1565
144	1	3	144	1	4	0	1565
145	1	1	145	1	2	0	1695
145	1	1	145	1	3	0	1695
145	1	1	145	1	4	0	1695
145	1	2	145	1	3	0	1695
145	1	2	145	1	4	0	1695
145	1	3	145	1	4	0	1695
146	1	1	146	1	2	6	2122
146	1	1	146	1	3	4	2122
146	1	1	146	1	4	5	2122
146	1	2	146	1	3	7	2122
146	1	2	146	1	4	2	2122
146	1	3	146	1	4	7	2122
147	1	1	147	1	2	0	769
147	1	1	147	1	3	0	769
147	1	1	147	1	4	0	769
147	1	2	147	1	3	0	769
147	1	2	147	1	4	0	769
147	1	3	147	1	4	0	769
148	1	1	148	1	2	0	1952
148	1	1	148	1	3	1	1952
148	1	1	148	1	4	1	1952
148	1	2	148	1	3	1	1952
148	1	2	148	1	4	1	1952
148	1	3	148	1	4	0	1952
149	1	1	149	1	2	0	1241
149	1	1	149	1	3	0	1241
149	1	1	149	1	4	0	1241
149	1	2	149	1	3	0	1241
149	1	2	149	1	4	0	1241
149	1	3	149	1	4	0	1241
149	2	1	149	2	2	0	1085
149	2	1	149	2	3	0	1085
149	2	1	149	2	4	0	1085
149	2	2	149	2	3	0	1085
149	2	2	149	2	4	0	1085
149	2	3	149	2	4	0	1085
149	3	1	149	3	2	0	678
149	3	1	149	3	3	0	678
149	3	1	149	3	4	0	678
149	3	2	149	3	3	0	678
149	3	2	149	3	4	0	678
149	3	3	149	3	4	0	678
150	1	1	150	1	2	0	1420
150	1	1	150	1	3	0	1420
150	1	1	150	1	4	0	1420
150	1	2	150	1	3	0	1420
150	1	2	150	1	4	0	1420
150	1	3	150	1	4	0	1420
151	1	1	151	1	2	0	1580
151	1	1	151	1	3	0	1580
151	1	1	151	1	4	0	1580
151	1	2	151	1	3	0	1580
151	1	2	151	1	4	0	1580
151	1	3	151	1	4	0	1580
151	2	1	151	2	2	0	895
151	2	1	151	2	3	0	895
151	2	1	151	2	4	0	895
151	2	2	151	2	3	0	895
151	2	2	151	2	4	0	895
151	2	3	151	2	4	0	895
152	1	1	152	1	2	1	1640
152	1	1	152	1	3	4	1640
152	1	1	152	1	4	5	1640
152	1	2	152	1	3	5	1640
152	1	2	152	1	4	4	1640
152	1	3	152	1	4	1	1640
152	2	1	152	2	2	0	320
152	2	1	152	2	3	0	320
152	2	1	152	2	4	0	320
152	2	2	152	2	3	0	320
152	2	2	152	2	4	0	320
152	2	3	152	2	4	0	320
153	1	1	153	1	2	0	1648
153	1	1	153	1	3	0	1648
153	1	1	153	1	4	0	1648
153	1	2	153	1	3	0	1648
153	1	2	153	1	4	0	1648
153	1	3	153	1	4	0	1648
153	2	1	153	2	2	0	1800
153	2	1	153	2	3	15	1800
153	2	1	153	2	4	15	1800
153	2	2	153	2	3	15	1800
153	2	2	153	2	4	15	1800
153	2	3	153	2	4	0	1800
153	3	1	153	3	2	0	592
153	3	1	153	3	3	0	592
153	3	1	153	3	4	0	592
153	3	2	153	3	3	0	592
153	3	2	153	3	4	0	592
153	3	3	153	3	4	0	592
154	1	1	154	1	2	0	584
154	1	1	154	1	3	3	584
154	1	1	154	1	4	3	584
154	1	2	154	1	3	3	584
154	1	2	154	1	4	3	584
154	1	3	154	1	4	0	584
154	2	1	154	2	2	0	457
154	2	1	154	2	3	0	457
154	2	1	154	2	4	0	457
154	2	2	154	2	3	0	457
154	2	2	154	2	4	0	457
154	2	3	154	2	4	0	457
155	1	1	155	1	2	0	1331
155	1	1	155	1	3	1	1331
155	1	1	155	1	4	1	1331
155	1	2	155	1	3	1	1331
155	1	2	155	1	4	1	1331
155	1	3	155	1	4	0	1331
155	2	1	155	2	2	0	409
155	2	1	155	2	3	0	409
155	2	1	155	2	4	0	409
155	2	2	155	2	3	0	409
155	2	2	155	2	4	0	409
155	2	3	155	2	4	0	409
155	3	1	155	3	2	0	285
155	3	1	155	3	3	0	285
155	3	1	155	3	4	0	285
155	3	2	155	3	3	0	285
155	3	2	155	3	4	0	285
155	3	3	155	3	4	0	285
156	1	1	156	1	2	3	1550
156	1	1	156	1	3	3	1550
156	1	1	156	1	4	4	1550
156	1	2	156	1	3	2	1550
156	1	2	156	1	4	1	1550
156	1	3	156	1	4	1	1550
157	1	1	157	1	2	3	1769
157	1	1	157	1	3	2	1769
157	1	1	157	1	4	2	1769
157	1	2	157	1	3	1	1769
157	1	2	157	1	4	3	1769
157	1	3	157	1	4	4	1769
158	1	1	158	1	2	5	1652
158	1	1	158	1	3	8	1652
158	1	1	158	1	4	7	1652
158	1	2	158	1	3	3	1652
158	1	2	158	1	4	11	1652
158	1	3	158	1	4	8	1652
159	1	1	159	1	2	5	1668
159	1	1	159	1	3	3	1668
159	1	1	159	1	4	5	1668
159	1	2	159	1	3	2	1668
159	1	2	159	1	4	6	1668
159	1	3	159	1	4	8	1668
159	2	1	159	2	2	10	656
159	2	1	159	2	3	9	656
159	2	1	159	2	4	5	656
159	2	2	159	2	3	3	656
159	2	2	159	2	4	9	656
159	2	3	159	2	4	10	656
159	3	1	159	3	2	0	518
159	3	1	159	3	3	2	518
159	3	1	159	3	4	2	518
159	3	2	159	3	3	2	518
159	3	2	159	3	4	2	518
159	3	3	159	3	4	0	518
159	4	1	159	4	2	0	673
159	4	1	159	4	3	0	673
159	4	1	159	4	4	0	673
159	4	2	159	4	3	0	673
159	4	2	159	4	4	0	673
159	4	3	159	4	4	0	673
159	5	1	159	5	2	0	424
159	5	1	159	5	3	0	424
159	5	1	159	5	4	0	424
159	5	2	159	5	3	0	424
159	5	2	159	5	4	0	424
159	5	3	159	5	4	0	424
160	1	1	160	1	2	0	1486
160	1	1	160	1	3	0	1486
160	1	1	160	1	4	0	1486
160	1	2	160	1	3	0	1486
160	1	2	160	1	4	0	1486
160	1	3	160	1	4	0	1486
160	2	1	160	2	2	0	930
160	2	1	160	2	3	0	930
160	2	1	160	2	4	0	930
160	2	2	160	2	3	0	930
160	2	2	160	2	4	0	930
160	2	3	160	2	4	0	930
161	1	1	161	1	2	0	1807
161	1	1	161	1	3	0	1807
161	1	1	161	1	4	0	1807
161	1	2	161	1	3	0	1807
161	1	2	161	1	4	0	1807
161	1	3	161	1	4	0	1807
161	2	1	161	2	2	0	458
161	2	1	161	2	3	0	458
161	2	1	161	2	4	0	458
161	2	2	161	2	3	0	458
161	2	2	161	2	4	0	458
161	2	3	161	2	4	0	458
161	3	1	161	3	2	0	523
161	3	1	161	3	3	0	523
161	3	1	161	3	4	0	523
161	3	2	161	3	3	0	523
161	3	2	161	3	4	0	523
161	3	3	161	3	4	0	523
161	4	1	161	4	2	0	231
161	4	1	161	4	3	0	231
161	4	1	161	4	4	0	231
161	4	2	161	4	3	0	231
161	4	2	161	4	4	0	231
161	4	3	161	4	4	0	231
164	1	1	164	1	2	35	3156
164	1	1	164	1	3	17	3156
164	1	1	164	1	4	17	3156
164	1	2	164	1	3	31	3156
164	1	2	164	1	4	28	3156
164	1	3	164	1	4	22	3156
165	1	1	165	1	2	0	1486
165	1	1	165	1	3	1	1486
165	1	1	165	1	4	1	1486
165	1	2	165	1	3	1	1486
165	1	2	165	1	4	1	1486
165	1	3	165	1	4	0	1486
166	1	1	166	1	2	0	1733
166	1	1	166	1	3	0	1733
166	1	1	166	1	4	0	1733
166	1	2	166	1	3	0	1733
166	1	2	166	1	4	0	1733
166	1	3	166	1	4	0	1733
167	1	1	167	1	2	0	1818
167	1	1	167	1	3	0	1818
167	1	1	167	1	4	0	1818
167	1	2	167	1	3	0	1818
167	1	2	167	1	4	0	1818
167	1	3	167	1	4	0	1818
167	2	1	167	2	2	0	445
167	2	1	167	2	3	0	445
167	2	1	167	2	4	0	445
167	2	2	167	2	3	0	445
167	2	2	167	2	4	0	445
167	2	3	167	2	4	0	445
169	1	1	169	1	2	0	1361
169	1	1	169	1	3	0	1361
169	1	1	169	1	4	0	1361
169	1	2	169	1	3	0	1361
169	1	2	169	1	4	0	1361
169	1	3	169	1	4	0	1361
170	1	1	170	1	2	0	1785
170	1	1	170	1	3	0	1785
170	1	1	170	1	4	0	1785
170	1	2	170	1	3	0	1785
170	1	2	170	1	4	0	1785
170	1	3	170	1	4	0	1785
170	2	1	170	2	2	0	254
170	2	1	170	2	3	0	254
170	2	1	170	2	4	0	254
170	2	2	170	2	3	0	254
170	2	2	170	2	4	0	254
170	2	3	170	2	4	0	254
171	1	1	171	1	2	0	1225
171	1	1	171	1	3	6	1225
171	1	1	171	1	4	6	1225
171	1	2	171	1	3	6	1225
171	1	2	171	1	4	6	1225
171	1	3	171	1	4	0	1225
172	1	1	172	1	2	0	1322
172	1	1	172	1	3	1	1322
172	1	1	172	1	4	1	1322
172	1	2	172	1	3	1	1322
172	1	2	172	1	4	1	1322
172	1	3	172	1	4	0	1322
173	1	1	173	1	2	0	1018
173	1	1	173	1	3	0	1018
173	1	1	173	1	4	0	1018
173	1	2	173	1	3	0	1018
173	1	2	173	1	4	0	1018
173	1	3	173	1	4	0	1018
174	1	1	174	1	2	0	2090
174	1	1	174	1	3	2	2090
174	1	1	174	1	4	2	2090
174	1	2	174	1	3	2	2090
174	1	2	174	1	4	2	2090
174	1	3	174	1	4	0	2090
175	1	1	175	1	2	0	1617
175	1	1	175	1	3	0	1617
175	1	1	175	1	4	0	1617
175	1	2	175	1	3	0	1617
175	1	2	175	1	4	0	1617
175	1	3	175	1	4	0	1617
176	1	1	176	1	2	0	1749
176	1	1	176	1	3	0	1749
176	1	1	176	1	4	0	1749
176	1	2	176	1	3	0	1749
176	1	2	176	1	4	0	1749
176	1	3	176	1	4	0	1749
176	2	1	176	2	2	0	832
176	2	1	176	2	3	0	832
176	2	1	176	2	4	0	832
176	2	2	176	2	3	0	832
176	2	2	176	2	4	0	832
176	2	3	176	2	4	0	832
177	1	1	177	1	2	0	1838
177	1	1	177	1	3	0	1838
177	1	1	177	1	4	0	1838
177	1	2	177	1	3	0	1838
177	1	2	177	1	4	0	1838
177	1	3	177	1	4	0	1838
178	1	1	178	1	2	0	1340
178	1	1	178	1	3	0	1340
178	1	1	178	1	4	0	1340
178	1	2	178	1	3	0	1340
178	1	2	178	1	4	0	1340
178	1	3	178	1	4	0	1340
178	2	1	178	2	2	0	1046
178	2	1	178	2	3	0	1046
178	2	1	178	2	4	0	1046
178	2	2	178	2	3	0	1046
178	2	2	178	2	4	0	1046
178	2	3	178	2	4	0	1046
179	1	1	179	1	2	0	1970
179	1	1	179	1	3	1	1970
179	1	1	179	1	4	1	1970
179	1	2	179	1	3	1	1970
179	1	2	179	1	4	1	1970
179	1	3	179	1	4	0	1970
180	1	1	180	1	2	0	1934
180	1	1	180	1	3	0	1934
180	1	1	180	1	4	0	1934
180	1	2	180	1	3	0	1934
180	1	2	180	1	4	0	1934
180	1	3	180	1	4	0	1934
181	1	1	181	1	2	3	1956
181	1	1	181	1	3	1	1956
181	1	1	181	1	4	4	1956
181	1	2	181	1	3	4	1956
181	1	2	181	1	4	1	1956
181	1	3	181	1	4	3	1956
182	1	1	182	1	2	0	1353
182	1	1	182	1	3	0	1353
182	1	1	182	1	4	0	1353
182	1	2	182	1	3	0	1353
182	1	2	182	1	4	0	1353
182	1	3	182	1	4	0	1353
183	1	1	183	1	2	0	1591
183	1	1	183	1	3	0	1591
183	1	1	183	1	4	0	1591
183	1	2	183	1	3	0	1591
183	1	2	183	1	4	0	1591
183	1	3	183	1	4	0	1591
184	1	1	184	1	2	2	1777
184	1	1	184	1	3	1	1777
184	1	1	184	1	4	4	1777
184	1	2	184	1	3	1	1777
184	1	2	184	1	4	2	1777
184	1	3	184	1	4	3	1777
184	2	1	184	2	2	0	384
184	2	1	184	2	3	0	384
184	2	1	184	2	4	0	384
184	2	2	184	2	3	0	384
184	2	2	184	2	4	0	384
184	2	3	184	2	4	0	384
185	1	1	185	1	2	1	1770
185	1	1	185	1	3	2	1770
185	1	1	185	1	4	2	1770
185	1	2	185	1	3	1	1770
185	1	2	185	1	4	1	1770
185	1	3	185	1	4	0	1770
186	1	1	186	1	2	0	1267
186	1	1	186	1	3	0	1267
186	1	1	186	1	4	0	1267
186	1	2	186	1	3	0	1267
186	1	2	186	1	4	0	1267
186	1	3	186	1	4	0	1267
187	1	1	187	1	2	0	1501
187	1	1	187	1	3	0	1501
187	1	1	187	1	4	0	1501
187	1	2	187	1	3	0	1501
187	1	2	187	1	4	0	1501
187	1	3	187	1	4	0	1501
187	2	1	187	2	2	0	620
187	2	1	187	2	3	0	620
187	2	1	187	2	4	0	620
187	2	2	187	2	3	0	620
187	2	2	187	2	4	0	620
187	2	3	187	2	4	0	620
188	1	1	188	1	2	2	1969
188	1	1	188	1	3	2	1969
188	1	1	188	1	4	2	1969
188	1	2	188	1	3	0	1969
188	1	2	188	1	4	0	1969
188	1	3	188	1	4	0	1969
189	1	1	189	1	2	0	1046
189	1	1	189	1	3	0	1046
189	1	1	189	1	4	0	1046
189	1	2	189	1	3	0	1046
189	1	2	189	1	4	0	1046
189	1	3	189	1	4	0	1046
189	2	1	189	2	2	0	419
189	2	1	189	2	3	1	419
189	2	1	189	2	4	1	419
189	2	2	189	2	3	1	419
189	2	2	189	2	4	1	419
189	2	3	189	2	4	0	419
190	1	1	190	1	2	0	1249
190	1	1	190	1	3	0	1249
190	1	1	190	1	4	0	1249
190	1	2	190	1	3	0	1249
190	1	2	190	1	4	0	1249
190	1	3	190	1	4	0	1249
191	1	1	191	1	2	2	1471
191	1	1	191	1	3	2	1471
191	1	1	191	1	4	2	1471
191	1	2	191	1	3	0	1471
191	1	2	191	1	4	0	1471
191	1	3	191	1	4	0	1471
192	1	1	192	1	2	1	2047
192	1	1	192	1	3	1	2047
192	1	1	192	1	4	1	2047
192	1	2	192	1	3	0	2047
192	1	2	192	1	4	0	2047
192	1	3	192	1	4	0	2047
193	1	1	193	1	2	0	1527
193	1	1	193	1	3	0	1527
193	1	1	193	1	4	0	1527
193	1	2	193	1	3	0	1527
193	1	2	193	1	4	0	1527
193	1	3	193	1	4	0	1527
193	2	1	193	2	2	0	547
193	2	1	193	2	3	0	547
193	2	1	193	2	4	0	547
193	2	2	193	2	3	0	547
193	2	2	193	2	4	0	547
193	2	3	193	2	4	0	547
194	1	1	194	1	2	0	1581
194	1	1	194	1	3	0	1581
194	1	1	194	1	4	0	1581
194	1	2	194	1	3	0	1581
194	1	2	194	1	4	0	1581
194	1	3	194	1	4	0	1581
194	2	1	194	2	2	0	689
194	2	1	194	2	3	0	689
194	2	1	194	2	4	0	689
194	2	2	194	2	3	0	689
194	2	2	194	2	4	0	689
194	2	3	194	2	4	0	689
194	3	1	194	3	2	3	684
194	3	1	194	3	3	4	684
194	3	1	194	3	4	4	684
194	3	2	194	3	3	1	684
194	3	2	194	3	4	1	684
194	3	3	194	3	4	0	684
194	4	1	194	4	2	0	667
194	4	1	194	4	3	0	667
194	4	1	194	4	4	0	667
194	4	2	194	4	3	0	667
194	4	2	194	4	4	0	667
194	4	3	194	4	4	0	667
195	1	1	195	1	2	0	1291
195	1	1	195	1	3	0	1291
195	1	1	195	1	4	0	1291
195	1	2	195	1	3	0	1291
195	1	2	195	1	4	0	1291
195	1	3	195	1	4	0	1291
195	2	1	195	2	2	0	1570
195	2	1	195	2	3	0	1570
195	2	1	195	2	4	0	1570
195	2	2	195	2	3	0	1570
195	2	2	195	2	4	0	1570
195	2	3	195	2	4	0	1570
195	3	1	195	3	2	1	539
195	3	1	195	3	3	1	539
195	3	1	195	3	4	1	539
195	3	2	195	3	3	1	539
195	3	2	195	3	4	1	539
195	3	3	195	3	4	0	539
195	4	1	195	4	2	0	434
195	4	1	195	4	3	0	434
195	4	1	195	4	4	0	434
195	4	2	195	4	3	0	434
195	4	2	195	4	4	0	434
195	4	3	195	4	4	0	434
196	1	1	196	1	2	0	1637
196	1	1	196	1	3	1	1637
196	1	1	196	1	4	1	1637
196	1	2	196	1	3	1	1637
196	1	2	196	1	4	1	1637
196	1	3	196	1	4	0	1637
197	1	1	197	1	2	0	1251
197	1	1	197	1	3	0	1251
197	1	1	197	1	4	0	1251
197	1	2	197	1	3	0	1251
197	1	2	197	1	4	0	1251
197	1	3	197	1	4	0	1251
197	2	1	197	2	2	0	1217
197	2	1	197	2	3	0	1217
197	2	1	197	2	4	0	1217
197	2	2	197	2	3	0	1217
197	2	2	197	2	4	0	1217
197	2	3	197	2	4	0	1217
198	1	1	198	1	2	0	888
198	1	1	198	1	3	0	888
198	1	1	198	1	4	0	888
198	1	2	198	1	3	0	888
198	1	2	198	1	4	0	888
198	1	3	198	1	4	0	888
199	1	1	199	1	2	0	1569
199	1	1	199	1	3	0	1569
199	1	1	199	1	4	0	1569
199	1	2	199	1	3	0	1569
199	1	2	199	1	4	0	1569
199	1	3	199	1	4	0	1569
200	1	1	200	1	2	0	1693
200	1	1	200	1	3	1	1693
200	1	1	200	1	4	1	1693
200	1	2	200	1	3	1	1693
200	1	2	200	1	4	1	1693
200	1	3	200	1	4	0	1693
200	2	1	200	2	2	0	328
200	2	1	200	2	3	0	328
200	2	1	200	2	4	0	328
200	2	2	200	2	3	0	328
200	2	2	200	2	4	0	328
200	2	3	200	2	4	0	328
201	1	1	201	1	2	0	2001
201	1	1	201	1	3	1	2001
201	1	1	201	1	4	2	2001
201	1	2	201	1	3	1	2001
201	1	2	201	1	4	2	2001
201	1	3	201	1	4	1	2001
201	2	1	201	2	2	0	433
201	2	1	201	2	3	0	433
201	2	1	201	2	4	0	433
201	2	2	201	2	3	0	433
201	2	2	201	2	4	0	433
201	2	3	201	2	4	0	433
202	1	1	202	1	2	14	2064
202	1	1	202	1	3	19	2064
202	1	1	202	1	4	16	2064
202	1	2	202	1	3	13	2064
202	1	2	202	1	4	17	2064
202	1	3	202	1	4	10	2064
203	1	1	203	1	2	0	1911
203	1	1	203	1	3	0	1911
203	1	1	203	1	4	0	1911
203	1	2	203	1	3	0	1911
203	1	2	203	1	4	0	1911
203	1	3	203	1	4	0	1911
204	1	1	204	1	2	0	918
204	1	1	204	1	3	0	918
204	1	1	204	1	4	0	918
204	1	2	204	1	3	0	918
204	1	2	204	1	4	0	918
204	1	3	204	1	4	0	918
205	1	1	205	1	2	0	1959
205	1	1	205	1	3	0	1959
205	1	1	205	1	4	0	1959
205	1	2	205	1	3	0	1959
205	1	2	205	1	4	0	1959
205	1	3	205	1	4	0	1959
206	1	1	206	1	2	0	1795
206	1	1	206	1	3	0	1795
206	1	1	206	1	4	0	1795
206	1	2	206	1	3	0	1795
206	1	2	206	1	4	0	1795
206	1	3	206	1	4	0	1795
207	1	1	207	1	2	0	1859
207	1	1	207	1	3	0	1859
207	1	1	207	1	4	0	1859
207	1	2	207	1	3	0	1859
207	1	2	207	1	4	0	1859
207	1	3	207	1	4	0	1859
208	1	1	208	1	2	0	1950
208	1	1	208	1	3	0	1950
208	1	1	208	1	4	0	1950
208	1	2	208	1	3	0	1950
208	1	2	208	1	4	0	1950
208	1	3	208	1	4	0	1950
209	1	1	209	1	2	0	1777
209	1	1	209	1	3	0	1777
209	1	1	209	1	4	0	1777
209	1	2	209	1	3	0	1777
209	1	2	209	1	4	0	1777
209	1	3	209	1	4	0	1777
210	1	1	210	1	2	1	1783
210	1	1	210	1	3	1	1783
210	1	1	210	1	4	2	1783
210	1	2	210	1	3	0	1783
210	1	2	210	1	4	1	1783
210	1	3	210	1	4	1	1783
211	1	1	211	1	2	0	1908
211	1	1	211	1	3	0	1908
211	1	1	211	1	4	0	1908
211	1	2	211	1	3	0	1908
211	1	2	211	1	4	0	1908
211	1	3	211	1	4	0	1908
212	1	1	212	1	2	1	1241
212	1	1	212	1	3	1	1241
212	1	1	212	1	4	2	1241
212	1	2	212	1	3	2	1241
212	1	2	212	1	4	1	1241
212	1	3	212	1	4	1	1241
213	1	1	213	1	2	0	1333
213	1	1	213	1	3	1	1333
213	1	1	213	1	4	1	1333
213	1	2	213	1	3	1	1333
213	1	2	213	1	4	1	1333
213	1	3	213	1	4	0	1333
214	1	1	214	1	2	1	1486
214	1	1	214	1	3	1	1486
214	1	1	214	1	4	1	1486
214	1	2	214	1	3	0	1486
214	1	2	214	1	4	0	1486
214	1	3	214	1	4	0	1486
215	1	1	215	1	2	522	1095
215	1	1	215	1	3	549	1095
215	1	1	215	1	4	555	1095
215	1	2	215	1	3	530	1095
215	1	2	215	1	4	526	1095
215	1	3	215	1	4	548	1095
215	2	1	215	2	2	0	1736
215	2	1	215	2	3	1	1736
215	2	1	215	2	4	1	1736
215	2	2	215	2	3	1	1736
215	2	2	215	2	4	1	1736
215	2	3	215	2	4	0	1736
216	1	1	216	1	2	237	741
216	1	1	216	1	3	233	741
216	1	1	216	1	4	238	741
216	1	2	216	1	3	239	741
216	1	2	216	1	4	229	741
216	1	3	216	1	4	249	741
218	1	1	218	1	2	2	1547
218	1	1	218	1	3	5	1547
218	1	1	218	1	4	7	1547
218	1	2	218	1	3	7	1547
218	1	2	218	1	4	5	1547
218	1	3	218	1	4	2	1547
219	1	1	219	1	2	0	1768
219	1	1	219	1	3	1	1768
219	1	1	219	1	4	1	1768
219	1	2	219	1	3	1	1768
219	1	2	219	1	4	1	1768
219	1	3	219	1	4	0	1768
220	1	1	220	1	2	0	1606
220	1	1	220	1	3	0	1606
220	1	1	220	1	4	0	1606
220	1	2	220	1	3	0	1606
220	1	2	220	1	4	0	1606
220	1	3	220	1	4	0	1606
221	1	1	221	1	2	0	1673
221	1	1	221	1	3	0	1673
221	1	1	221	1	4	0	1673
221	1	2	221	1	3	0	1673
221	1	2	221	1	4	0	1673
221	1	3	221	1	4	0	1673
222	1	1	222	1	2	0	1711
222	1	1	222	1	3	0	1711
222	1	1	222	1	4	0	1711
222	1	2	222	1	3	0	1711
222	1	2	222	1	4	0	1711
222	1	3	222	1	4	0	1711
224	1	1	224	1	2	2	1292
224	1	1	224	1	3	3	1292
224	1	1	224	1	4	6	1292
224	1	2	224	1	3	5	1292
224	1	2	224	1	4	4	1292
224	1	3	224	1	4	3	1292
225	1	1	225	1	2	0	1822
225	1	1	225	1	3	2	1822
225	1	1	225	1	4	2	1822
225	1	2	225	1	3	2	1822
225	1	2	225	1	4	2	1822
225	1	3	225	1	4	0	1822
226	1	1	226	1	2	8	1488
226	1	1	226	1	3	5	1488
226	1	1	226	1	4	5	1488
226	1	2	226	1	3	7	1488
226	1	2	226	1	4	9	1488
226	1	3	226	1	4	4	1488
227	1	1	227	1	2	0	1822
227	1	1	227	1	3	0	1822
227	1	1	227	1	4	0	1822
227	1	2	227	1	3	0	1822
227	1	2	227	1	4	0	1822
227	1	3	227	1	4	0	1822
228	1	1	228	1	2	0	928
228	1	1	228	1	3	0	928
228	1	1	228	1	4	0	928
228	1	2	228	1	3	0	928
228	1	2	228	1	4	0	928
228	1	3	228	1	4	0	928
228	2	1	228	2	2	1	553
228	2	1	228	2	3	1	553
228	2	1	228	2	4	1	553
228	2	2	228	2	3	0	553
228	2	2	228	2	4	0	553
228	2	3	228	2	4	0	553
228	3	1	228	3	2	0	417
228	3	1	228	3	3	0	417
228	3	1	228	3	4	0	417
228	3	2	228	3	3	0	417
228	3	2	228	3	4	0	417
228	3	3	228	3	4	0	417
228	4	1	228	4	2	0	335
228	4	1	228	4	3	0	335
228	4	1	228	4	4	0	335
228	4	2	228	4	3	0	335
228	4	2	228	4	4	0	335
228	4	3	228	4	4	0	335
229	1	1	229	1	2	0	1878
229	1	1	229	1	3	0	1878
229	1	1	229	1	4	0	1878
229	1	2	229	1	3	0	1878
229	1	2	229	1	4	0	1878
229	1	3	229	1	4	0	1878
230	1	1	230	1	2	0	1666
230	1	1	230	1	3	0	1666
230	1	1	230	1	4	0	1666
230	1	2	230	1	3	0	1666
230	1	2	230	1	4	0	1666
230	1	3	230	1	4	0	1666
231	1	1	231	1	2	0	1380
231	1	1	231	1	3	0	1380
231	1	1	231	1	4	0	1380
231	1	2	231	1	3	0	1380
231	1	2	231	1	4	0	1380
231	1	3	231	1	4	0	1380
231	2	1	231	2	2	0	639
231	2	1	231	2	3	0	639
231	2	1	231	2	4	0	639
231	2	2	231	2	3	0	639
231	2	2	231	2	4	0	639
231	2	3	231	2	4	0	639
231	3	1	231	3	2	0	311
231	3	1	231	3	3	0	311
231	3	1	231	3	4	0	311
231	3	2	231	3	3	0	311
231	3	2	231	3	4	0	311
231	3	3	231	3	4	0	311
232	1	1	232	1	2	1	1951
232	1	1	232	1	3	2	1951
232	1	1	232	1	4	3	1951
232	1	2	232	1	3	3	1951
232	1	2	232	1	4	2	1951
232	1	3	232	1	4	1	1951
233	1	1	233	1	2	0	1107
233	1	1	233	1	3	0	1107
233	1	1	233	1	4	0	1107
233	1	2	233	1	3	0	1107
233	1	2	233	1	4	0	1107
233	1	3	233	1	4	0	1107
234	1	1	234	1	2	0	1947
234	1	1	234	1	3	0	1947
234	1	1	234	1	4	0	1947
234	1	2	234	1	3	0	1947
234	1	2	234	1	4	0	1947
234	1	3	234	1	4	0	1947
236	1	1	236	1	2	0	1739
236	1	1	236	1	3	0	1739
236	1	1	236	1	4	0	1739
236	1	2	236	1	3	0	1739
236	1	2	236	1	4	0	1739
236	1	3	236	1	4	0	1739
237	1	1	237	1	2	0	1337
237	1	1	237	1	3	0	1337
237	1	1	237	1	4	0	1337
237	1	2	237	1	3	0	1337
237	1	2	237	1	4	0	1337
237	1	3	237	1	4	0	1337
238	1	1	238	1	2	0	1944
238	1	1	238	1	3	0	1944
238	1	1	238	1	4	0	1944
238	1	2	238	1	3	0	1944
238	1	2	238	1	4	0	1944
238	1	3	238	1	4	0	1944
239	1	1	239	1	2	0	1974
239	1	1	239	1	3	0	1974
239	1	1	239	1	4	0	1974
239	1	2	239	1	3	0	1974
239	1	2	239	1	4	0	1974
239	1	3	239	1	4	0	1974
240	1	1	240	1	2	0	2133
240	1	1	240	1	3	1	2133
240	1	1	240	1	4	2	2133
240	1	2	240	1	3	1	2133
240	1	2	240	1	4	2	2133
240	1	3	240	1	4	1	2133
241	1	1	241	1	2	2	1930
241	1	1	241	1	3	2	1930
241	1	1	241	1	4	3	1930
241	1	2	241	1	3	2	1930
241	1	2	241	1	4	3	1930
241	1	3	241	1	4	3	1930
242	1	1	242	1	2	1	1692
242	1	1	242	1	3	1	1692
242	1	1	242	1	4	2	1692
242	1	2	242	1	3	2	1692
242	1	2	242	1	4	1	1692
242	1	3	242	1	4	1	1692
243	1	1	243	1	2	0	1529
243	1	1	243	1	3	0	1529
243	1	1	243	1	4	0	1529
243	1	2	243	1	3	0	1529
243	1	2	243	1	4	0	1529
243	1	3	243	1	4	0	1529
243	2	1	243	2	2	1	1307
243	2	1	243	2	3	1	1307
243	2	1	243	2	4	1	1307
243	2	2	243	2	3	0	1307
243	2	2	243	2	4	0	1307
243	2	3	243	2	4	0	1307
243	3	1	243	3	2	0	665
243	3	1	243	3	3	0	665
243	3	1	243	3	4	0	665
243	3	2	243	3	3	0	665
243	3	2	243	3	4	0	665
243	3	3	243	3	4	0	665
243	4	1	243	4	2	0	483
243	4	1	243	4	3	0	483
243	4	1	243	4	4	0	483
243	4	2	243	4	3	0	483
243	4	2	243	4	4	0	483
243	4	3	243	4	4	0	483
244	1	1	244	1	2	0	1145
244	1	1	244	1	3	1	1145
244	1	1	244	1	4	1	1145
244	1	2	244	1	3	1	1145
244	1	2	244	1	4	1	1145
244	1	3	244	1	4	0	1145
245	1	1	245	1	2	27	1796
245	1	1	245	1	3	27	1796
245	1	1	245	1	4	33	1796
245	1	2	245	1	3	29	1796
245	1	2	245	1	4	37	1796
245	1	3	245	1	4	30	1796
245	2	1	245	2	2	4	2008
245	2	1	245	2	3	4	2008
245	2	1	245	2	4	10	2008
245	2	2	245	2	3	4	2008
245	2	2	245	2	4	6	2008
245	2	3	245	2	4	8	2008
247	1	1	247	1	2	1	1502
247	1	1	247	1	3	1	1502
247	1	1	247	1	4	2	1502
247	1	2	247	1	3	0	1502
247	1	2	247	1	4	2	1502
247	1	3	247	1	4	2	1502
250	1	1	250	1	2	0	2222
250	1	1	250	1	3	0	2222
250	1	1	250	1	4	0	2222
250	1	2	250	1	3	0	2222
250	1	2	250	1	4	0	2222
250	1	3	250	1	4	0	2222
251	1	1	251	1	2	0	2050
251	1	1	251	1	3	0	2050
251	1	1	251	1	4	0	2050
251	1	2	251	1	3	0	2050
251	1	2	251	1	4	0	2050
251	1	3	251	1	4	0	2050
252	1	1	252	1	2	0	930
252	1	1	252	1	3	0	930
252	1	1	252	1	4	0	930
252	1	2	252	1	3	0	930
252	1	2	252	1	4	0	930
252	1	3	252	1	4	0	930
252	2	1	252	2	2	0	469
252	2	1	252	2	3	0	469
252	2	1	252	2	4	0	469
252	2	2	252	2	3	0	469
252	2	2	252	2	4	0	469
252	2	3	252	2	4	0	469
253	1	1	253	1	2	0	939
253	1	1	253	1	3	0	939
253	1	1	253	1	4	0	939
253	1	2	253	1	3	0	939
253	1	2	253	1	4	0	939
253	1	3	253	1	4	0	939
254	1	1	254	1	2	0	1642
254	1	1	254	1	3	1	1642
254	1	1	254	1	4	1	1642
254	1	2	254	1	3	1	1642
254	1	2	254	1	4	1	1642
254	1	3	254	1	4	0	1642
257	1	1	257	1	2	5	1309
257	1	1	257	1	3	5	1309
257	1	1	257	1	4	5	1309
257	1	2	257	1	3	9	1309
257	1	2	257	1	4	9	1309
257	1	3	257	1	4	0	1309
259	1	1	259	1	2	0	1762
259	1	1	259	1	3	0	1762
259	1	1	259	1	4	0	1762
259	1	2	259	1	3	0	1762
259	1	2	259	1	4	0	1762
259	1	3	259	1	4	0	1762
259	2	1	259	2	2	0	250
259	2	1	259	2	3	0	250
259	2	1	259	2	4	0	250
259	2	2	259	2	3	0	250
259	2	2	259	2	4	0	250
259	2	3	259	2	4	0	250
260	1	1	260	1	2	1	1901
260	1	1	260	1	3	3	1901
260	1	1	260	1	4	2	1901
260	1	2	260	1	3	4	1901
260	1	2	260	1	4	3	1901
260	1	3	260	1	4	5	1901
261	1	1	261	1	2	5	1608
261	1	1	261	1	3	2	1608
261	1	1	261	1	4	8	1608
261	1	2	261	1	3	5	1608
261	1	2	261	1	4	3	1608
261	1	3	261	1	4	6	1608
264	1	1	264	1	2	0	1239
264	1	1	264	1	3	0	1239
264	1	1	264	1	4	0	1239
264	1	2	264	1	3	0	1239
264	1	2	264	1	4	0	1239
264	1	3	264	1	4	0	1239
265	1	1	265	1	2	0	1561
265	1	1	265	1	3	0	1561
265	1	1	265	1	4	0	1561
265	1	2	265	1	3	0	1561
265	1	2	265	1	4	0	1561
265	1	3	265	1	4	0	1561
266	1	1	266	1	2	1	866
266	1	1	266	1	3	2	866
266	1	1	266	1	4	2	866
266	1	2	266	1	3	1	866
266	1	2	266	1	4	3	866
266	1	3	266	1	4	4	866
267	1	1	267	1	2	1	1909
267	1	1	267	1	3	1	1909
267	1	1	267	1	4	1	1909
267	1	2	267	1	3	0	1909
267	1	2	267	1	4	0	1909
267	1	3	267	1	4	0	1909
268	1	1	268	1	2	0	1485
268	1	1	268	1	3	3	1485
268	1	1	268	1	4	2	1485
268	1	2	268	1	3	3	1485
268	1	2	268	1	4	2	1485
268	1	3	268	1	4	1	1485
269	1	1	269	1	2	0	1963
269	1	1	269	1	3	0	1963
269	1	1	269	1	4	0	1963
269	1	2	269	1	3	0	1963
269	1	2	269	1	4	0	1963
269	1	3	269	1	4	0	1963
269	2	1	269	2	2	0	1408
269	2	1	269	2	3	0	1408
269	2	1	269	2	4	0	1408
269	2	2	269	2	3	0	1408
269	2	2	269	2	4	0	1408
269	2	3	269	2	4	0	1408
269	3	1	269	3	2	0	378
269	3	1	269	3	3	0	378
269	3	1	269	3	4	0	378
269	3	2	269	3	3	0	378
269	3	2	269	3	4	0	378
269	3	3	269	3	4	0	378
270	1	1	270	1	2	10	1351
270	1	1	270	1	3	11	1351
270	1	1	270	1	4	7	1351
270	1	2	270	1	3	3	1351
270	1	2	270	1	4	6	1351
270	1	3	270	1	4	6	1351
271	1	1	271	1	2	0	1589
271	1	1	271	1	3	1	1589
271	1	1	271	1	4	1	1589
271	1	2	271	1	3	1	1589
271	1	2	271	1	4	1	1589
271	1	3	271	1	4	0	1589
271	2	1	271	2	2	41	1245
271	2	1	271	2	3	50	1245
271	2	1	271	2	4	51	1245
271	2	2	271	2	3	50	1245
271	2	2	271	2	4	54	1245
271	2	3	271	2	4	59	1245
271	3	1	271	3	2	1	1095
271	3	1	271	3	3	2	1095
271	3	1	271	3	4	2	1095
271	3	2	271	3	3	1	1095
271	3	2	271	3	4	1	1095
271	3	3	271	3	4	0	1095
271	4	1	271	4	2	0	686
271	4	1	271	4	3	0	686
271	4	1	271	4	4	0	686
271	4	2	271	4	3	0	686
271	4	2	271	4	4	0	686
271	4	3	271	4	4	0	686
271	5	1	271	5	2	0	640
271	5	1	271	5	3	0	640
271	5	1	271	5	4	0	640
271	5	2	271	5	3	0	640
271	5	2	271	5	4	0	640
271	5	3	271	5	4	0	640
271	6	1	271	6	2	0	685
271	6	1	271	6	3	0	685
271	6	1	271	6	4	0	685
271	6	2	271	6	3	0	685
271	6	2	271	6	4	0	685
271	6	3	271	6	4	0	685
271	7	1	271	7	2	0	418
271	7	1	271	7	3	0	418
271	7	1	271	7	4	0	418
271	7	2	271	7	3	0	418
271	7	2	271	7	4	0	418
271	7	3	271	7	4	0	418
271	8	1	271	8	2	0	277
271	8	1	271	8	3	0	277
271	8	1	271	8	4	0	277
271	8	2	271	8	3	0	277
271	8	2	271	8	4	0	277
271	8	3	271	8	4	0	277
272	1	1	272	1	2	1	1595
272	1	1	272	1	3	1	1595
272	1	1	272	1	4	1	1595
272	1	2	272	1	3	0	1595
272	1	2	272	1	4	0	1595
272	1	3	272	1	4	0	1595
272	2	1	272	2	2	0	251
272	2	1	272	2	3	0	251
272	2	1	272	2	4	0	251
272	2	2	272	2	3	0	251
272	2	2	272	2	4	0	251
272	2	3	272	2	4	0	251
273	1	1	273	1	2	0	1796
273	1	1	273	1	3	16	1796
273	1	1	273	1	4	15	1796
273	1	2	273	1	3	16	1796
273	1	2	273	1	4	15	1796
273	1	3	273	1	4	1	1796
274	1	1	274	1	2	0	1410
274	1	1	274	1	3	1	1410
274	1	1	274	1	4	1	1410
274	1	2	274	1	3	1	1410
274	1	2	274	1	4	1	1410
274	1	3	274	1	4	0	1410
275	1	1	275	1	2	8	1511
275	1	1	275	1	3	12	1511
275	1	1	275	1	4	11	1511
275	1	2	275	1	3	14	1511
275	1	2	275	1	4	12	1511
275	1	3	275	1	4	11	1511
276	1	1	276	1	2	0	1632
276	1	1	276	1	3	2	1632
276	1	1	276	1	4	2	1632
276	1	2	276	1	3	2	1632
276	1	2	276	1	4	2	1632
276	1	3	276	1	4	0	1632
277	1	1	277	1	2	5	1383
277	1	1	277	1	3	4	1383
277	1	1	277	1	4	3	1383
277	1	2	277	1	3	3	1383
277	1	2	277	1	4	2	1383
277	1	3	277	1	4	1	1383
278	1	1	278	1	2	2	1530
278	1	1	278	1	3	1	1530
278	1	1	278	1	4	2	1530
278	1	2	278	1	3	3	1530
278	1	2	278	1	4	2	1530
278	1	3	278	1	4	1	1530
279	1	1	279	1	2	0	1794
279	1	1	279	1	3	0	1794
279	1	1	279	1	4	0	1794
279	1	2	279	1	3	0	1794
279	1	2	279	1	4	0	1794
279	1	3	279	1	4	0	1794
280	1	1	280	1	2	0	957
280	1	1	280	1	3	0	957
280	1	1	280	1	4	0	957
280	1	2	280	1	3	0	957
280	1	2	280	1	4	0	957
280	1	3	280	1	4	0	957
281	1	1	281	1	2	5	2002
281	1	1	281	1	3	3	2002
281	1	1	281	1	4	2	2002
281	1	2	281	1	3	4	2002
281	1	2	281	1	4	5	2002
281	1	3	281	1	4	3	2002
282	1	1	282	1	2	0	1270
282	1	1	282	1	3	0	1270
282	1	1	282	1	4	0	1270
282	1	2	282	1	3	0	1270
282	1	2	282	1	4	0	1270
282	1	3	282	1	4	0	1270
283	1	1	283	1	2	0	1722
283	1	1	283	1	3	0	1722
283	1	1	283	1	4	0	1722
283	1	2	283	1	3	0	1722
283	1	2	283	1	4	0	1722
283	1	3	283	1	4	0	1722
284	1	1	284	1	2	0	1815
284	1	1	284	1	3	0	1815
284	1	1	284	1	4	0	1815
284	1	2	284	1	3	0	1815
284	1	2	284	1	4	0	1815
284	1	3	284	1	4	0	1815
285	1	1	285	1	2	0	1586
285	1	1	285	1	3	0	1586
285	1	1	285	1	4	0	1586
285	1	2	285	1	3	0	1586
285	1	2	285	1	4	0	1586
285	1	3	285	1	4	0	1586
285	2	1	285	2	2	2	754
285	2	1	285	2	3	2	754
285	2	1	285	2	4	2	754
285	2	2	285	2	3	0	754
285	2	2	285	2	4	0	754
285	2	3	285	2	4	0	754
286	1	1	286	1	2	0	1203
286	1	1	286	1	3	0	1203
286	1	1	286	1	4	0	1203
286	1	2	286	1	3	0	1203
286	1	2	286	1	4	0	1203
286	1	3	286	1	4	0	1203
286	2	1	286	2	2	0	175
286	2	1	286	2	3	0	175
286	2	1	286	2	4	0	175
286	2	2	286	2	3	0	175
286	2	2	286	2	4	0	175
286	2	3	286	2	4	0	175
287	1	1	287	1	2	0	1004
287	1	1	287	1	3	1	1004
287	1	1	287	1	4	1	1004
287	1	2	287	1	3	1	1004
287	1	2	287	1	4	1	1004
287	1	3	287	1	4	0	1004
287	2	1	287	2	2	0	492
287	2	1	287	2	3	0	492
287	2	1	287	2	4	0	492
287	2	2	287	2	3	0	492
287	2	2	287	2	4	0	492
287	2	3	287	2	4	0	492
288	1	1	288	1	2	0	1962
288	1	1	288	1	3	1	1962
288	1	1	288	1	4	1	1962
288	1	2	288	1	3	1	1962
288	1	2	288	1	4	1	1962
288	1	3	288	1	4	0	1962
289	1	1	289	1	2	0	1692
289	1	1	289	1	3	0	1692
289	1	1	289	1	4	0	1692
289	1	2	289	1	3	0	1692
289	1	2	289	1	4	0	1692
289	1	3	289	1	4	0	1692
289	2	1	289	2	2	0	1119
289	2	1	289	2	3	1	1119
289	2	1	289	2	4	1	1119
289	2	2	289	2	3	1	1119
289	2	2	289	2	4	1	1119
289	2	3	289	2	4	0	1119
290	1	1	290	1	2	3	1688
290	1	1	290	1	3	4	1688
290	1	1	290	1	4	6	1688
290	1	2	290	1	3	1	1688
290	1	2	290	1	4	9	1688
290	1	3	290	1	4	8	1688
291	1	1	291	1	2	1	1438
291	1	1	291	1	3	3	1438
291	1	1	291	1	4	3	1438
291	1	2	291	1	3	3	1438
291	1	2	291	1	4	3	1438
291	1	3	291	1	4	1	1438
292	1	1	292	1	2	0	920
292	1	1	292	1	3	0	920
292	1	1	292	1	4	0	920
292	1	2	292	1	3	0	920
292	1	2	292	1	4	0	920
292	1	3	292	1	4	0	920
293	1	1	293	1	2	0	1182
293	1	1	293	1	3	0	1182
293	1	1	293	1	4	0	1182
293	1	2	293	1	3	0	1182
293	1	2	293	1	4	0	1182
293	1	3	293	1	4	0	1182
294	1	1	294	1	2	0	1359
294	1	1	294	1	3	3	1359
294	1	1	294	1	4	3	1359
294	1	2	294	1	3	3	1359
294	1	2	294	1	4	3	1359
294	1	3	294	1	4	0	1359
294	2	1	294	2	2	0	1539
294	2	1	294	2	3	2	1539
294	2	1	294	2	4	2	1539
294	2	2	294	2	3	2	1539
294	2	2	294	2	4	2	1539
294	2	3	294	2	4	0	1539
294	3	1	294	3	2	0	1027
294	3	1	294	3	3	0	1027
294	3	1	294	3	4	0	1027
294	3	2	294	3	3	0	1027
294	3	2	294	3	4	0	1027
294	3	3	294	3	4	0	1027
295	1	1	295	1	2	0	1649
295	1	1	295	1	3	0	1649
295	1	1	295	1	4	0	1649
295	1	2	295	1	3	0	1649
295	1	2	295	1	4	0	1649
295	1	3	295	1	4	0	1649
296	1	1	296	1	2	0	1838
296	1	1	296	1	3	0	1838
296	1	1	296	1	4	0	1838
296	1	2	296	1	3	0	1838
296	1	2	296	1	4	0	1838
296	1	3	296	1	4	0	1838
297	1	1	297	1	2	0	1422
297	1	1	297	1	3	0	1422
297	1	1	297	1	4	0	1422
297	1	2	297	1	3	0	1422
297	1	2	297	1	4	0	1422
297	1	3	297	1	4	0	1422
298	1	1	298	1	2	5	1670
298	1	1	298	1	3	6	1670
298	1	1	298	1	4	4	1670
298	1	2	298	1	3	1	1670
298	1	2	298	1	4	3	1670
298	1	3	298	1	4	2	1670
298	2	1	298	2	2	0	521
298	2	1	298	2	3	0	521
298	2	1	298	2	4	0	521
298	2	2	298	2	3	0	521
298	2	2	298	2	4	0	521
298	2	3	298	2	4	0	521
299	1	1	299	1	2	0	1754
299	1	1	299	1	3	0	1754
299	1	1	299	1	4	0	1754
299	1	2	299	1	3	0	1754
299	1	2	299	1	4	0	1754
299	1	3	299	1	4	0	1754
299	2	1	299	2	2	0	1739
299	2	1	299	2	3	0	1739
299	2	1	299	2	4	0	1739
299	2	2	299	2	3	0	1739
299	2	2	299	2	4	0	1739
299	2	3	299	2	4	0	1739
300	1	1	300	1	2	0	1783
300	1	1	300	1	3	1	1783
300	1	1	300	1	4	1	1783
300	1	2	300	1	3	1	1783
300	1	2	300	1	4	1	1783
300	1	3	300	1	4	0	1783
301	1	1	301	1	2	0	1830
301	1	1	301	1	3	0	1830
301	1	1	301	1	4	0	1830
301	1	2	301	1	3	0	1830
301	1	2	301	1	4	0	1830
301	1	3	301	1	4	0	1830
301	2	1	301	2	2	3	1696
301	2	1	301	2	3	5	1696
301	2	1	301	2	4	5	1696
301	2	2	301	2	3	4	1696
301	2	2	301	2	4	3	1696
301	2	3	301	2	4	3	1696
301	3	1	301	3	2	0	1129
301	3	1	301	3	3	0	1129
301	3	1	301	3	4	0	1129
301	3	2	301	3	3	0	1129
301	3	2	301	3	4	0	1129
301	3	3	301	3	4	0	1129
302	1	1	302	1	2	5	1243
302	1	1	302	1	3	7	1243
302	1	1	302	1	4	8	1243
302	1	2	302	1	3	2	1243
302	1	2	302	1	4	3	1243
302	1	3	302	1	4	1	1243
303	1	1	303	1	2	0	1987
303	1	1	303	1	3	0	1987
303	1	1	303	1	4	0	1987
303	1	2	303	1	3	0	1987
303	1	2	303	1	4	0	1987
303	1	3	303	1	4	0	1987
304	1	1	304	1	2	0	1266
304	1	1	304	1	3	0	1266
304	1	1	304	1	4	0	1266
304	1	2	304	1	3	0	1266
304	1	2	304	1	4	0	1266
304	1	3	304	1	4	0	1266
304	2	1	304	2	2	0	1051
304	2	1	304	2	3	0	1051
304	2	1	304	2	4	0	1051
304	2	2	304	2	3	0	1051
304	2	2	304	2	4	0	1051
304	2	3	304	2	4	0	1051
304	3	1	304	3	2	0	473
304	3	1	304	3	3	0	473
304	3	1	304	3	4	0	473
304	3	2	304	3	3	0	473
304	3	2	304	3	4	0	473
304	3	3	304	3	4	0	473
305	1	1	305	1	2	0	1502
305	1	1	305	1	3	0	1502
305	1	1	305	1	4	0	1502
305	1	2	305	1	3	0	1502
305	1	2	305	1	4	0	1502
305	1	3	305	1	4	0	1502
306	1	1	306	1	2	0	1959
306	1	1	306	1	3	0	1959
306	1	1	306	1	4	0	1959
306	1	2	306	1	3	0	1959
306	1	2	306	1	4	0	1959
306	1	3	306	1	4	0	1959
307	1	1	307	1	2	0	1518
307	1	1	307	1	3	0	1518
307	1	1	307	1	4	0	1518
307	1	2	307	1	3	0	1518
307	1	2	307	1	4	0	1518
307	1	3	307	1	4	0	1518
307	2	1	307	2	2	0	780
307	2	1	307	2	3	0	780
307	2	1	307	2	4	1	780
307	2	2	307	2	3	0	780
307	2	2	307	2	4	1	780
307	2	3	307	2	4	1	780
309	1	1	309	1	2	0	1806
309	1	1	309	1	3	0	1806
309	1	1	309	1	4	0	1806
309	1	2	309	1	3	0	1806
309	1	2	309	1	4	0	1806
309	1	3	309	1	4	0	1806
309	2	1	309	2	2	0	837
309	2	1	309	2	3	0	837
309	2	1	309	2	4	0	837
309	2	2	309	2	3	0	837
309	2	2	309	2	4	0	837
309	2	3	309	2	4	0	837
309	3	1	309	3	2	0	390
309	3	1	309	3	3	0	390
309	3	1	309	3	4	0	390
309	3	2	309	3	3	0	390
309	3	2	309	3	4	0	390
309	3	3	309	3	4	0	390
309	4	1	309	4	2	0	309
309	4	1	309	4	3	0	309
309	4	1	309	4	4	0	309
309	4	2	309	4	3	0	309
309	4	2	309	4	4	0	309
309	4	3	309	4	4	0	309
311	1	1	311	1	2	0	2261
311	1	1	311	1	3	0	2261
311	1	1	311	1	4	0	2261
311	1	2	311	1	3	0	2261
311	1	2	311	1	4	0	2261
311	1	3	311	1	4	0	2261
312	1	1	312	1	2	0	1365
312	1	1	312	1	3	0	1365
312	1	1	312	1	4	0	1365
312	1	2	312	1	3	0	1365
312	1	2	312	1	4	0	1365
312	1	3	312	1	4	0	1365
313	1	1	313	1	2	9	1805
313	1	1	313	1	3	9	1805
313	1	1	313	1	4	8	1805
313	1	2	313	1	3	4	1805
313	1	2	313	1	4	5	1805
313	1	3	313	1	4	2	1805
314	1	1	314	1	2	1	1822
314	1	1	314	1	3	1	1822
314	1	1	314	1	4	1	1822
314	1	2	314	1	3	0	1822
314	1	2	314	1	4	0	1822
314	1	3	314	1	4	0	1822
315	1	1	315	1	2	701	2442
315	1	1	315	1	3	713	2442
315	1	1	315	1	4	712	2442
315	1	2	315	1	3	712	2442
315	1	2	315	1	4	703	2442
315	1	3	315	1	4	702	2442
316	1	1	316	1	2	0	1606
316	1	1	316	1	3	0	1606
316	1	1	316	1	4	0	1606
316	1	2	316	1	3	0	1606
316	1	2	316	1	4	0	1606
316	1	3	316	1	4	0	1606
316	2	1	316	2	2	0	521
316	2	1	316	2	3	0	521
316	2	1	316	2	4	0	521
316	2	2	316	2	3	0	521
316	2	2	316	2	4	0	521
316	2	3	316	2	4	0	521
318	1	1	318	1	2	0	809
318	1	1	318	1	3	1	809
318	1	1	318	1	4	1	809
318	1	2	318	1	3	1	809
318	1	2	318	1	4	1	809
318	1	3	318	1	4	0	809
318	2	1	318	2	2	0	851
318	2	1	318	2	3	0	851
318	2	1	318	2	4	0	851
318	2	2	318	2	3	0	851
318	2	2	318	2	4	0	851
318	2	3	318	2	4	0	851
318	3	1	318	3	2	0	482
318	3	1	318	3	3	0	482
318	3	1	318	3	4	0	482
318	3	2	318	3	3	0	482
318	3	2	318	3	4	0	482
318	3	3	318	3	4	0	482
318	4	1	318	4	2	1	599
318	4	1	318	4	3	2	599
318	4	1	318	4	4	2	599
318	4	2	318	4	3	1	599
318	4	2	318	4	4	1	599
318	4	3	318	4	4	0	599
319	1	1	319	1	2	3	2196
319	1	1	319	1	3	7	2196
319	1	1	319	1	4	5	2196
319	1	2	319	1	3	8	2196
319	1	2	319	1	4	6	2196
319	1	3	319	1	4	4	2196
320	1	1	320	1	2	0	832
320	1	1	320	1	3	0	832
320	1	1	320	1	4	0	832
320	1	2	320	1	3	0	832
320	1	2	320	1	4	0	832
320	1	3	320	1	4	0	832
321	1	1	321	1	2	0	1741
321	1	1	321	1	3	0	1741
321	1	1	321	1	4	0	1741
321	1	2	321	1	3	0	1741
321	1	2	321	1	4	0	1741
321	1	3	321	1	4	0	1741
322	1	1	322	1	2	0	917
322	1	1	322	1	3	2	917
322	1	1	322	1	4	2	917
322	1	2	322	1	3	2	917
322	1	2	322	1	4	2	917
322	1	3	322	1	4	0	917
323	1	1	323	1	2	0	1093
323	1	1	323	1	3	0	1093
323	1	1	323	1	4	0	1093
323	1	2	323	1	3	0	1093
323	1	2	323	1	4	0	1093
323	1	3	323	1	4	0	1093
324	1	1	324	1	2	0	774
324	1	1	324	1	3	0	774
324	1	1	324	1	4	0	774
324	1	2	324	1	3	0	774
324	1	2	324	1	4	0	774
324	1	3	324	1	4	0	774
325	1	1	325	1	2	0	1665
325	1	1	325	1	3	1	1665
325	1	1	325	1	4	1	1665
325	1	2	325	1	3	1	1665
325	1	2	325	1	4	1	1665
325	1	3	325	1	4	0	1665
325	2	1	325	2	2	3	281
325	2	1	325	2	3	7	281
325	2	1	325	2	4	5	281
325	2	2	325	2	3	6	281
325	2	2	325	2	4	5	281
325	2	3	325	2	4	6	281
326	1	1	326	1	2	1	1844
326	1	1	326	1	3	1	1844
326	1	1	326	1	4	2	1844
326	1	2	326	1	3	2	1844
326	1	2	326	1	4	1	1844
326	1	3	326	1	4	1	1844
327	1	1	327	1	2	0	2015
327	1	1	327	1	3	0	2015
327	1	1	327	1	4	0	2015
327	1	2	327	1	3	0	2015
327	1	2	327	1	4	0	2015
327	1	3	327	1	4	0	2015
328	1	1	328	1	2	0	1346
328	1	1	328	1	3	5	1346
328	1	1	328	1	4	5	1346
328	1	2	328	1	3	5	1346
328	1	2	328	1	4	5	1346
328	1	3	328	1	4	0	1346
328	2	1	328	2	2	0	663
328	2	1	328	2	3	0	663
328	2	1	328	2	4	0	663
328	2	2	328	2	3	0	663
328	2	2	328	2	4	0	663
328	2	3	328	2	4	0	663
330	1	1	330	1	2	0	1636
330	1	1	330	1	3	0	1636
330	1	1	330	1	4	0	1636
330	1	2	330	1	3	0	1636
330	1	2	330	1	4	0	1636
330	1	3	330	1	4	0	1636
333	1	1	333	1	2	0	1353
333	1	1	333	1	3	0	1353
333	1	1	333	1	4	0	1353
333	1	2	333	1	3	0	1353
333	1	2	333	1	4	0	1353
333	1	3	333	1	4	0	1353
333	2	1	333	2	2	0	465
333	2	1	333	2	3	0	465
333	2	1	333	2	4	0	465
333	2	2	333	2	3	0	465
333	2	2	333	2	4	0	465
333	2	3	333	2	4	0	465
334	1	1	334	1	2	1	1744
334	1	1	334	1	3	2	1744
334	1	1	334	1	4	3	1744
334	1	2	334	1	3	3	1744
334	1	2	334	1	4	2	1744
334	1	3	334	1	4	1	1744
335	1	1	335	1	2	0	1517
335	1	1	335	1	3	0	1517
335	1	1	335	1	4	1	1517
335	1	2	335	1	3	0	1517
335	1	2	335	1	4	1	1517
335	1	3	335	1	4	1	1517
335	2	1	335	2	2	0	1497
335	2	1	335	2	3	0	1497
335	2	1	335	2	4	0	1497
335	2	2	335	2	3	0	1497
335	2	2	335	2	4	0	1497
335	2	3	335	2	4	0	1497
337	1	1	337	1	2	0	1776
337	1	1	337	1	3	0	1776
337	1	1	337	1	4	0	1776
337	1	2	337	1	3	0	1776
337	1	2	337	1	4	0	1776
337	1	3	337	1	4	0	1776
338	1	1	338	1	2	1	2065
338	1	1	338	1	3	2	2065
338	1	1	338	1	4	3	2065
338	1	2	338	1	3	3	2065
338	1	2	338	1	4	2	2065
338	1	3	338	1	4	1	2065
339	1	1	339	1	2	2	1762
339	1	1	339	1	3	1	1762
339	1	1	339	1	4	4	1762
339	1	2	339	1	3	3	1762
339	1	2	339	1	4	3	1762
339	1	3	339	1	4	3	1762
339	2	1	339	2	2	0	492
339	2	1	339	2	3	0	492
339	2	1	339	2	4	0	492
339	2	2	339	2	3	0	492
339	2	2	339	2	4	0	492
339	2	3	339	2	4	0	492
339	3	1	339	3	2	0	264
339	3	1	339	3	3	0	264
339	3	1	339	3	4	0	264
339	3	2	339	3	3	0	264
339	3	2	339	3	4	0	264
339	3	3	339	3	4	0	264
340	1	1	340	1	2	0	1116
340	1	1	340	1	3	0	1116
340	1	1	340	1	4	0	1116
340	1	2	340	1	3	0	1116
340	1	2	340	1	4	0	1116
340	1	3	340	1	4	0	1116
340	2	1	340	2	2	0	916
340	2	1	340	2	3	2	916
340	2	1	340	2	4	2	916
340	2	2	340	2	3	2	916
340	2	2	340	2	4	2	916
340	2	3	340	2	4	0	916
340	3	1	340	3	2	0	242
340	3	1	340	3	3	0	242
340	3	1	340	3	4	0	242
340	3	2	340	3	3	0	242
340	3	2	340	3	4	0	242
340	3	3	340	3	4	0	242
341	1	1	341	1	2	0	1460
341	1	1	341	1	3	1	1460
341	1	1	341	1	4	1	1460
341	1	2	341	1	3	1	1460
341	1	2	341	1	4	1	1460
341	1	3	341	1	4	0	1460
342	1	1	342	1	2	0	1742
342	1	1	342	1	3	0	1742
342	1	1	342	1	4	0	1742
342	1	2	342	1	3	0	1742
342	1	2	342	1	4	0	1742
342	1	3	342	1	4	0	1742
344	1	1	344	1	2	0	1490
344	1	1	344	1	3	2	1490
344	1	1	344	1	4	2	1490
344	1	2	344	1	3	2	1490
344	1	2	344	1	4	2	1490
344	1	3	344	1	4	0	1490
345	1	1	345	1	2	0	1854
345	1	1	345	1	3	0	1854
345	1	1	345	1	4	0	1854
345	1	2	345	1	3	0	1854
345	1	2	345	1	4	0	1854
345	1	3	345	1	4	0	1854
346	1	1	346	1	2	6	2052
346	1	1	346	1	3	6	2052
346	1	1	346	1	4	2	2052
346	1	2	346	1	3	2	2052
346	1	2	346	1	4	6	2052
346	1	3	346	1	4	6	2052
347	1	1	347	1	2	0	1799
347	1	1	347	1	3	1	1799
347	1	1	347	1	4	1	1799
347	1	2	347	1	3	1	1799
347	1	2	347	1	4	1	1799
347	1	3	347	1	4	0	1799
348	1	1	348	1	2	2	1412
348	1	1	348	1	3	9	1412
348	1	1	348	1	4	8	1412
348	1	2	348	1	3	9	1412
348	1	2	348	1	4	10	1412
348	1	3	348	1	4	1	1412
349	1	1	349	1	2	0	1717
349	1	1	349	1	3	4	1717
349	1	1	349	1	4	4	1717
349	1	2	349	1	3	4	1717
349	1	2	349	1	4	4	1717
349	1	3	349	1	4	0	1717
349	2	1	349	2	2	0	265
349	2	1	349	2	3	0	265
349	2	1	349	2	4	0	265
349	2	2	349	2	3	0	265
349	2	2	349	2	4	0	265
349	2	3	349	2	4	0	265
350	1	1	350	1	2	0	891
350	1	1	350	1	3	0	891
350	1	1	350	1	4	0	891
350	1	2	350	1	3	0	891
350	1	2	350	1	4	0	891
350	1	3	350	1	4	0	891
350	2	1	350	2	2	0	841
350	2	1	350	2	3	0	841
350	2	1	350	2	4	0	841
350	2	2	350	2	3	0	841
350	2	2	350	2	4	0	841
350	2	3	350	2	4	0	841
350	3	1	350	3	2	0	794
350	3	1	350	3	3	0	794
350	3	1	350	3	4	0	794
350	3	2	350	3	3	0	794
350	3	2	350	3	4	0	794
350	3	3	350	3	4	0	794
351	1	1	351	1	2	56	1736
351	1	1	351	1	3	42	1736
351	1	1	351	1	4	37	1736
351	1	2	351	1	3	47	1736
351	1	2	351	1	4	40	1736
351	1	3	351	1	4	44	1736
352	1	1	352	1	2	0	1936
352	1	1	352	1	3	0	1936
352	1	1	352	1	4	0	1936
352	1	2	352	1	3	0	1936
352	1	2	352	1	4	0	1936
352	1	3	352	1	4	0	1936
352	2	1	352	2	2	0	446
352	2	1	352	2	3	0	446
352	2	1	352	2	4	0	446
352	2	2	352	2	3	0	446
352	2	2	352	2	4	0	446
352	2	3	352	2	4	0	446
353	1	1	353	1	2	0	1289
353	1	1	353	1	3	0	1289
353	1	1	353	1	4	0	1289
353	1	2	353	1	3	0	1289
353	1	2	353	1	4	0	1289
353	1	3	353	1	4	0	1289
354	1	1	354	1	2	2	1487
354	1	1	354	1	3	1	1487
354	1	1	354	1	4	1	1487
354	1	2	354	1	3	1	1487
354	1	2	354	1	4	1	1487
354	1	3	354	1	4	0	1487
355	1	1	355	1	2	0	1637
355	1	1	355	1	3	2	1637
355	1	1	355	1	4	2	1637
355	1	2	355	1	3	2	1637
355	1	2	355	1	4	2	1637
355	1	3	355	1	4	0	1637
356	1	1	356	1	2	0	1197
356	1	1	356	1	3	0	1197
356	1	1	356	1	4	0	1197
356	1	2	356	1	3	0	1197
356	1	2	356	1	4	0	1197
356	1	3	356	1	4	0	1197
357	1	1	357	1	2	0	1924
357	1	1	357	1	3	0	1924
357	1	1	357	1	4	0	1924
357	1	2	357	1	3	0	1924
357	1	2	357	1	4	0	1924
357	1	3	357	1	4	0	1924
358	1	1	358	1	2	2	1157
358	1	1	358	1	3	2	1157
358	1	1	358	1	4	2	1157
358	1	2	358	1	3	2	1157
358	1	2	358	1	4	2	1157
358	1	3	358	1	4	0	1157
359	1	1	359	1	2	0	1344
359	1	1	359	1	3	1	1344
359	1	1	359	1	4	1	1344
359	1	2	359	1	3	1	1344
359	1	2	359	1	4	1	1344
359	1	3	359	1	4	0	1344
361	1	1	361	1	2	0	1689
361	1	1	361	1	3	0	1689
361	1	1	361	1	4	0	1689
361	1	2	361	1	3	0	1689
361	1	2	361	1	4	0	1689
361	1	3	361	1	4	0	1689
362	1	1	362	1	2	0	1485
362	1	1	362	1	3	0	1485
362	1	1	362	1	4	1	1485
362	1	2	362	1	3	0	1485
362	1	2	362	1	4	1	1485
362	1	3	362	1	4	1	1485
362	2	1	362	2	2	0	1387
362	2	1	362	2	3	1	1387
362	2	1	362	2	4	1	1387
362	2	2	362	2	3	1	1387
362	2	2	362	2	4	1	1387
362	2	3	362	2	4	0	1387
363	1	1	363	1	2	0	1277
363	1	1	363	1	3	1	1277
363	1	1	363	1	4	1	1277
363	1	2	363	1	3	1	1277
363	1	2	363	1	4	1	1277
363	1	3	363	1	4	0	1277
364	1	1	364	1	2	7	1713
364	1	1	364	1	3	5	1713
364	1	1	364	1	4	4	1713
364	1	2	364	1	3	2	1713
364	1	2	364	1	4	3	1713
364	1	3	364	1	4	3	1713
364	2	1	364	2	2	0	407
364	2	1	364	2	3	0	407
364	2	1	364	2	4	0	407
364	2	2	364	2	3	0	407
364	2	2	364	2	4	0	407
364	2	3	364	2	4	0	407
365	1	1	365	1	2	0	1724
365	1	1	365	1	3	0	1724
365	1	1	365	1	4	0	1724
365	1	2	365	1	3	0	1724
365	1	2	365	1	4	0	1724
365	1	3	365	1	4	0	1724
366	1	1	366	1	2	0	1683
366	1	1	366	1	3	0	1683
366	1	1	366	1	4	0	1683
366	1	2	366	1	3	0	1683
366	1	2	366	1	4	0	1683
366	1	3	366	1	4	0	1683
367	1	1	367	1	2	0	1998
367	1	1	367	1	3	0	1998
367	1	1	367	1	4	0	1998
367	1	2	367	1	3	0	1998
367	1	2	367	1	4	0	1998
367	1	3	367	1	4	0	1998
367	2	1	367	2	2	0	561
367	2	1	367	2	3	0	561
367	2	1	367	2	4	0	561
367	2	2	367	2	3	0	561
367	2	2	367	2	4	0	561
367	2	3	367	2	4	0	561
368	1	1	368	1	2	0	1594
368	1	1	368	1	3	0	1594
368	1	1	368	1	4	0	1594
368	1	2	368	1	3	0	1594
368	1	2	368	1	4	0	1594
368	1	3	368	1	4	0	1594
369	1	1	369	1	2	0	1374
369	1	1	369	1	3	0	1374
369	1	1	369	1	4	0	1374
369	1	2	369	1	3	0	1374
369	1	2	369	1	4	0	1374
369	1	3	369	1	4	0	1374
370	1	1	370	1	2	0	1720
370	1	1	370	1	3	0	1720
370	1	1	370	1	4	0	1720
370	1	2	370	1	3	0	1720
370	1	2	370	1	4	0	1720
370	1	3	370	1	4	0	1720
371	1	1	371	1	2	0	1652
371	1	1	371	1	3	0	1652
371	1	1	371	1	4	0	1652
371	1	2	371	1	3	0	1652
371	1	2	371	1	4	0	1652
371	1	3	371	1	4	0	1652
371	2	1	371	2	2	0	219
371	2	1	371	2	3	0	219
371	2	1	371	2	4	0	219
371	2	2	371	2	3	0	219
371	2	2	371	2	4	0	219
371	2	3	371	2	4	0	219
372	1	1	372	1	2	0	1732
372	1	1	372	1	3	2	1732
372	1	1	372	1	4	2	1732
372	1	2	372	1	3	2	1732
372	1	2	372	1	4	2	1732
372	1	3	372	1	4	0	1732
373	1	1	373	1	2	0	2939
373	1	1	373	1	3	0	2939
373	1	1	373	1	4	0	2939
373	1	2	373	1	3	0	2939
373	1	2	373	1	4	0	2939
373	1	3	373	1	4	0	2939
373	2	1	373	2	2	0	459
373	2	1	373	2	3	0	459
373	2	1	373	2	4	0	459
373	2	2	373	2	3	0	459
373	2	2	373	2	4	0	459
373	2	3	373	2	4	0	459
374	1	1	374	1	2	2	1885
374	1	1	374	1	3	2	1885
374	1	1	374	1	4	2	1885
374	1	2	374	1	3	2	1885
374	1	2	374	1	4	2	1885
374	1	3	374	1	4	2	1885
375	1	1	375	1	2	0	1753
375	1	1	375	1	3	0	1753
375	1	1	375	1	4	0	1753
375	1	2	375	1	3	0	1753
375	1	2	375	1	4	0	1753
375	1	3	375	1	4	0	1753
377	1	1	377	1	2	0	1872
377	1	1	377	1	3	0	1872
377	1	1	377	1	4	0	1872
377	1	2	377	1	3	0	1872
377	1	2	377	1	4	0	1872
377	1	3	377	1	4	0	1872
378	1	1	378	1	2	0	1485
378	1	1	378	1	3	0	1485
378	1	1	378	1	4	0	1485
378	1	2	378	1	3	0	1485
378	1	2	378	1	4	0	1485
378	1	3	378	1	4	0	1485
379	1	1	379	1	2	0	1601
379	1	1	379	1	3	0	1601
379	1	1	379	1	4	0	1601
379	1	2	379	1	3	0	1601
379	1	2	379	1	4	0	1601
379	1	3	379	1	4	0	1601
380	1	1	380	1	2	0	1748
380	1	1	380	1	3	0	1748
380	1	1	380	1	4	1	1748
380	1	2	380	1	3	0	1748
380	1	2	380	1	4	1	1748
380	1	3	380	1	4	1	1748
381	1	1	381	1	2	0	1863
381	1	1	381	1	3	0	1863
381	1	1	381	1	4	0	1863
381	1	2	381	1	3	0	1863
381	1	2	381	1	4	0	1863
381	1	3	381	1	4	0	1863
382	1	1	382	1	2	0	1820
382	1	1	382	1	3	1	1820
382	1	1	382	1	4	1	1820
382	1	2	382	1	3	1	1820
382	1	2	382	1	4	1	1820
382	1	3	382	1	4	0	1820
383	1	1	383	1	2	0	1188
383	1	1	383	1	3	0	1188
383	1	1	383	1	4	0	1188
383	1	2	383	1	3	0	1188
383	1	2	383	1	4	0	1188
383	1	3	383	1	4	0	1188
384	1	1	384	1	2	0	1145
384	1	1	384	1	3	0	1145
384	1	1	384	1	4	1	1145
384	1	2	384	1	3	0	1145
384	1	2	384	1	4	1	1145
384	1	3	384	1	4	1	1145
385	1	1	385	1	2	0	1753
385	1	1	385	1	3	1	1753
385	1	1	385	1	4	1	1753
385	1	2	385	1	3	1	1753
385	1	2	385	1	4	1	1753
385	1	3	385	1	4	0	1753
386	1	1	386	1	2	0	1950
386	1	1	386	1	3	0	1950
386	1	1	386	1	4	0	1950
386	1	2	386	1	3	0	1950
386	1	2	386	1	4	0	1950
386	1	3	386	1	4	0	1950
387	1	1	387	1	2	0	1346
387	1	1	387	1	3	0	1346
387	1	1	387	1	4	0	1346
387	1	2	387	1	3	0	1346
387	1	2	387	1	4	0	1346
387	1	3	387	1	4	0	1346
388	1	1	388	1	2	1	1811
388	1	1	388	1	3	1	1811
388	1	1	388	1	4	2	1811
388	1	2	388	1	3	2	1811
388	1	2	388	1	4	1	1811
388	1	3	388	1	4	1	1811
389	1	1	389	1	2	0	1400
389	1	1	389	1	3	0	1400
389	1	1	389	1	4	0	1400
389	1	2	389	1	3	0	1400
389	1	2	389	1	4	0	1400
389	1	3	389	1	4	0	1400
389	2	1	389	2	2	0	1355
389	2	1	389	2	3	0	1355
389	2	1	389	2	4	0	1355
389	2	2	389	2	3	0	1355
389	2	2	389	2	4	0	1355
389	2	3	389	2	4	0	1355
390	1	1	390	1	2	2	1649
390	1	1	390	1	3	5	1649
390	1	1	390	1	4	5	1649
390	1	2	390	1	3	3	1649
390	1	2	390	1	4	3	1649
390	1	3	390	1	4	0	1649
391	1	1	391	1	2	10	1914
391	1	1	391	1	3	23	1914
391	1	1	391	1	4	33	1914
391	1	2	391	1	3	33	1914
391	1	2	391	1	4	23	1914
391	1	3	391	1	4	10	1914
392	1	1	392	1	2	2	1333
392	1	1	392	1	3	3	1333
392	1	1	392	1	4	4	1333
392	1	2	392	1	3	1	1333
392	1	2	392	1	4	2	1333
392	1	3	392	1	4	1	1333
392	2	1	392	2	2	0	1151
392	2	1	392	2	3	0	1151
392	2	1	392	2	4	0	1151
392	2	2	392	2	3	0	1151
392	2	2	392	2	4	0	1151
392	2	3	392	2	4	0	1151
392	3	1	392	3	2	0	846
392	3	1	392	3	3	1	846
392	3	1	392	3	4	1	846
392	3	2	392	3	3	1	846
392	3	2	392	3	4	1	846
392	3	3	392	3	4	0	846
393	1	1	393	1	2	3	1718
393	1	1	393	1	3	1	1718
393	1	1	393	1	4	4	1718
393	1	2	393	1	3	4	1718
393	1	2	393	1	4	1	1718
393	1	3	393	1	4	3	1718
394	1	1	394	1	2	0	1087
394	1	1	394	1	3	0	1087
394	1	1	394	1	4	0	1087
394	1	2	394	1	3	0	1087
394	1	2	394	1	4	0	1087
394	1	3	394	1	4	0	1087
394	2	1	394	2	2	0	982
394	2	1	394	2	3	0	982
394	2	1	394	2	4	0	982
394	2	2	394	2	3	0	982
394	2	2	394	2	4	0	982
394	2	3	394	2	4	0	982
395	1	1	395	1	2	1	1807
395	1	1	395	1	3	1	1807
395	1	1	395	1	4	1	1807
395	1	2	395	1	3	0	1807
395	1	2	395	1	4	0	1807
395	1	3	395	1	4	0	1807
396	1	1	396	1	2	8	2082
396	1	1	396	1	3	11	2082
396	1	1	396	1	4	9	2082
396	1	2	396	1	3	3	2082
396	1	2	396	1	4	1	2082
396	1	3	396	1	4	2	2082
399	1	1	399	1	2	0	1891
399	1	1	399	1	3	0	1891
399	1	1	399	1	4	0	1891
399	1	2	399	1	3	0	1891
399	1	2	399	1	4	0	1891
399	1	3	399	1	4	0	1891
400	1	1	400	1	2	0	1909
400	1	1	400	1	3	0	1909
400	1	1	400	1	4	0	1909
400	1	2	400	1	3	0	1909
400	1	2	400	1	4	0	1909
400	1	3	400	1	4	0	1909
402	1	1	402	1	2	4	772
402	1	1	402	1	3	12	772
402	1	1	402	1	4	8	772
402	1	2	402	1	3	11	772
402	1	2	402	1	4	5	772
402	1	3	402	1	4	6	772
402	2	1	402	2	2	8	729
402	2	1	402	2	3	3	729
402	2	1	402	2	4	5	729
402	2	2	402	2	3	7	729
402	2	2	402	2	4	5	729
402	2	3	402	2	4	4	729
402	3	1	402	3	2	1	677
402	3	1	402	3	3	1	677
402	3	1	402	3	4	1	677
402	3	2	402	3	3	1	677
402	3	2	402	3	4	1	677
402	3	3	402	3	4	0	677
402	4	1	402	4	2	0	271
402	4	1	402	4	3	0	271
402	4	1	402	4	4	0	271
402	4	2	402	4	3	0	271
402	4	2	402	4	4	0	271
402	4	3	402	4	4	0	271
403	1	1	403	1	2	1	1603
403	1	1	403	1	3	4	1603
403	1	1	403	1	4	3	1603
403	1	2	403	1	3	5	1603
403	1	2	403	1	4	4	1603
403	1	3	403	1	4	1	1603
