1	1	1	1	1	2	4	1725
1	1	1	1	1	3	9	1725
1	1	1	1	1	4	17	1725
1	1	2	1	1	3	9	1725
1	1	2	1	1	4	13	1725
1	1	3	1	1	4	8	1725
2	1	1	2	1	2	10	1691
2	1	1	2	1	3	18	1691
2	1	1	2	1	4	13	1691
2	1	2	2	1	3	18	1691
2	1	2	2	1	4	11	1691
2	1	3	2	1	4	13	1691
2	2	1	2	2	2	0	257
2	2	1	2	2	3	0	257
2	2	1	2	2	4	0	257
2	2	2	2	2	3	0	257
2	2	2	2	2	4	0	257
2	2	3	2	2	4	0	257
3	1	1	3	1	2	3	1701
3	1	1	3	1	3	8	1701
3	1	1	3	1	4	9	1701
3	1	2	3	1	3	7	1701
3	1	2	3	1	4	6	1701
3	1	3	3	1	4	1	1701
3	2	1	3	2	2	12	824
3	2	1	3	2	3	21	824
3	2	1	3	2	4	13	824
3	2	2	3	2	3	21	824
3	2	2	3	2	4	12	824
3	2	3	3	2	4	26	824
3	3	1	3	3	2	0	226
3	3	1	3	3	3	0	226
3	3	1	3	3	4	0	226
3	3	2	3	3	3	0	226
3	3	2	3	3	4	0	226
3	3	3	3	3	4	0	226
4	1	1	4	1	2	27	1650
4	1	1	4	1	3	18	1650
4	1	1	4	1	4	21	1650
4	1	2	4	1	3	19	1650
4	1	2	4	1	4	24	1650
4	1	3	4	1	4	22	1650
5	1	1	5	1	2	1	944
5	1	1	5	1	3	1	944
5	1	1	5	1	4	3	944
5	1	2	5	1	3	2	944
5	1	2	5	1	4	4	944
5	1	3	5	1	4	4	944
5	2	1	5	2	2	0	986
5	2	1	5	2	3	0	986
5	2	1	5	2	4	0	986
5	2	2	5	2	3	0	986
5	2	2	5	2	4	0	986
5	2	3	5	2	4	0	986
5	3	1	5	3	2	0	481
5	3	1	5	3	3	0	481
5	3	1	5	3	4	0	481
5	3	2	5	3	3	0	481
5	3	2	5	3	4	0	481
5	3	3	5	3	4	0	481
5	4	1	5	4	2	0	226
5	4	1	5	4	3	0	226
5	4	1	5	4	4	0	226
5	4	2	5	4	3	0	226
5	4	2	5	4	4	0	226
5	4	3	5	4	4	0	226
7	1	1	7	1	2	2	1522
7	1	1	7	1	3	8	1522
7	1	1	7	1	4	7	1522
7	1	2	7	1	3	6	1522
7	1	2	7	1	4	6	1522
7	1	3	7	1	4	10	1522
8	1	1	8	1	2	0	1565
8	1	1	8	1	3	2	1565
8	1	1	8	1	4	2	1565
8	1	2	8	1	3	2	1565
8	1	2	8	1	4	2	1565
8	1	3	8	1	4	0	1565
9	1	1	9	1	2	0	1652
9	1	1	9	1	3	1	1652
9	1	1	9	1	4	1	1652
9	1	2	9	1	3	1	1652
9	1	2	9	1	4	1	1652
9	1	3	9	1	4	0	1652
10	1	1	10	1	2	0	1038
10	1	1	10	1	3	9	1038
10	1	1	10	1	4	8	1038
10	1	2	10	1	3	9	1038
10	1	2	10	1	4	8	1038
10	1	3	10	1	4	3	1038
11	1	1	11	1	2	0	1211
11	1	1	11	1	3	2	1211
11	1	1	11	1	4	2	1211
11	1	2	11	1	3	2	1211
11	1	2	11	1	4	2	1211
11	1	3	11	1	4	2	1211
11	2	1	11	2	2	0	474
11	2	1	11	2	3	0	474
11	2	1	11	2	4	0	474
11	2	2	11	2	3	0	474
11	2	2	11	2	4	0	474
11	2	3	11	2	4	0	474
11	3	1	11	3	2	0	295
11	3	1	11	3	3	0	295
11	3	1	11	3	4	0	295
11	3	2	11	3	3	0	295
11	3	2	11	3	4	0	295
11	3	3	11	3	4	0	295
12	1	1	12	1	2	14	1623
12	1	1	12	1	3	13	1623
12	1	1	12	1	4	17	1623
12	1	2	12	1	3	8	1623
12	1	2	12	1	4	16	1623
12	1	3	12	1	4	18	1623
13	1	1	13	1	2	1	1032
13	1	1	13	1	3	3	1032
13	1	1	13	1	4	5	1032
13	1	2	13	1	3	4	1032
13	1	2	13	1	4	4	1032
13	1	3	13	1	4	2	1032
13	2	1	13	2	2	1	535
13	2	1	13	2	3	1	535
13	2	1	13	2	4	1	535
13	2	2	13	2	3	0	535
13	2	2	13	2	4	0	535
13	2	3	13	2	4	0	535
13	3	1	13	3	2	0	217
13	3	1	13	3	3	0	217
13	3	1	13	3	4	0	217
13	3	2	13	3	3	0	217
13	3	2	13	3	4	0	217
13	3	3	13	3	4	0	217
14	1	1	14	1	2	1	1852
14	1	1	14	1	3	6	1852
14	1	1	14	1	4	8	1852
14	1	2	14	1	3	5	1852
14	1	2	14	1	4	7	1852
14	1	3	14	1	4	2	1852
15	1	1	15	1	2	12	1702
15	1	1	15	1	3	13	1702
15	1	1	15	1	4	15	1702
15	1	2	15	1	3	3	1702
15	1	2	15	1	4	5	1702
15	1	3	15	1	4	4	1702
16	1	1	16	1	2	7	1430
16	1	1	16	1	3	7	1430
16	1	1	16	1	4	1	1430
16	1	2	16	1	3	3	1430
16	1	2	16	1	4	7	1430
16	1	3	16	1	4	6	1430
17	1	1	17	1	2	1	1897
17	1	1	17	1	3	2	1897
17	1	1	17	1	4	2	1897
17	1	2	17	1	3	1	1897
17	1	2	17	1	4	1	1897
17	1	3	17	1	4	0	1897
17	2	1	17	2	2	1	1666
17	2	1	17	2	3	2	1666
17	2	1	17	2	4	2	1666
17	2	2	17	2	3	3	1666
17	2	2	17	2	4	3	1666
17	2	3	17	2	4	0	1666
18	1	1	18	1	2	2	1834
18	1	1	18	1	3	2	1834
18	1	1	18	1	4	3	1834
18	1	2	18	1	3	2	1834
18	1	2	18	1	4	3	1834
18	1	3	18	1	4	1	1834
19	1	1	19	1	2	2	1823
19	1	1	19	1	3	2	1823
19	1	1	19	1	4	1	1823
19	1	2	19	1	3	0	1823
19	1	2	19	1	4	1	1823
19	1	3	19	1	4	1	1823
19	2	1	19	2	2	1	1708
19	2	1	19	2	3	4	1708
19	2	1	19	2	4	2	1708
19	2	2	19	2	3	3	1708
19	2	2	19	2	4	1	1708
19	2	3	19	2	4	2	1708
19	3	1	19	3	2	3	1527
19	3	1	19	3	3	3	1527
19	3	1	19	3	4	1	1527
19	3	2	19	3	3	2	1527
19	3	2	19	3	4	4	1527
19	3	3	19	3	4	2	1527
19	4	1	19	4	2	0	1153
19	4	1	19	4	3	1	1153
19	4	1	19	4	4	1	1153
19	4	2	19	4	3	1	1153
19	4	2	19	4	4	1	1153
19	4	3	19	4	4	0	1153
19	5	1	19	5	2	1	1246
19	5	1	19	5	3	1	1246
19	5	1	19	5	4	1	1246
19	5	2	19	5	3	0	1246
19	5	2	19	5	4	0	1246
19	5	3	19	5	4	0	1246
19	6	1	19	6	2	0	929
19	6	1	19	6	3	2	929
19	6	1	19	6	4	3	929
19	6	2	19	6	3	2	929
19	6	2	19	6	4	3	929
19	6	3	19	6	4	1	929
19	7	1	19	7	2	0	634
19	7	1	19	7	3	1	634
19	7	1	19	7	4	1	634
19	7	2	19	7	3	1	634
19	7	2	19	7	4	1	634
19	7	3	19	7	4	0	634
20	1	1	20	1	2	12	1415
20	1	1	20	1	3	12	1415
20	1	1	20	1	4	5	1415
20	1	2	20	1	3	4	1415
20	1	2	20	1	4	7	1415
20	1	3	20	1	4	9	1415
20	2	1	20	2	2	1	1557
20	2	1	20	2	3	4	1557
20	2	1	20	2	4	4	1557
20	2	2	20	2	3	3	1557
20	2	2	20	2	4	3	1557
20	2	3	20	2	4	0	1557
20	3	1	20	3	2	2	928
20	3	1	20	3	3	2	928
20	3	1	20	3	4	5	928
20	3	2	20	3	3	4	928
20	3	2	20	3	4	3	928
20	3	3	20	3	4	3	928
21	1	1	21	1	2	0	1058
21	1	1	21	1	3	1	1058
21	1	1	21	1	4	1	1058
21	1	2	21	1	3	1	1058
21	1	2	21	1	4	1	1058
21	1	3	21	1	4	0	1058
22	1	1	22	1	2	6	1795
22	1	1	22	1	3	5	1795
22	1	1	22	1	4	7	1795
22	1	2	22	1	3	3	1795
22	1	2	22	1	4	3	1795
22	1	3	22	1	4	4	1795
23	1	1	23	1	2	50	1230
23	1	1	23	1	3	41	1230
23	1	1	23	1	4	42	1230
23	1	2	23	1	3	45	1230
23	1	2	23	1	4	44	1230
23	1	3	23	1	4	34	1230
23	2	1	23	2	2	108	1259
23	2	1	23	2	3	108	1259
23	2	1	23	2	4	81	1259
23	2	2	23	2	3	99	1259
23	2	2	23	2	4	116	1259
23	2	3	23	2	4	84	1259
24	1	1	24	1	2	5	1617
24	1	1	24	1	3	5	1617
24	1	1	24	1	4	6	1617
24	1	2	24	1	3	8	1617
24	1	2	24	1	4	7	1617
24	1	3	24	1	4	3	1617
25	1	1	25	1	2	2	1154
25	1	1	25	1	3	3	1154
25	1	1	25	1	4	4	1154
25	1	2	25	1	3	3	1154
25	1	2	25	1	4	2	1154
25	1	3	25	1	4	1	1154
25	2	1	25	2	2	0	723
25	2	1	25	2	3	1	723
25	2	1	25	2	4	1	723
25	2	2	25	2	3	1	723
25	2	2	25	2	4	1	723
25	2	3	25	2	4	2	723
25	3	1	25	3	2	3	431
25	3	1	25	3	3	3	431
25	3	1	25	3	4	2	431
25	3	2	25	3	3	0	431
25	3	2	25	3	4	1	431
25	3	3	25	3	4	1	431
26	1	1	26	1	2	0	1201
26	1	1	26	1	3	0	1201
26	1	1	26	1	4	3	1201
26	1	2	26	1	3	0	1201
26	1	2	26	1	4	3	1201
26	1	3	26	1	4	3	1201
27	1	1	27	1	2	1	1017
27	1	1	27	1	3	5	1017
27	1	1	27	1	4	3	1017
27	1	2	27	1	3	6	1017
27	1	2	27	1	4	4	1017
27	1	3	27	1	4	2	1017
28	1	1	28	1	2	0	1542
28	1	1	28	1	3	1	1542
28	1	1	28	1	4	2	1542
28	1	2	28	1	3	1	1542
28	1	2	28	1	4	2	1542
28	1	3	28	1	4	1	1542
28	2	1	28	2	2	3	208
28	2	1	28	2	3	3	208
28	2	1	28	2	4	3	208
28	2	2	28	2	3	4	208
28	2	2	28	2	4	4	208
28	2	3	28	2	4	4	208
29	1	1	29	1	2	16	1799
29	1	1	29	1	3	12	1799
29	1	1	29	1	4	12	1799
29	1	2	29	1	3	11	1799
29	1	2	29	1	4	11	1799
29	1	3	29	1	4	0	1799
30	1	1	30	1	2	10	1443
30	1	1	30	1	3	13	1443
30	1	1	30	1	4	16	1443
30	1	2	30	1	3	7	1443
30	1	2	30	1	4	14	1443
30	1	3	30	1	4	15	1443
31	1	1	31	1	2	4	1558
31	1	1	31	1	3	4	1558
31	1	1	31	1	4	3	1558
31	1	2	31	1	3	4	1558
31	1	2	31	1	4	7	1558
31	1	3	31	1	4	5	1558
32	1	1	32	1	2	4	1514
32	1	1	32	1	3	2	1514
32	1	1	32	1	4	3	1514
32	1	2	32	1	3	2	1514
32	1	2	32	1	4	3	1514
32	1	3	32	1	4	1	1514
33	1	1	33	1	2	3	1347
33	1	1	33	1	3	3	1347
33	1	1	33	1	4	3	1347
33	1	2	33	1	3	4	1347
33	1	2	33	1	4	2	1347
33	1	3	33	1	4	2	1347
33	2	1	33	2	2	0	552
33	2	1	33	2	3	1	552
33	2	1	33	2	4	1	552
33	2	2	33	2	3	1	552
33	2	2	33	2	4	1	552
33	2	3	33	2	4	0	552
34	1	1	34	1	2	3	1500
34	1	1	34	1	3	3	1500
34	1	1	34	1	4	3	1500
34	1	2	34	1	3	2	1500
34	1	2	34	1	4	2	1500
34	1	3	34	1	4	2	1500
35	1	1	35	1	2	5	1670
35	1	1	35	1	3	1	1670
35	1	1	35	1	4	5	1670
35	1	2	35	1	3	6	1670
35	1	2	35	1	4	4	1670
35	1	3	35	1	4	4	1670
36	1	1	36	1	2	7	2069
36	1	1	36	1	3	8	2069
36	1	1	36	1	4	7	2069
36	1	2	36	1	3	7	2069
36	1	2	36	1	4	4	2069
36	1	3	36	1	4	7	2069
37	1	1	37	1	2	8	1107
37	1	1	37	1	3	6	1107
37	1	1	37	1	4	13	1107
37	1	2	37	1	3	8	1107
37	1	2	37	1	4	11	1107
37	1	3	37	1	4	9	1107
38	1	1	38	1	2	0	1104
38	1	1	38	1	3	0	1104
38	1	1	38	1	4	0	1104
38	1	2	38	1	3	0	1104
38	1	2	38	1	4	0	1104
38	1	3	38	1	4	0	1104
39	1	1	39	1	2	4	1749
39	1	1	39	1	3	4	1749
39	1	1	39	1	4	8	1749
39	1	2	39	1	3	6	1749
39	1	2	39	1	4	10	1749
39	1	3	39	1	4	8	1749
40	1	1	40	1	2	3	1652
40	1	1	40	1	3	3	1652
40	1	1	40	1	4	4	1652
40	1	2	40	1	3	2	1652
40	1	2	40	1	4	3	1652
40	1	3	40	1	4	1	1652
40	2	1	40	2	2	0	733
40	2	1	40	2	3	0	733
40	2	1	40	2	4	0	733
40	2	2	40	2	3	0	733
40	2	2	40	2	4	0	733
40	2	3	40	2	4	0	733
40	3	1	40	3	2	0	846
40	3	1	40	3	3	1	846
40	3	1	40	3	4	1	846
40	3	2	40	3	3	1	846
40	3	2	40	3	4	1	846
40	3	3	40	3	4	0	846
40	4	1	40	4	2	0	816
40	4	1	40	4	3	0	816
40	4	1	40	4	4	0	816
40	4	2	40	4	3	0	816
40	4	2	40	4	4	0	816
40	4	3	40	4	4	0	816
41	1	1	41	1	2	1	1537
41	1	1	41	1	3	1	1537
41	1	1	41	1	4	1	1537
41	1	2	41	1	3	2	1537
41	1	2	41	1	4	2	1537
41	1	3	41	1	4	0	1537
42	1	1	42	1	2	2	1829
42	1	1	42	1	3	5	1829
42	1	1	42	1	4	5	1829
42	1	2	42	1	3	5	1829
42	1	2	42	1	4	3	1829
42	1	3	42	1	4	4	1829
42	2	1	42	2	2	2	518
42	2	1	42	2	3	3	518
42	2	1	42	2	4	2	518
42	2	2	42	2	3	3	518
42	2	2	42	2	4	3	518
42	2	3	42	2	4	2	518
42	3	1	42	3	2	0	225
42	3	1	42	3	3	0	225
42	3	1	42	3	4	0	225
42	3	2	42	3	3	0	225
42	3	2	42	3	4	0	225
42	3	3	42	3	4	0	225
43	1	1	43	1	2	6	1713
43	1	1	43	1	3	2	1713
43	1	1	43	1	4	7	1713
43	1	2	43	1	3	7	1713
43	1	2	43	1	4	6	1713
43	1	3	43	1	4	7	1713
43	2	1	43	2	2	0	475
43	2	1	43	2	3	0	475
43	2	1	43	2	4	0	475
43	2	2	43	2	3	0	475
43	2	2	43	2	4	0	475
43	2	3	43	2	4	0	475
44	1	1	44	1	2	2	1514
44	1	1	44	1	3	1	1514
44	1	1	44	1	4	4	1514
44	1	2	44	1	3	1	1514
44	1	2	44	1	4	3	1514
44	1	3	44	1	4	4	1514
44	2	1	44	2	2	0	512
44	2	1	44	2	3	2	512
44	2	1	44	2	4	3	512
44	2	2	44	2	3	2	512
44	2	2	44	2	4	3	512
44	2	3	44	2	4	1	512
46	1	1	46	1	2	0	1652
46	1	1	46	1	3	1	1652
46	1	1	46	1	4	1	1652
46	1	2	46	1	3	1	1652
46	1	2	46	1	4	1	1652
46	1	3	46	1	4	0	1652
47	1	1	47	1	2	0	1592
47	1	1	47	1	3	1	1592
47	1	1	47	1	4	1	1592
47	1	2	47	1	3	1	1592
47	1	2	47	1	4	1	1592
47	1	3	47	1	4	2	1592
48	1	1	48	1	2	0	854
48	1	1	48	1	3	0	854
48	1	1	48	1	4	0	854
48	1	2	48	1	3	0	854
48	1	2	48	1	4	0	854
48	1	3	48	1	4	0	854
48	2	1	48	2	2	1	630
48	2	1	48	2	3	1	630
48	2	1	48	2	4	2	630
48	2	2	48	2	3	2	630
48	2	2	48	2	4	1	630
48	2	3	48	2	4	2	630
49	1	1	49	1	2	2	1698
49	1	1	49	1	3	3	1698
49	1	1	49	1	4	5	1698
49	1	2	49	1	3	1	1698
49	1	2	49	1	4	5	1698
49	1	3	49	1	4	6	1698
50	1	1	50	1	2	4	1757
50	1	1	50	1	3	8	1757
50	1	1	50	1	4	10	1757
50	1	2	50	1	3	8	1757
50	1	2	50	1	4	10	1757
50	1	3	50	1	4	7	1757
51	1	1	51	1	2	2	1596
51	1	1	51	1	3	4	1596
51	1	1	51	1	4	3	1596
51	1	2	51	1	3	3	1596
51	1	2	51	1	4	2	1596
51	1	3	51	1	4	1	1596
52	1	1	52	1	2	4	1945
52	1	1	52	1	3	3	1945
52	1	1	52	1	4	4	1945
52	1	2	52	1	3	1	1945
52	1	2	52	1	4	2	1945
52	1	3	52	1	4	1	1945
54	1	1	54	1	2	1	1251
54	1	1	54	1	3	1	1251
54	1	1	54	1	4	2	1251
54	1	2	54	1	3	2	1251
54	1	2	54	1	4	1	1251
54	1	3	54	1	4	1	1251
54	2	1	54	2	2	0	225
54	2	1	54	2	3	0	225
54	2	1	54	2	4	0	225
54	2	2	54	2	3	0	225
54	2	2	54	2	4	0	225
54	2	3	54	2	4	0	225
55	1	1	55	1	2	0	1516
55	1	1	55	1	3	0	1516
55	1	1	55	1	4	1	1516
55	1	2	55	1	3	0	1516
55	1	2	55	1	4	1	1516
55	1	3	55	1	4	1	1516
55	2	1	55	2	2	0	786
55	2	1	55	2	3	0	786
55	2	1	55	2	4	0	786
55	2	2	55	2	3	0	786
55	2	2	55	2	4	0	786
55	2	3	55	2	4	0	786
56	1	1	56	1	2	5	1542
56	1	1	56	1	3	6	1542
56	1	1	56	1	4	1	1542
56	1	2	56	1	3	1	1542
56	1	2	56	1	4	4	1542
56	1	3	56	1	4	5	1542
57	1	1	57	1	2	4	1457
57	1	1	57	1	3	7	1457
57	1	1	57	1	4	6	1457
57	1	2	57	1	3	4	1457
57	1	2	57	1	4	3	1457
57	1	3	57	1	4	3	1457
58	1	1	58	1	2	2	1542
58	1	1	58	1	3	2	1542
58	1	1	58	1	4	3	1542
58	1	2	58	1	3	0	1542
58	1	2	58	1	4	1	1542
58	1	3	58	1	4	1	1542
60	1	1	60	1	2	5	1771
60	1	1	60	1	3	12	1771
60	1	1	60	1	4	8	1771
60	1	2	60	1	3	11	1771
60	1	2	60	1	4	7	1771
60	1	3	60	1	4	9	1771
60	2	1	60	2	2	0	239
60	2	1	60	2	3	0	239
60	2	1	60	2	4	0	239
60	2	2	60	2	3	0	239
60	2	2	60	2	4	0	239
60	2	3	60	2	4	0	239
60	3	1	60	3	2	0	351
60	3	1	60	3	3	0	351
60	3	1	60	3	4	0	351
60	3	2	60	3	3	0	351
60	3	2	60	3	4	0	351
60	3	3	60	3	4	0	351
61	1	1	61	1	2	3	1736
61	1	1	61	1	3	2	1736
61	1	1	61	1	4	4	1736
61	1	2	61	1	3	3	1736
61	1	2	61	1	4	1	1736
61	1	3	61	1	4	2	1736
62	1	1	62	1	2	2	1530
62	1	1	62	1	3	2	1530
62	1	1	62	1	4	2	1530
62	1	2	62	1	3	2	1530
62	1	2	62	1	4	4	1530
62	1	3	62	1	4	2	1530
63	1	1	63	1	2	1	1711
63	1	1	63	1	3	1	1711
63	1	1	63	1	4	1	1711
63	1	2	63	1	3	0	1711
63	1	2	63	1	4	0	1711
63	1	3	63	1	4	0	1711
64	1	1	64	1	2	0	1787
64	1	1	64	1	3	0	1787
64	1	1	64	1	4	0	1787
64	1	2	64	1	3	0	1787
64	1	2	64	1	4	0	1787
64	1	3	64	1	4	0	1787
65	1	1	65	1	2	0	1801
65	1	1	65	1	3	0	1801
65	1	1	65	1	4	0	1801
65	1	2	65	1	3	0	1801
65	1	2	65	1	4	0	1801
65	1	3	65	1	4	0	1801
66	1	1	66	1	2	6	1184
66	1	1	66	1	3	5	1184
66	1	1	66	1	4	7	1184
66	1	2	66	1	3	6	1184
66	1	2	66	1	4	5	1184
66	1	3	66	1	4	3	1184
67	1	1	67	1	2	1	1803
67	1	1	67	1	3	1	1803
67	1	1	67	1	4	1	1803
67	1	2	67	1	3	0	1803
67	1	2	67	1	4	0	1803
67	1	3	67	1	4	0	1803
68	1	1	68	1	2	1	1207
68	1	1	68	1	3	1	1207
68	1	1	68	1	4	2	1207
68	1	2	68	1	3	0	1207
68	1	2	68	1	4	1	1207
68	1	3	68	1	4	1	1207
68	2	1	68	2	2	0	867
68	2	1	68	2	3	1	867
68	2	1	68	2	4	1	867
68	2	2	68	2	3	1	867
68	2	2	68	2	4	1	867
68	2	3	68	2	4	0	867
68	3	1	68	3	2	0	503
68	3	1	68	3	3	0	503
68	3	1	68	3	4	0	503
68	3	2	68	3	3	0	503
68	3	2	68	3	4	0	503
68	3	3	68	3	4	0	503
68	4	1	68	4	2	0	259
68	4	1	68	4	3	0	259
68	4	1	68	4	4	0	259
68	4	2	68	4	3	0	259
68	4	2	68	4	4	0	259
68	4	3	68	4	4	0	259
69	1	1	69	1	2	4	1551
69	1	1	69	1	3	3	1551
69	1	1	69	1	4	2	1551
69	1	2	69	1	3	1	1551
69	1	2	69	1	4	3	1551
69	1	3	69	1	4	2	1551
69	2	1	69	2	2	0	986
69	2	1	69	2	3	0	986
69	2	1	69	2	4	1	986
69	2	2	69	2	3	0	986
69	2	2	69	2	4	1	986
69	2	3	69	2	4	1	986
69	3	1	69	3	2	0	894
69	3	1	69	3	3	0	894
69	3	1	69	3	4	0	894
69	3	2	69	3	3	0	894
69	3	2	69	3	4	0	894
69	3	3	69	3	4	0	894
70	1	1	70	1	2	0	474
70	1	1	70	1	3	0	474
70	1	1	70	1	4	0	474
70	1	2	70	1	3	0	474
70	1	2	70	1	4	0	474
70	1	3	70	1	4	0	474
71	1	1	71	1	2	0	1342
71	1	1	71	1	3	1	1342
71	1	1	71	1	4	1	1342
71	1	2	71	1	3	1	1342
71	1	2	71	1	4	1	1342
71	1	3	71	1	4	0	1342
71	2	1	71	2	2	0	982
71	2	1	71	2	3	1	982
71	2	1	71	2	4	1	982
71	2	2	71	2	3	1	982
71	2	2	71	2	4	1	982
71	2	3	71	2	4	0	982
72	1	1	72	1	2	1	1300
72	1	1	72	1	3	1	1300
72	1	1	72	1	4	2	1300
72	1	2	72	1	3	2	1300
72	1	2	72	1	4	1	1300
72	1	3	72	1	4	3	1300
73	1	1	73	1	2	1	1928
73	1	1	73	1	3	2	1928
73	1	1	73	1	4	1	1928
73	1	2	73	1	3	2	1928
73	1	2	73	1	4	2	1928
73	1	3	73	1	4	1	1928
74	1	1	74	1	2	0	368
74	1	1	74	1	3	0	368
74	1	1	74	1	4	0	368
74	1	2	74	1	3	0	368
74	1	2	74	1	4	0	368
74	1	3	74	1	4	0	368
74	2	1	74	2	2	0	432
74	2	1	74	2	3	0	432
74	2	1	74	2	4	0	432
74	2	2	74	2	3	0	432
74	2	2	74	2	4	0	432
74	2	3	74	2	4	0	432
75	1	1	75	1	2	2	1532
75	1	1	75	1	3	2	1532
75	1	1	75	1	4	3	1532
75	1	2	75	1	3	2	1532
75	1	2	75	1	4	3	1532
75	1	3	75	1	4	1	1532
75	2	1	75	2	2	2	673
75	2	1	75	2	3	2	673
75	2	1	75	2	4	3	673
75	2	2	75	2	3	0	673
75	2	2	75	2	4	2	673
75	2	3	75	2	4	2	673
75	3	1	75	3	2	2	443
75	3	1	75	3	3	1	443
75	3	1	75	3	4	3	443
75	3	2	75	3	3	1	443
75	3	2	75	3	4	1	443
75	3	3	75	3	4	2	443
76	1	1	76	1	2	10	1594
76	1	1	76	1	3	9	1594
76	1	1	76	1	4	8	1594
76	1	2	76	1	3	14	1594
76	1	2	76	1	4	7	1594
76	1	3	76	1	4	10	1594
78	1	1	78	1	2	0	1321
78	1	1	78	1	3	3	1321
78	1	1	78	1	4	3	1321
78	1	2	78	1	3	3	1321
78	1	2	78	1	4	3	1321
78	1	3	78	1	4	0	1321
78	2	1	78	2	2	0	453
78	2	1	78	2	3	0	453
78	2	1	78	2	4	0	453
78	2	2	78	2	3	0	453
78	2	2	78	2	4	0	453
78	2	3	78	2	4	0	453
78	3	1	78	3	2	0	281
78	3	1	78	3	3	0	281
78	3	1	78	3	4	0	281
78	3	2	78	3	3	0	281
78	3	2	78	3	4	0	281
78	3	3	78	3	4	0	281
80	1	1	80	1	2	2	1039
80	1	1	80	1	3	2	1039
80	1	1	80	1	4	4	1039
80	1	2	80	1	3	0	1039
80	1	2	80	1	4	2	1039
80	1	3	80	1	4	2	1039
81	1	1	81	1	2	11	1582
81	1	1	81	1	3	12	1582
81	1	1	81	1	4	13	1582
81	1	2	81	1	3	5	1582
81	1	2	81	1	4	11	1582
81	1	3	81	1	4	11	1582
82	1	1	82	1	2	0	1473
82	1	1	82	1	3	17	1473
82	1	1	82	1	4	17	1473
82	1	2	82	1	3	17	1473
82	1	2	82	1	4	17	1473
82	1	3	82	1	4	0	1473
82	2	1	82	2	2	0	380
82	2	1	82	2	3	0	380
82	2	1	82	2	4	0	380
82	2	2	82	2	3	0	380
82	2	2	82	2	4	0	380
82	2	3	82	2	4	0	380
83	1	1	83	1	2	0	1152
83	1	1	83	1	3	0	1152
83	1	1	83	1	4	1	1152
83	1	2	83	1	3	0	1152
83	1	2	83	1	4	1	1152
83	1	3	83	1	4	1	1152
84	1	1	84	1	2	1	1825
84	1	1	84	1	3	3	1825
84	1	1	84	1	4	3	1825
84	1	2	84	1	3	4	1825
84	1	2	84	1	4	4	1825
84	1	3	84	1	4	0	1825
84	2	1	84	2	2	2	1319
84	2	1	84	2	3	5	1319
84	2	1	84	2	4	5	1319
84	2	2	84	2	3	3	1319
84	2	2	84	2	4	5	1319
84	2	3	84	2	4	4	1319
84	3	1	84	3	2	3	630
84	3	1	84	3	3	3	630
84	3	1	84	3	4	2	630
84	3	2	84	3	3	0	630
84	3	2	84	3	4	1	630
84	3	3	84	3	4	1	630
85	1	1	85	1	2	9	1285
85	1	1	85	1	3	6	1285
85	1	1	85	1	4	18	1285
85	1	2	85	1	3	5	1285
85	1	2	85	1	4	21	1285
85	1	3	85	1	4	20	1285
85	2	1	85	2	2	2	1283
85	2	1	85	2	3	2	1283
85	2	1	85	2	4	5	1283
85	2	2	85	2	3	4	1283
85	2	2	85	2	4	3	1283
85	2	3	85	2	4	7	1283
86	1	1	86	1	2	5	1767
86	1	1	86	1	3	5	1767
86	1	1	86	1	4	5	1767
86	1	2	86	1	3	0	1767
86	1	2	86	1	4	8	1767
86	1	3	86	1	4	8	1767
87	1	1	87	1	2	1	1462
87	1	1	87	1	3	1	1462
87	1	1	87	1	4	1	1462
87	1	2	87	1	3	0	1462
87	1	2	87	1	4	0	1462
87	1	3	87	1	4	0	1462
87	2	1	87	2	2	0	499
87	2	1	87	2	3	1	499
87	2	1	87	2	4	1	499
87	2	2	87	2	3	1	499
87	2	2	87	2	4	1	499
87	2	3	87	2	4	1	499
88	1	1	88	1	2	8	795
88	1	1	88	1	3	5	795
88	1	1	88	1	4	8	795
88	1	2	88	1	3	8	795
88	1	2	88	1	4	7	795
88	1	3	88	1	4	9	795
88	2	1	88	2	2	1	827
88	2	1	88	2	3	1	827
88	2	1	88	2	4	1	827
88	2	2	88	2	3	0	827
88	2	2	88	2	4	0	827
88	2	3	88	2	4	0	827
88	3	1	88	3	2	1	599
88	3	1	88	3	3	3	599
88	3	1	88	3	4	2	599
88	3	2	88	3	3	4	599
88	3	2	88	3	4	1	599
88	3	3	88	3	4	5	599
88	4	1	88	4	2	0	584
88	4	1	88	4	3	1	584
88	4	1	88	4	4	1	584
88	4	2	88	4	3	1	584
88	4	2	88	4	4	1	584
88	4	3	88	4	4	0	584
88	5	1	88	5	2	0	417
88	5	1	88	5	3	1	417
88	5	1	88	5	4	1	417
88	5	2	88	5	3	1	417
88	5	2	88	5	4	1	417
88	5	3	88	5	4	0	417
88	6	1	88	6	2	0	345
88	6	1	88	6	3	0	345
88	6	1	88	6	4	0	345
88	6	2	88	6	3	0	345
88	6	2	88	6	4	0	345
88	6	3	88	6	4	0	345
88	7	1	88	7	2	0	327
88	7	1	88	7	3	0	327
88	7	1	88	7	4	0	327
88	7	2	88	7	3	0	327
88	7	2	88	7	4	0	327
88	7	3	88	7	4	0	327
89	1	1	89	1	2	2	1228
89	1	1	89	1	3	2	1228
89	1	1	89	1	4	1	1228
89	1	2	89	1	3	2	1228
89	1	2	89	1	4	1	1228
89	1	3	89	1	4	1	1228
90	1	1	90	1	2	1	1521
90	1	1	90	1	3	1	1521
90	1	1	90	1	4	3	1521
90	1	2	90	1	3	2	1521
90	1	2	90	1	4	2	1521
90	1	3	90	1	4	2	1521
91	1	1	91	1	2	13	1748
91	1	1	91	1	3	14	1748
91	1	1	91	1	4	14	1748
91	1	2	91	1	3	8	1748
91	1	2	91	1	4	12	1748
91	1	3	91	1	4	9	1748
92	1	1	92	1	2	6	1715
92	1	1	92	1	3	4	1715
92	1	1	92	1	4	9	1715
92	1	2	92	1	3	8	1715
92	1	2	92	1	4	9	1715
92	1	3	92	1	4	9	1715
93	1	1	93	1	2	0	1424
93	1	1	93	1	3	0	1424
93	1	1	93	1	4	0	1424
93	1	2	93	1	3	0	1424
93	1	2	93	1	4	0	1424
93	1	3	93	1	4	0	1424
94	1	1	94	1	2	12	1564
94	1	1	94	1	3	9	1564
94	1	1	94	1	4	10	1564
94	1	2	94	1	3	10	1564
94	1	2	94	1	4	8	1564
94	1	3	94	1	4	5	1564
95	1	1	95	1	2	2	1718
95	1	1	95	1	3	2	1718
95	1	1	95	1	4	2	1718
95	1	2	95	1	3	2	1718
95	1	2	95	1	4	2	1718
95	1	3	95	1	4	2	1718
96	1	1	96	1	2	0	1586
96	1	1	96	1	3	0	1586
96	1	1	96	1	4	0	1586
96	1	2	96	1	3	0	1586
96	1	2	96	1	4	0	1586
96	1	3	96	1	4	0	1586
98	1	1	98	1	2	3	1725
98	1	1	98	1	3	4	1725
98	1	1	98	1	4	6	1725
98	1	2	98	1	3	5	1725
98	1	2	98	1	4	5	1725
98	1	3	98	1	4	8	1725
98	2	1	98	2	2	0	525
98	2	1	98	2	3	1	525
98	2	1	98	2	4	1	525
98	2	2	98	2	3	1	525
98	2	2	98	2	4	1	525
98	2	3	98	2	4	1	525
99	1	1	99	1	2	0	1450
99	1	1	99	1	3	0	1450
99	1	1	99	1	4	0	1450
99	1	2	99	1	3	0	1450
99	1	2	99	1	4	0	1450
99	1	3	99	1	4	0	1450
100	1	1	100	1	2	9	1636
100	1	1	100	1	3	20	1636
100	1	1	100	1	4	17	1636
100	1	2	100	1	3	18	1636
100	1	2	100	1	4	17	1636
100	1	3	100	1	4	12	1636
101	1	1	101	1	2	10	1831
101	1	1	101	1	3	16	1831
101	1	1	101	1	4	15	1831
101	1	2	101	1	3	12	1831
101	1	2	101	1	4	12	1831
101	1	3	101	1	4	7	1831
102	1	1	102	1	2	5	1919
102	1	1	102	1	3	5	1919
102	1	1	102	1	4	6	1919
102	1	2	102	1	3	6	1919
102	1	2	102	1	4	3	1919
102	1	3	102	1	4	7	1919
102	2	1	102	2	2	4	629
102	2	1	102	2	3	5	629
102	2	1	102	2	4	3	629
102	2	2	102	2	3	3	629
102	2	2	102	2	4	4	629
102	2	3	102	2	4	4	629
103	1	1	103	1	2	6	1405
103	1	1	103	1	3	6	1405
103	1	1	103	1	4	8	1405
103	1	2	103	1	3	2	1405
103	1	2	103	1	4	4	1405
103	1	3	103	1	4	4	1405
103	2	1	103	2	2	0	459
103	2	1	103	2	3	2	459
103	2	1	103	2	4	3	459
103	2	2	103	2	3	2	459
103	2	2	103	2	4	3	459
103	2	3	103	2	4	1	459
104	1	1	104	1	2	3	1329
104	1	1	104	1	3	4	1329
104	1	1	104	1	4	4	1329
104	1	2	104	1	3	2	1329
104	1	2	104	1	4	2	1329
104	1	3	104	1	4	0	1329
104	2	1	104	2	2	0	705
104	2	1	104	2	3	0	705
104	2	1	104	2	4	0	705
104	2	2	104	2	3	0	705
104	2	2	104	2	4	0	705
104	2	3	104	2	4	0	705
105	1	1	105	1	2	0	1393
105	1	1	105	1	3	0	1393
105	1	1	105	1	4	2	1393
105	1	2	105	1	3	0	1393
105	1	2	105	1	4	2	1393
105	1	3	105	1	4	2	1393
107	1	1	107	1	2	4	1173
107	1	1	107	1	3	4	1173
107	1	1	107	1	4	3	1173
107	1	2	107	1	3	2	1173
107	1	2	107	1	4	3	1173
107	1	3	107	1	4	1	1173
108	1	1	108	1	2	0	924
108	1	1	108	1	3	4	924
108	1	1	108	1	4	2	924
108	1	2	108	1	3	4	924
108	1	2	108	1	4	2	924
108	1	3	108	1	4	2	924
108	2	1	108	2	2	0	726
108	2	1	108	2	3	0	726
108	2	1	108	2	4	1	726
108	2	2	108	2	3	0	726
108	2	2	108	2	4	1	726
108	2	3	108	2	4	1	726
108	3	1	108	3	2	0	288
108	3	1	108	3	3	0	288
108	3	1	108	3	4	0	288
108	3	2	108	3	3	0	288
108	3	2	108	3	4	0	288
108	3	3	108	3	4	0	288
109	1	1	109	1	2	2	1105
109	1	1	109	1	3	1	1105
109	1	1	109	1	4	3	1105
109	1	2	109	1	3	1	1105
109	1	2	109	1	4	1	1105
109	1	3	109	1	4	2	1105
110	1	1	110	1	2	0	1662
110	1	1	110	1	3	1	1662
110	1	1	110	1	4	1	1662
110	1	2	110	1	3	1	1662
110	1	2	110	1	4	1	1662
110	1	3	110	1	4	0	1662
111	1	1	111	1	2	1	942
111	1	1	111	1	3	1	942
111	1	1	111	1	4	2	942
111	1	2	111	1	3	0	942
111	1	2	111	1	4	1	942
111	1	3	111	1	4	1	942
112	1	1	112	1	2	0	1390
112	1	1	112	1	3	0	1390
112	1	1	112	1	4	0	1390
112	1	2	112	1	3	0	1390
112	1	2	112	1	4	0	1390
112	1	3	112	1	4	0	1390
113	1	1	113	1	2	1	905
113	1	1	113	1	3	1	905
113	1	1	113	1	4	1	905
113	1	2	113	1	3	2	905
113	1	2	113	1	4	2	905
113	1	3	113	1	4	2	905
114	1	1	114	1	2	3	1453
114	1	1	114	1	3	2	1453
114	1	1	114	1	4	6	1453
114	1	2	114	1	3	3	1453
114	1	2	114	1	4	3	1453
114	1	3	114	1	4	5	1453
114	2	1	114	2	2	0	206
114	2	1	114	2	3	0	206
114	2	1	114	2	4	0	206
114	2	2	114	2	3	0	206
114	2	2	114	2	4	0	206
114	2	3	114	2	4	0	206
115	1	1	115	1	2	0	1273
115	1	1	115	1	3	0	1273
115	1	1	115	1	4	0	1273
115	1	2	115	1	3	0	1273
115	1	2	115	1	4	0	1273
115	1	3	115	1	4	0	1273
118	1	1	118	1	2	0	1684
118	1	1	118	1	3	0	1684
118	1	1	118	1	4	1	1684
118	1	2	118	1	3	0	1684
118	1	2	118	1	4	1	1684
118	1	3	118	1	4	1	1684
119	1	1	119	1	2	0	1729
119	1	1	119	1	3	1	1729
119	1	1	119	1	4	1	1729
119	1	2	119	1	3	1	1729
119	1	2	119	1	4	1	1729
119	1	3	119	1	4	0	1729
120	1	1	120	1	2	0	1224
120	1	1	120	1	3	4	1224
120	1	1	120	1	4	4	1224
120	1	2	120	1	3	4	1224
120	1	2	120	1	4	4	1224
120	1	3	120	1	4	0	1224
121	1	1	121	1	2	1	1256
121	1	1	121	1	3	1	1256
121	1	1	121	1	4	2	1256
121	1	2	121	1	3	2	1256
121	1	2	121	1	4	1	1256
121	1	3	121	1	4	3	1256
122	1	1	122	1	2	6	1648
122	1	1	122	1	3	3	1648
122	1	1	122	1	4	3	1648
122	1	2	122	1	3	3	1648
122	1	2	122	1	4	3	1648
122	1	3	122	1	4	2	1648
123	1	1	123	1	2	0	1217
123	1	1	123	1	3	0	1217
123	1	1	123	1	4	1	1217
123	1	2	123	1	3	0	1217
123	1	2	123	1	4	1	1217
123	1	3	123	1	4	1	1217
124	1	1	124	1	2	5	1813
124	1	1	124	1	3	7	1813
124	1	1	124	1	4	5	1813
124	1	2	124	1	3	6	1813
124	1	2	124	1	4	6	1813
124	1	3	124	1	4	6	1813
125	1	1	125	1	2	5	1804
125	1	1	125	1	3	3	1804
125	1	1	125	1	4	5	1804
125	1	2	125	1	3	5	1804
125	1	2	125	1	4	3	1804
125	1	3	125	1	4	2	1804
126	1	1	126	1	2	2	2318
126	1	1	126	1	3	4	2318
126	1	1	126	1	4	4	2318
126	1	2	126	1	3	2	2318
126	1	2	126	1	4	2	2318
126	1	3	126	1	4	0	2318
127	1	1	127	1	2	0	1198
127	1	1	127	1	3	0	1198
127	1	1	127	1	4	1	1198
127	1	2	127	1	3	0	1198
127	1	2	127	1	4	1	1198
127	1	3	127	1	4	1	1198
128	1	1	128	1	2	0	1764
128	1	1	128	1	3	0	1764
128	1	1	128	1	4	0	1764
128	1	2	128	1	3	0	1764
128	1	2	128	1	4	0	1764
128	1	3	128	1	4	0	1764
129	1	1	129	1	2	11	1647
129	1	1	129	1	3	12	1647
129	1	1	129	1	4	15	1647
129	1	2	129	1	3	10	1647
129	1	2	129	1	4	10	1647
129	1	3	129	1	4	11	1647
130	1	1	130	1	2	12	2069
130	1	1	130	1	3	12	2069
130	1	1	130	1	4	14	2069
130	1	2	130	1	3	14	2069
130	1	2	130	1	4	13	2069
130	1	3	130	1	4	14	2069
131	1	1	131	1	2	0	1266
131	1	1	131	1	3	1	1266
131	1	1	131	1	4	1	1266
131	1	2	131	1	3	1	1266
131	1	2	131	1	4	1	1266
131	1	3	131	1	4	0	1266
132	1	1	132	1	2	1	1065
132	1	1	132	1	3	8	1065
132	1	1	132	1	4	6	1065
132	1	2	132	1	3	7	1065
132	1	2	132	1	4	7	1065
132	1	3	132	1	4	2	1065
133	1	1	133	1	2	0	1136
133	1	1	133	1	3	2	1136
133	1	1	133	1	4	1	1136
133	1	2	133	1	3	2	1136
133	1	2	133	1	4	1	1136
133	1	3	133	1	4	1	1136
135	1	1	135	1	2	2	1999
135	1	1	135	1	3	2	1999
135	1	1	135	1	4	2	1999
135	1	2	135	1	3	0	1999
135	1	2	135	1	4	0	1999
135	1	3	135	1	4	0	1999
136	1	1	136	1	2	0	1250
136	1	1	136	1	3	2	1250
136	1	1	136	1	4	2	1250
136	1	2	136	1	3	2	1250
136	1	2	136	1	4	2	1250
136	1	3	136	1	4	0	1250
137	1	1	137	1	2	3	1764
137	1	1	137	1	3	3	1764
137	1	1	137	1	4	5	1764
137	1	2	137	1	3	2	1764
137	1	2	137	1	4	4	1764
137	1	3	137	1	4	2	1764
137	2	1	137	2	2	1	513
137	2	1	137	2	3	1	513
137	2	1	137	2	4	1	513
137	2	2	137	2	3	0	513
137	2	2	137	2	4	1	513
137	2	3	137	2	4	1	513
137	3	1	137	3	2	0	384
137	3	1	137	3	3	2	384
137	3	1	137	3	4	2	384
137	3	2	137	3	3	2	384
137	3	2	137	3	4	2	384
137	3	3	137	3	4	0	384
140	1	1	140	1	2	4	1458
140	1	1	140	1	3	6	1458
140	1	1	140	1	4	2	1458
140	1	2	140	1	3	2	1458
140	1	2	140	1	4	2	1458
140	1	3	140	1	4	4	1458
140	2	1	140	2	2	0	250
140	2	1	140	2	3	0	250
140	2	1	140	2	4	0	250
140	2	2	140	2	3	0	250
140	2	2	140	2	4	0	250
140	2	3	140	2	4	0	250
140	3	1	140	3	2	0	157
140	3	1	140	3	3	0	157
140	3	1	140	3	4	0	157
140	3	2	140	3	3	0	157
140	3	2	140	3	4	0	157
140	3	3	140	3	4	0	157
141	1	1	141	1	2	3	1507
141	1	1	141	1	3	4	1507
141	1	1	141	1	4	5	1507
141	1	2	141	1	3	5	1507
141	1	2	141	1	4	4	1507
141	1	3	141	1	4	3	1507
143	1	1	143	1	2	28	1601
143	1	1	143	1	3	27	1601
143	1	1	143	1	4	37	1601
143	1	2	143	1	3	30	1601
143	1	2	143	1	4	26	1601
143	1	3	143	1	4	33	1601
144	1	1	144	1	2	1	1582
144	1	1	144	1	3	1	1582
144	1	1	144	1	4	1	1582
144	1	2	144	1	3	1	1582
144	1	2	144	1	4	1	1582
144	1	3	144	1	4	0	1582
145	1	1	145	1	2	0	1674
145	1	1	145	1	3	0	1674
145	1	1	145	1	4	0	1674
145	1	2	145	1	3	0	1674
145	1	2	145	1	4	0	1674
145	1	3	145	1	4	0	1674
146	1	1	146	1	2	6	2054
146	1	1	146	1	3	4	2054
146	1	1	146	1	4	6	2054
146	1	2	146	1	3	4	2054
146	1	2	146	1	4	4	2054
146	1	3	146	1	4	2	2054
146	2	1	146	2	2	0	328
146	2	1	146	2	3	0	328
146	2	1	146	2	4	0	328
146	2	2	146	2	3	0	328
146	2	2	146	2	4	0	328
146	2	3	146	2	4	0	328
146	3	1	146	3	2	0	162
146	3	1	146	3	3	0	162
146	3	1	146	3	4	0	162
146	3	2	146	3	3	0	162
146	3	2	146	3	4	0	162
146	3	3	146	3	4	0	162
147	1	1	147	1	2	0	664
147	1	1	147	1	3	0	664
147	1	1	147	1	4	0	664
147	1	2	147	1	3	0	664
147	1	2	147	1	4	0	664
147	1	3	147	1	4	0	664
148	1	1	148	1	2	0	1852
148	1	1	148	1	3	0	1852
148	1	1	148	1	4	0	1852
148	1	2	148	1	3	0	1852
148	1	2	148	1	4	0	1852
148	1	3	148	1	4	0	1852
149	1	1	149	1	2	2	1090
149	1	1	149	1	3	1	1090
149	1	1	149	1	4	2	1090
149	1	2	149	1	3	3	1090
149	1	2	149	1	4	2	1090
149	1	3	149	1	4	3	1090
149	2	1	149	2	2	4	1049
149	2	1	149	2	3	4	1049
149	2	1	149	2	4	4	1049
149	2	2	149	2	3	2	1049
149	2	2	149	2	4	2	1049
149	2	3	149	2	4	2	1049
149	3	1	149	3	2	0	583
149	3	1	149	3	3	0	583
149	3	1	149	3	4	0	583
149	3	2	149	3	3	0	583
149	3	2	149	3	4	0	583
149	3	3	149	3	4	0	583
150	1	1	150	1	2	0	1381
150	1	1	150	1	3	0	1381
150	1	1	150	1	4	0	1381
150	1	2	150	1	3	0	1381
150	1	2	150	1	4	0	1381
150	1	3	150	1	4	0	1381
151	1	1	151	1	2	1	1572
151	1	1	151	1	3	4	1572
151	1	1	151	1	4	3	1572
151	1	2	151	1	3	5	1572
151	1	2	151	1	4	2	1572
151	1	3	151	1	4	3	1572
151	2	1	151	2	2	1	726
151	2	1	151	2	3	2	726
151	2	1	151	2	4	2	726
151	2	2	151	2	3	1	726
151	2	2	151	2	4	1	726
151	2	3	151	2	4	0	726
152	1	1	152	1	2	3	1535
152	1	1	152	1	3	6	1535
152	1	1	152	1	4	3	1535
152	1	2	152	1	3	3	1535
152	1	2	152	1	4	2	1535
152	1	3	152	1	4	3	1535
152	2	1	152	2	2	0	347
152	2	1	152	2	3	1	347
152	2	1	152	2	4	1	347
152	2	2	152	2	3	1	347
152	2	2	152	2	4	1	347
152	2	3	152	2	4	0	347
153	1	1	153	1	2	0	1569
153	1	1	153	1	3	0	1569
153	1	1	153	1	4	0	1569
153	1	2	153	1	3	0	1569
153	1	2	153	1	4	0	1569
153	1	3	153	1	4	0	1569
153	2	1	153	2	2	7	1310
153	2	1	153	2	3	11	1310
153	2	1	153	2	4	7	1310
153	2	2	153	2	3	6	1310
153	2	2	153	2	4	8	1310
153	2	3	153	2	4	8	1310
154	1	1	154	1	2	0	310
154	1	1	154	1	3	0	310
154	1	1	154	1	4	0	310
154	1	2	154	1	3	0	310
154	1	2	154	1	4	0	310
154	1	3	154	1	4	0	310
155	1	1	155	1	2	1	1206
155	1	1	155	1	3	1	1206
155	1	1	155	1	4	2	1206
155	1	2	155	1	3	0	1206
155	1	2	155	1	4	3	1206
155	1	3	155	1	4	3	1206
156	1	1	156	1	2	4	1477
156	1	1	156	1	3	4	1477
156	1	1	156	1	4	5	1477
156	1	2	156	1	3	0	1477
156	1	2	156	1	4	2	1477
156	1	3	156	1	4	2	1477
157	1	1	157	1	2	4	1701
157	1	1	157	1	3	4	1701
157	1	1	157	1	4	7	1701
157	1	2	157	1	3	2	1701
157	1	2	157	1	4	9	1701
157	1	3	157	1	4	9	1701
157	2	1	157	2	2	0	258
157	2	1	157	2	3	0	258
157	2	1	157	2	4	0	258
157	2	2	157	2	3	0	258
157	2	2	157	2	4	0	258
157	2	3	157	2	4	0	258
158	1	1	158	1	2	1	1492
158	1	1	158	1	3	1	1492
158	1	1	158	1	4	1	1492
158	1	2	158	1	3	0	1492
158	1	2	158	1	4	0	1492
158	1	3	158	1	4	0	1492
159	1	1	159	1	2	5	1641
159	1	1	159	1	3	2	1641
159	1	1	159	1	4	3	1641
159	1	2	159	1	3	3	1641
159	1	2	159	1	4	4	1641
159	1	3	159	1	4	1	1641
159	2	1	159	2	2	0	652
159	2	1	159	2	3	1	652
159	2	1	159	2	4	1	652
159	2	2	159	2	3	1	652
159	2	2	159	2	4	1	652
159	2	3	159	2	4	0	652
159	3	1	159	3	2	3	573
159	3	1	159	3	3	2	573
159	3	1	159	3	4	1	573
159	3	2	159	3	3	1	573
159	3	2	159	3	4	2	573
159	3	3	159	3	4	1	573
159	4	1	159	4	2	0	471
159	4	1	159	4	3	0	471
159	4	1	159	4	4	0	471
159	4	2	159	4	3	0	471
159	4	2	159	4	4	0	471
159	4	3	159	4	4	0	471
159	5	1	159	5	2	0	512
159	5	1	159	5	3	0	512
159	5	1	159	5	4	0	512
159	5	2	159	5	3	0	512
159	5	2	159	5	4	0	512
159	5	3	159	5	4	0	512
159	6	1	159	6	2	0	356
159	6	1	159	6	3	0	356
159	6	1	159	6	4	0	356
159	6	2	159	6	3	0	356
159	6	2	159	6	4	0	356
159	6	3	159	6	4	0	356
159	7	1	159	7	2	0	408
159	7	1	159	7	3	0	408
159	7	1	159	7	4	0	408
159	7	2	159	7	3	0	408
159	7	2	159	7	4	0	408
159	7	3	159	7	4	0	408
160	1	1	160	1	2	1	1442
160	1	1	160	1	3	1	1442
160	1	1	160	1	4	3	1442
160	1	2	160	1	3	0	1442
160	1	2	160	1	4	2	1442
160	1	3	160	1	4	2	1442
160	2	1	160	2	2	0	874
160	2	1	160	2	3	0	874
160	2	1	160	2	4	0	874
160	2	2	160	2	3	0	874
160	2	2	160	2	4	0	874
160	2	3	160	2	4	0	874
161	1	1	161	1	2	1	1798
161	1	1	161	1	3	1	1798
161	1	1	161	1	4	1	1798
161	1	2	161	1	3	0	1798
161	1	2	161	1	4	0	1798
161	1	3	161	1	4	0	1798
161	2	1	161	2	2	0	521
161	2	1	161	2	3	0	521
161	2	1	161	2	4	0	521
161	2	2	161	2	3	0	521
161	2	2	161	2	4	0	521
161	2	3	161	2	4	0	521
161	3	1	161	3	2	0	236
161	3	1	161	3	3	0	236
161	3	1	161	3	4	0	236
161	3	2	161	3	3	0	236
161	3	2	161	3	4	0	236
161	3	3	161	3	4	0	236
164	1	1	164	1	2	66	3085
164	1	1	164	1	3	48	3085
164	1	1	164	1	4	46	3085
164	1	2	164	1	3	64	3085
164	1	2	164	1	4	69	3085
164	1	3	164	1	4	55	3085
165	1	1	165	1	2	0	1419
165	1	1	165	1	3	0	1419
165	1	1	165	1	4	1	1419
165	1	2	165	1	3	0	1419
165	1	2	165	1	4	1	1419
165	1	3	165	1	4	1	1419
166	1	1	166	1	2	4	1717
166	1	1	166	1	3	1	1717
166	1	1	166	1	4	1	1717
166	1	2	166	1	3	3	1717
166	1	2	166	1	4	3	1717
166	1	3	166	1	4	0	1717
167	1	1	167	1	2	0	1743
167	1	1	167	1	3	0	1743
167	1	1	167	1	4	0	1743
167	1	2	167	1	3	0	1743
167	1	2	167	1	4	0	1743
167	1	3	167	1	4	0	1743
169	1	1	169	1	2	0	1356
169	1	1	169	1	3	1	1356
169	1	1	169	1	4	3	1356
169	1	2	169	1	3	1	1356
169	1	2	169	1	4	3	1356
169	1	3	169	1	4	2	1356
170	1	1	170	1	2	0	1713
170	1	1	170	1	3	0	1713
170	1	1	170	1	4	0	1713
170	1	2	170	1	3	0	1713
170	1	2	170	1	4	0	1713
170	1	3	170	1	4	0	1713
171	1	1	171	1	2	0	1114
171	1	1	171	1	3	0	1114
171	1	1	171	1	4	1	1114
171	1	2	171	1	3	0	1114
171	1	2	171	1	4	1	1114
171	1	3	171	1	4	1	1114
172	1	1	172	1	2	0	1608
172	1	1	172	1	3	1	1608
172	1	1	172	1	4	1	1608
172	1	2	172	1	3	1	1608
172	1	2	172	1	4	1	1608
172	1	3	172	1	4	0	1608
173	1	1	173	1	2	2	922
173	1	1	173	1	3	2	922
173	1	1	173	1	4	2	922
173	1	2	173	1	3	1	922
173	1	2	173	1	4	1	922
173	1	3	173	1	4	0	922
174	1	1	174	1	2	6	1869
174	1	1	174	1	3	3	1869
174	1	1	174	1	4	1	1869
174	1	2	174	1	3	3	1869
174	1	2	174	1	4	5	1869
174	1	3	174	1	4	2	1869
174	2	1	174	2	2	0	184
174	2	1	174	2	3	0	184
174	2	1	174	2	4	0	184
174	2	2	174	2	3	0	184
174	2	2	174	2	4	0	184
174	2	3	174	2	4	0	184
175	1	1	175	1	2	0	1604
175	1	1	175	1	3	0	1604
175	1	1	175	1	4	0	1604
175	1	2	175	1	3	0	1604
175	1	2	175	1	4	0	1604
175	1	3	175	1	4	0	1604
175	2	1	175	2	2	0	228
175	2	1	175	2	3	0	228
175	2	1	175	2	4	0	228
175	2	2	175	2	3	0	228
175	2	2	175	2	4	0	228
175	2	3	175	2	4	0	228
176	1	1	176	1	2	1	1786
176	1	1	176	1	3	1	1786
176	1	1	176	1	4	1	1786
176	1	2	176	1	3	0	1786
176	1	2	176	1	4	0	1786
176	1	3	176	1	4	0	1786
176	2	1	176	2	2	0	643
176	2	1	176	2	3	1	643
176	2	1	176	2	4	1	643
176	2	2	176	2	3	1	643
176	2	2	176	2	4	1	643
176	2	3	176	2	4	0	643
177	1	1	177	1	2	6	1764
177	1	1	177	1	3	2	1764
177	1	1	177	1	4	6	1764
177	1	2	177	1	3	4	1764
177	1	2	177	1	4	4	1764
177	1	3	177	1	4	6	1764
178	1	1	178	1	2	0	1248
178	1	1	178	1	3	0	1248
178	1	1	178	1	4	0	1248
178	1	2	178	1	3	0	1248
178	1	2	178	1	4	0	1248
178	1	3	178	1	4	0	1248
178	2	1	178	2	2	2	842
178	2	1	178	2	3	2	842
178	2	1	178	2	4	2	842
178	2	2	178	2	3	0	842
178	2	2	178	2	4	0	842
178	2	3	178	2	4	0	842
178	3	1	178	3	2	0	239
178	3	1	178	3	3	0	239
178	3	1	178	3	4	0	239
178	3	2	178	3	3	0	239
178	3	2	178	3	4	0	239
178	3	3	178	3	4	0	239
179	1	1	179	1	2	0	1856
179	1	1	179	1	3	2	1856
179	1	1	179	1	4	2	1856
179	1	2	179	1	3	2	1856
179	1	2	179	1	4	2	1856
179	1	3	179	1	4	0	1856
180	1	1	180	1	2	2	1825
180	1	1	180	1	3	2	1825
180	1	1	180	1	4	2	1825
180	1	2	180	1	3	0	1825
180	1	2	180	1	4	0	1825
180	1	3	180	1	4	0	1825
181	1	1	181	1	2	3	1732
181	1	1	181	1	3	1	1732
181	1	1	181	1	4	3	1732
181	1	2	181	1	3	4	1732
181	1	2	181	1	4	6	1732
181	1	3	181	1	4	4	1732
182	1	1	182	1	2	1	1326
182	1	1	182	1	3	1	1326
182	1	1	182	1	4	1	1326
182	1	2	182	1	3	0	1326
182	1	2	182	1	4	0	1326
182	1	3	182	1	4	0	1326
182	2	1	182	2	2	0	188
182	2	1	182	2	3	0	188
182	2	1	182	2	4	0	188
182	2	2	182	2	3	0	188
182	2	2	182	2	4	0	188
182	2	3	182	2	4	0	188
182	3	1	182	3	2	0	292
182	3	1	182	3	3	0	292
182	3	1	182	3	4	0	292
182	3	2	182	3	3	0	292
182	3	2	182	3	4	0	292
182	3	3	182	3	4	0	292
183	1	1	183	1	2	1	1454
183	1	1	183	1	3	1	1454
183	1	1	183	1	4	2	1454
183	1	2	183	1	3	2	1454
183	1	2	183	1	4	1	1454
183	1	3	183	1	4	1	1454
184	1	1	184	1	2	1	1693
184	1	1	184	1	3	1	1693
184	1	1	184	1	4	2	1693
184	1	2	184	1	3	0	1693
184	1	2	184	1	4	1	1693
184	1	3	184	1	4	1	1693
184	2	1	184	2	2	0	150
184	2	1	184	2	3	0	150
184	2	1	184	2	4	0	150
184	2	2	184	2	3	0	150
184	2	2	184	2	4	0	150
184	2	3	184	2	4	0	150
185	1	1	185	1	2	4	1652
185	1	1	185	1	3	2	1652
185	1	1	185	1	4	1	1652
185	1	2	185	1	3	2	1652
185	1	2	185	1	4	3	1652
185	1	3	185	1	4	1	1652
185	2	1	185	2	2	0	222
185	2	1	185	2	3	0	222
185	2	1	185	2	4	0	222
185	2	2	185	2	3	0	222
185	2	2	185	2	4	0	222
185	2	3	185	2	4	0	222
186	1	1	186	1	2	2	1249
186	1	1	186	1	3	2	1249
186	1	1	186	1	4	2	1249
186	1	2	186	1	3	0	1249
186	1	2	186	1	4	0	1249
186	1	3	186	1	4	0	1249
187	1	1	187	1	2	0	1513
187	1	1	187	1	3	1	1513
187	1	1	187	1	4	1	1513
187	1	2	187	1	3	1	1513
187	1	2	187	1	4	1	1513
187	1	3	187	1	4	0	1513
187	2	1	187	2	2	0	424
187	2	1	187	2	3	0	424
187	2	1	187	2	4	0	424
187	2	2	187	2	3	0	424
187	2	2	187	2	4	0	424
187	2	3	187	2	4	0	424
188	1	1	188	1	2	1	1820
188	1	1	188	1	3	1	1820
188	1	1	188	1	4	2	1820
188	1	2	188	1	3	2	1820
188	1	2	188	1	4	3	1820
188	1	3	188	1	4	1	1820
189	1	1	189	1	2	0	1037
189	1	1	189	1	3	0	1037
189	1	1	189	1	4	0	1037
189	1	2	189	1	3	0	1037
189	1	2	189	1	4	0	1037
189	1	3	189	1	4	0	1037
189	2	1	189	2	2	0	341
189	2	1	189	2	3	1	341
189	2	1	189	2	4	1	341
189	2	2	189	2	3	1	341
189	2	2	189	2	4	1	341
189	2	3	189	2	4	0	341
190	1	1	190	1	2	3	1246
190	1	1	190	1	3	4	1246
190	1	1	190	1	4	3	1246
190	1	2	190	1	3	3	1246
190	1	2	190	1	4	2	1246
190	1	3	190	1	4	1	1246
191	1	1	191	1	2	1	1460
191	1	1	191	1	3	1	1460
191	1	1	191	1	4	2	1460
191	1	2	191	1	3	0	1460
191	1	2	191	1	4	1	1460
191	1	3	191	1	4	1	1460
192	1	1	192	1	2	2	1901
192	1	1	192	1	3	4	1901
192	1	1	192	1	4	2	1901
192	1	2	192	1	3	4	1901
192	1	2	192	1	4	2	1901
192	1	3	192	1	4	4	1901
193	1	1	193	1	2	1	1494
193	1	1	193	1	3	4	1494
193	1	1	193	1	4	1	1494
193	1	2	193	1	3	3	1494
193	1	2	193	1	4	2	1494
193	1	3	193	1	4	5	1494
194	1	1	194	1	2	2	1596
194	1	1	194	1	3	3	1596
194	1	1	194	1	4	4	1596
194	1	2	194	1	3	1	1596
194	1	2	194	1	4	2	1596
194	1	3	194	1	4	3	1596
194	2	1	194	2	2	0	592
194	2	1	194	2	3	0	592
194	2	1	194	2	4	0	592
194	2	2	194	2	3	0	592
194	2	2	194	2	4	0	592
194	2	3	194	2	4	0	592
194	3	1	194	3	2	1	577
194	3	1	194	3	3	1	577
194	3	1	194	3	4	1	577
194	3	2	194	3	3	0	577
194	3	2	194	3	4	0	577
194	3	3	194	3	4	0	577
194	4	1	194	4	2	1	530
194	4	1	194	4	3	1	530
194	4	1	194	4	4	1	530
194	4	2	194	4	3	0	530
194	4	2	194	4	4	0	530
194	4	3	194	4	4	0	530
195	1	1	195	1	2	1	1322
195	1	1	195	1	3	5	1322
195	1	1	195	1	4	3	1322
195	1	2	195	1	3	6	1322
195	1	2	195	1	4	4	1322
195	1	3	195	1	4	5	1322
196	1	1	196	1	2	1	1597
196	1	1	196	1	3	1	1597
196	1	1	196	1	4	2	1597
196	1	2	196	1	3	0	1597
196	1	2	196	1	4	1	1597
196	1	3	196	1	4	1	1597
196	2	1	196	2	2	0	218
196	2	1	196	2	3	0	218
196	2	1	196	2	4	0	218
196	2	2	196	2	3	0	218
196	2	2	196	2	4	0	218
196	2	3	196	2	4	0	218
197	1	1	197	1	2	2	1152
197	1	1	197	1	3	4	1152
197	1	1	197	1	4	3	1152
197	1	2	197	1	3	4	1152
197	1	2	197	1	4	2	1152
197	1	3	197	1	4	5	1152
197	2	1	197	2	2	0	1202
197	2	1	197	2	3	1	1202
197	2	1	197	2	4	4	1202
197	2	2	197	2	3	1	1202
197	2	2	197	2	4	4	1202
197	2	3	197	2	4	3	1202
198	1	1	198	1	2	0	933
198	1	1	198	1	3	0	933
198	1	1	198	1	4	1	933
198	1	2	198	1	3	0	933
198	1	2	198	1	4	1	933
198	1	3	198	1	4	1	933
199	1	1	199	1	2	6	1513
199	1	1	199	1	3	3	1513
199	1	1	199	1	4	4	1513
199	1	2	199	1	3	3	1513
199	1	2	199	1	4	6	1513
199	1	3	199	1	4	5	1513
200	1	1	200	1	2	0	1711
200	1	1	200	1	3	0	1711
200	1	1	200	1	4	5	1711
200	1	2	200	1	3	0	1711
200	1	2	200	1	4	5	1711
200	1	3	200	1	4	5	1711
201	1	1	201	1	2	11	1899
201	1	1	201	1	3	12	1899
201	1	1	201	1	4	13	1899
201	1	2	201	1	3	13	1899
201	1	2	201	1	4	18	1899
201	1	3	201	1	4	14	1899
202	1	1	202	1	2	46	2086
202	1	1	202	1	3	57	2086
202	1	1	202	1	4	44	2086
202	1	2	202	1	3	48	2086
202	1	2	202	1	4	61	2086
202	1	3	202	1	4	42	2086
203	1	1	203	1	2	2	1798
203	1	1	203	1	3	4	1798
203	1	1	203	1	4	2	1798
203	1	2	203	1	3	4	1798
203	1	2	203	1	4	2	1798
203	1	3	203	1	4	4	1798
203	2	1	203	2	2	0	222
203	2	1	203	2	3	0	222
203	2	1	203	2	4	0	222
203	2	2	203	2	3	0	222
203	2	2	203	2	4	0	222
203	2	3	203	2	4	0	222
204	1	1	204	1	2	4	801
204	1	1	204	1	3	1	801
204	1	1	204	1	4	4	801
204	1	2	204	1	3	3	801
204	1	2	204	1	4	3	801
204	1	3	204	1	4	4	801
205	1	1	205	1	2	2	1677
205	1	1	205	1	3	3	1677
205	1	1	205	1	4	3	1677
205	1	2	205	1	3	1	1677
205	1	2	205	1	4	1	1677
205	1	3	205	1	4	2	1677
206	1	1	206	1	2	1	1784
206	1	1	206	1	3	1	1784
206	1	1	206	1	4	2	1784
206	1	2	206	1	3	2	1784
206	1	2	206	1	4	1	1784
206	1	3	206	1	4	3	1784
207	1	1	207	1	2	4	1779
207	1	1	207	1	3	1	1779
207	1	1	207	1	4	4	1779
207	1	2	207	1	3	5	1779
207	1	2	207	1	4	2	1779
207	1	3	207	1	4	5	1779
208	1	1	208	1	2	3	1875
208	1	1	208	1	3	3	1875
208	1	1	208	1	4	3	1875
208	1	2	208	1	3	2	1875
208	1	2	208	1	4	2	1875
208	1	3	208	1	4	4	1875
208	2	1	208	2	2	0	227
208	2	1	208	2	3	0	227
208	2	1	208	2	4	0	227
208	2	2	208	2	3	0	227
208	2	2	208	2	4	0	227
208	2	3	208	2	4	0	227
209	1	1	209	1	2	8	1759
209	1	1	209	1	3	4	1759
209	1	1	209	1	4	5	1759
209	1	2	209	1	3	6	1759
209	1	2	209	1	4	5	1759
209	1	3	209	1	4	5	1759
210	1	1	210	1	2	5	1718
210	1	1	210	1	3	6	1718
210	1	1	210	1	4	3	1718
210	1	2	210	1	3	5	1718
210	1	2	210	1	4	4	1718
210	1	3	210	1	4	5	1718
211	1	1	211	1	2	3	1944
211	1	1	211	1	3	2	1944
211	1	1	211	1	4	4	1944
211	1	2	211	1	3	1	1944
211	1	2	211	1	4	3	1944
211	1	3	211	1	4	4	1944
212	1	1	212	1	2	4	1128
212	1	1	212	1	3	4	1128
212	1	1	212	1	4	5	1128
212	1	2	212	1	3	2	1128
212	1	2	212	1	4	1	1128
212	1	3	212	1	4	1	1128
213	1	1	213	1	2	1	1230
213	1	1	213	1	3	1	1230
213	1	1	213	1	4	1	1230
213	1	2	213	1	3	1	1230
213	1	2	213	1	4	1	1230
213	1	3	213	1	4	0	1230
214	1	1	214	1	2	2	1499
214	1	1	214	1	3	6	1499
214	1	1	214	1	4	8	1499
214	1	2	214	1	3	8	1499
214	1	2	214	1	4	6	1499
214	1	3	214	1	4	4	1499
215	1	1	215	1	2	0	743
215	1	1	215	1	3	0	743
215	1	1	215	1	4	1	743
215	1	2	215	1	3	0	743
215	1	2	215	1	4	1	743
215	1	3	215	1	4	1	743
215	2	1	215	2	2	0	1732
215	2	1	215	2	3	1	1732
215	2	1	215	2	4	1	1732
215	2	2	215	2	3	1	1732
215	2	2	215	2	4	1	1732
215	2	3	215	2	4	0	1732
215	3	1	215	3	2	0	448
215	3	1	215	3	3	0	448
215	3	1	215	3	4	0	448
215	3	2	215	3	3	0	448
215	3	2	215	3	4	0	448
215	3	3	215	3	4	0	448
216	1	1	216	1	2	7	1798
216	1	1	216	1	3	9	1798
216	1	1	216	1	4	6	1798
216	1	2	216	1	3	2	1798
216	1	2	216	1	4	3	1798
216	1	3	216	1	4	3	1798
218	1	1	218	1	2	2	1525
218	1	1	218	1	3	2	1525
218	1	1	218	1	4	3	1525
218	1	2	218	1	3	3	1525
218	1	2	218	1	4	1	1525
218	1	3	218	1	4	2	1525
219	1	1	219	1	2	0	1741
219	1	1	219	1	3	0	1741
219	1	1	219	1	4	0	1741
219	1	2	219	1	3	0	1741
219	1	2	219	1	4	0	1741
219	1	3	219	1	4	0	1741
220	1	1	220	1	2	6	1709
220	1	1	220	1	3	8	1709
220	1	1	220	1	4	9	1709
220	1	2	220	1	3	11	1709
220	1	2	220	1	4	6	1709
220	1	3	220	1	4	11	1709
221	1	1	221	1	2	0	1534
221	1	1	221	1	3	0	1534
221	1	1	221	1	4	1	1534
221	1	2	221	1	3	0	1534
221	1	2	221	1	4	1	1534
221	1	3	221	1	4	1	1534
222	1	1	222	1	2	0	1680
222	1	1	222	1	3	0	1680
222	1	1	222	1	4	2	1680
222	1	2	222	1	3	0	1680
222	1	2	222	1	4	2	1680
222	1	3	222	1	4	2	1680
224	1	1	224	1	2	2	1264
224	1	1	224	1	3	2	1264
224	1	1	224	1	4	3	1264
224	1	2	224	1	3	0	1264
224	1	2	224	1	4	3	1264
224	1	3	224	1	4	3	1264
225	1	1	225	1	2	2	1805
225	1	1	225	1	3	2	1805
225	1	1	225	1	4	3	1805
225	1	2	225	1	3	0	1805
225	1	2	225	1	4	1	1805
225	1	3	225	1	4	1	1805
226	1	1	226	1	2	5	1501
226	1	1	226	1	3	6	1501
226	1	1	226	1	4	6	1501
226	1	2	226	1	3	7	1501
226	1	2	226	1	4	9	1501
226	1	3	226	1	4	6	1501
227	1	1	227	1	2	8	1684
227	1	1	227	1	3	7	1684
227	1	1	227	1	4	8	1684
227	1	2	227	1	3	5	1684
227	1	2	227	1	4	6	1684
227	1	3	227	1	4	9	1684
228	1	1	228	1	2	5	1093
228	1	1	228	1	3	5	1093
228	1	1	228	1	4	4	1093
228	1	2	228	1	3	0	1093
228	1	2	228	1	4	5	1093
228	1	3	228	1	4	5	1093
228	2	1	228	2	2	1	624
228	2	1	228	2	3	1	624
228	2	1	228	2	4	4	624
228	2	2	228	2	3	0	624
228	2	2	228	2	4	3	624
228	2	3	228	2	4	3	624
228	3	1	228	3	2	13	529
228	3	1	228	3	3	7	529
228	3	1	228	3	4	10	529
228	3	2	228	3	3	11	529
228	3	2	228	3	4	9	529
228	3	3	228	3	4	6	529
228	4	1	228	4	2	0	520
228	4	1	228	4	3	0	520
228	4	1	228	4	4	2	520
228	4	2	228	4	3	0	520
228	4	2	228	4	4	2	520
228	4	3	228	4	4	2	520
228	5	1	228	5	2	0	307
228	5	1	228	5	3	0	307
228	5	1	228	5	4	0	307
228	5	2	228	5	3	0	307
228	5	2	228	5	4	0	307
228	5	3	228	5	4	0	307
229	1	1	229	1	2	5	1796
229	1	1	229	1	3	3	1796
229	1	1	229	1	4	5	1796
229	1	2	229	1	3	2	1796
229	1	2	229	1	4	2	1796
229	1	3	229	1	4	2	1796
230	1	1	230	1	2	8	1699
230	1	1	230	1	3	9	1699
230	1	1	230	1	4	9	1699
230	1	2	230	1	3	3	1699
230	1	2	230	1	4	4	1699
230	1	3	230	1	4	4	1699
230	2	1	230	2	2	0	278
230	2	1	230	2	3	0	278
230	2	1	230	2	4	0	278
230	2	2	230	2	3	0	278
230	2	2	230	2	4	0	278
230	2	3	230	2	4	0	278
231	1	1	231	1	2	2	1373
231	1	1	231	1	3	6	1373
231	1	1	231	1	4	2	1373
231	1	2	231	1	3	7	1373
231	1	2	231	1	4	4	1373
231	1	3	231	1	4	4	1373
231	2	1	231	2	2	0	486
231	2	1	231	2	3	0	486
231	2	1	231	2	4	0	486
231	2	2	231	2	3	0	486
231	2	2	231	2	4	0	486
231	2	3	231	2	4	0	486
232	1	1	232	1	2	4	1745
232	1	1	232	1	3	4	1745
232	1	1	232	1	4	5	1745
232	1	2	232	1	3	4	1745
232	1	2	232	1	4	5	1745
232	1	3	232	1	4	3	1745
233	1	1	233	1	2	5	1002
233	1	1	233	1	3	4	1002
233	1	1	233	1	4	4	1002
233	1	2	233	1	3	1	1002
233	1	2	233	1	4	4	1002
233	1	3	233	1	4	3	1002
234	1	1	234	1	2	1	1929
234	1	1	234	1	3	1	1929
234	1	1	234	1	4	2	1929
234	1	2	234	1	3	0	1929
234	1	2	234	1	4	1	1929
234	1	3	234	1	4	1	1929
236	1	1	236	1	2	2	1762
236	1	1	236	1	3	1	1762
236	1	1	236	1	4	3	1762
236	1	2	236	1	3	1	1762
236	1	2	236	1	4	1	1762
236	1	3	236	1	4	2	1762
237	1	1	237	1	2	2	1397
237	1	1	237	1	3	2	1397
237	1	1	237	1	4	3	1397
237	1	2	237	1	3	0	1397
237	1	2	237	1	4	5	1397
237	1	3	237	1	4	5	1397
238	1	1	238	1	2	0	1768
238	1	1	238	1	3	0	1768
238	1	1	238	1	4	0	1768
238	1	2	238	1	3	0	1768
238	1	2	238	1	4	0	1768
238	1	3	238	1	4	0	1768
239	1	1	239	1	2	0	1934
239	1	1	239	1	3	0	1934
239	1	1	239	1	4	0	1934
239	1	2	239	1	3	0	1934
239	1	2	239	1	4	0	1934
239	1	3	239	1	4	0	1934
240	1	1	240	1	2	3	1980
240	1	1	240	1	3	2	1980
240	1	1	240	1	4	4	1980
240	1	2	240	1	3	3	1980
240	1	2	240	1	4	3	1980
240	1	3	240	1	4	2	1980
241	1	1	241	1	2	2	1702
241	1	1	241	1	3	5	1702
241	1	1	241	1	4	6	1702
241	1	2	241	1	3	3	1702
241	1	2	241	1	4	4	1702
241	1	3	241	1	4	1	1702
242	1	1	242	1	2	2	1635
242	1	1	242	1	3	4	1635
242	1	1	242	1	4	5	1635
242	1	2	242	1	3	6	1635
242	1	2	242	1	4	3	1635
242	1	3	242	1	4	3	1635
243	1	1	243	1	2	5	1355
243	1	1	243	1	3	9	1355
243	1	1	243	1	4	5	1355
243	1	2	243	1	3	6	1355
243	1	2	243	1	4	6	1355
243	1	3	243	1	4	8	1355
243	2	1	243	2	2	3	619
243	2	1	243	2	3	2	619
243	2	1	243	2	4	3	619
243	2	2	243	2	3	1	619
243	2	2	243	2	4	2	619
243	2	3	243	2	4	1	619
243	3	1	243	3	2	0	524
243	3	1	243	3	3	0	524
243	3	1	243	3	4	0	524
243	3	2	243	3	3	0	524
243	3	2	243	3	4	0	524
243	3	3	243	3	4	0	524
243	4	1	243	4	2	0	348
243	4	1	243	4	3	0	348
243	4	1	243	4	4	0	348
243	4	2	243	4	3	0	348
243	4	2	243	4	4	0	348
243	4	3	243	4	4	0	348
243	5	1	243	5	2	0	225
243	5	1	243	5	3	0	225
243	5	1	243	5	4	0	225
243	5	2	243	5	3	0	225
243	5	2	243	5	4	0	225
243	5	3	243	5	4	0	225
244	1	1	244	1	2	1	975
244	1	1	244	1	3	2	975
244	1	1	244	1	4	2	975
244	1	2	244	1	3	2	975
244	1	2	244	1	4	2	975
244	1	3	244	1	4	0	975
245	1	1	245	1	2	5	1816
245	1	1	245	1	3	6	1816
245	1	1	245	1	4	6	1816
245	1	2	245	1	3	5	1816
245	1	2	245	1	4	5	1816
245	1	3	245	1	4	6	1816
245	2	1	245	2	2	4	1770
245	2	1	245	2	3	4	1770
245	2	1	245	2	4	11	1770
245	2	2	245	2	3	6	1770
245	2	2	245	2	4	11	1770
245	2	3	245	2	4	7	1770
247	1	1	247	1	2	1	1420
247	1	1	247	1	3	3	1420
247	1	1	247	1	4	2	1420
247	1	2	247	1	3	2	1420
247	1	2	247	1	4	3	1420
247	1	3	247	1	4	3	1420
250	1	1	250	1	2	5	2164
250	1	1	250	1	3	2	2164
250	1	1	250	1	4	4	2164
250	1	2	250	1	3	7	2164
250	1	2	250	1	4	5	2164
250	1	3	250	1	4	2	2164
251	1	1	251	1	2	2	2036
251	1	1	251	1	3	4	2036
251	1	1	251	1	4	3	2036
251	1	2	251	1	3	2	2036
251	1	2	251	1	4	1	2036
251	1	3	251	1	4	3	2036
252	1	1	252	1	2	0	888
252	1	1	252	1	3	0	888
252	1	1	252	1	4	1	888
252	1	2	252	1	3	0	888
252	1	2	252	1	4	1	888
252	1	3	252	1	4	1	888
252	2	1	252	2	2	0	761
252	2	1	252	2	3	2	761
252	2	1	252	2	4	2	761
252	2	2	252	2	3	2	761
252	2	2	252	2	4	2	761
252	2	3	252	2	4	0	761
253	1	1	253	1	2	1	909
253	1	1	253	1	3	1	909
253	1	1	253	1	4	1	909
253	1	2	253	1	3	0	909
253	1	2	253	1	4	2	909
253	1	3	253	1	4	2	909
253	2	1	253	2	2	0	150
253	2	1	253	2	3	0	150
253	2	1	253	2	4	0	150
253	2	2	253	2	3	0	150
253	2	2	253	2	4	0	150
253	2	3	253	2	4	0	150
253	3	1	253	3	2	0	169
253	3	1	253	3	3	0	169
253	3	1	253	3	4	0	169
253	3	2	253	3	3	0	169
253	3	2	253	3	4	0	169
253	3	3	253	3	4	0	169
254	1	1	254	1	2	0	1679
254	1	1	254	1	3	1	1679
254	1	1	254	1	4	1	1679
254	1	2	254	1	3	1	1679
254	1	2	254	1	4	1	1679
254	1	3	254	1	4	0	1679
257	1	1	257	1	2	36	1320
257	1	1	257	1	3	38	1320
257	1	1	257	1	4	37	1320
257	1	2	257	1	3	32	1320
257	1	2	257	1	4	40	1320
257	1	3	257	1	4	40	1320
259	1	1	259	1	2	4	1701
259	1	1	259	1	3	3	1701
259	1	1	259	1	4	6	1701
259	1	2	259	1	3	3	1701
259	1	2	259	1	4	4	1701
259	1	3	259	1	4	3	1701
259	2	1	259	2	2	0	301
259	2	1	259	2	3	0	301
259	2	1	259	2	4	0	301
259	2	2	259	2	3	0	301
259	2	2	259	2	4	0	301
259	2	3	259	2	4	0	301
260	1	1	260	1	2	12	1872
260	1	1	260	1	3	8	1872
260	1	1	260	1	4	6	1872
260	1	2	260	1	3	8	1872
260	1	2	260	1	4	10	1872
260	1	3	260	1	4	6	1872
261	1	1	261	1	2	2	1528
261	1	1	261	1	3	6	1528
261	1	1	261	1	4	4	1528
261	1	2	261	1	3	8	1528
261	1	2	261	1	4	2	1528
261	1	3	261	1	4	6	1528
264	1	1	264	1	2	2	1231
264	1	1	264	1	3	2	1231
264	1	1	264	1	4	2	1231
264	1	2	264	1	3	0	1231
264	1	2	264	1	4	0	1231
264	1	3	264	1	4	0	1231
265	1	1	265	1	2	2	1413
265	1	1	265	1	3	1	1413
265	1	1	265	1	4	1	1413
265	1	2	265	1	3	3	1413
265	1	2	265	1	4	3	1413
265	1	3	265	1	4	0	1413
266	1	1	266	1	2	4	815
266	1	1	266	1	3	7	815
266	1	1	266	1	4	6	815
266	1	2	266	1	3	9	815
266	1	2	266	1	4	7	815
266	1	3	266	1	4	3	815
267	1	1	267	1	2	2	1902
267	1	1	267	1	3	1	1902
267	1	1	267	1	4	3	1902
267	1	2	267	1	3	3	1902
267	1	2	267	1	4	1	1902
267	1	3	267	1	4	2	1902
268	1	1	268	1	2	4	1391
268	1	1	268	1	3	4	1391
268	1	1	268	1	4	4	1391
268	1	2	268	1	3	2	1391
268	1	2	268	1	4	4	1391
268	1	3	268	1	4	6	1391
269	1	1	269	1	2	3	1885
269	1	1	269	1	3	7	1885
269	1	1	269	1	4	3	1885
269	1	2	269	1	3	4	1885
269	1	2	269	1	4	4	1885
269	1	3	269	1	4	6	1885
269	2	1	269	2	2	0	710
269	2	1	269	2	3	1	710
269	2	1	269	2	4	1	710
269	2	2	269	2	3	1	710
269	2	2	269	2	4	1	710
269	2	3	269	2	4	0	710
270	1	1	270	1	2	1	1402
270	1	1	270	1	3	1	1402
270	1	1	270	1	4	1	1402
270	1	2	270	1	3	2	1402
270	1	2	270	1	4	2	1402
270	1	3	270	1	4	0	1402
271	1	1	271	1	2	5	1533
271	1	1	271	1	3	6	1533
271	1	1	271	1	4	6	1533
271	1	2	271	1	3	1	1533
271	1	2	271	1	4	1	1533
271	1	3	271	1	4	0	1533
271	2	1	271	2	2	9	917
271	2	1	271	2	3	5	917
271	2	1	271	2	4	8	917
271	2	2	271	2	3	8	917
271	2	2	271	2	4	7	917
271	2	3	271	2	4	3	917
271	3	1	271	3	2	1	1121
271	3	1	271	3	3	2	1121
271	3	1	271	3	4	2	1121
271	3	2	271	3	3	1	1121
271	3	2	271	3	4	1	1121
271	3	3	271	3	4	0	1121
271	4	1	271	4	2	1	613
271	4	1	271	4	3	1	613
271	4	1	271	4	4	1	613
271	4	2	271	4	3	0	613
271	4	2	271	4	4	0	613
271	4	3	271	4	4	0	613
271	5	1	271	5	2	0	598
271	5	1	271	5	3	0	598
271	5	1	271	5	4	0	598
271	5	2	271	5	3	0	598
271	5	2	271	5	4	0	598
271	5	3	271	5	4	0	598
271	6	1	271	6	2	0	624
271	6	1	271	6	3	0	624
271	6	1	271	6	4	2	624
271	6	2	271	6	3	0	624
271	6	2	271	6	4	2	624
271	6	3	271	6	4	2	624
271	7	1	271	7	2	0	418
271	7	1	271	7	3	0	418
271	7	1	271	7	4	0	418
271	7	2	271	7	3	0	418
271	7	2	271	7	4	0	418
271	7	3	271	7	4	0	418
271	8	1	271	8	2	0	239
271	8	1	271	8	3	0	239
271	8	1	271	8	4	0	239
271	8	2	271	8	3	0	239
271	8	2	271	8	4	0	239
271	8	3	271	8	4	0	239
271	9	1	271	9	2	0	311
271	9	1	271	9	3	0	311
271	9	1	271	9	4	0	311
271	9	2	271	9	3	0	311
271	9	2	271	9	4	0	311
271	9	3	271	9	4	0	311
272	1	1	272	1	2	7	1541
272	1	1	272	1	3	4	1541
272	1	1	272	1	4	3	1541
272	1	2	272	1	3	5	1541
272	1	2	272	1	4	4	1541
272	1	3	272	1	4	1	1541
272	2	1	272	2	2	0	305
272	2	1	272	2	3	0	305
272	2	1	272	2	4	0	305
272	2	2	272	2	3	0	305
272	2	2	272	2	4	0	305
272	2	3	272	2	4	0	305
273	1	1	273	1	2	12	1784
273	1	1	273	1	3	13	1784
273	1	1	273	1	4	8	1784
273	1	2	273	1	3	13	1784
273	1	2	273	1	4	8	1784
273	1	3	273	1	4	9	1784
274	1	1	274	1	2	25	1389
274	1	1	274	1	3	24	1389
274	1	1	274	1	4	29	1389
274	1	2	274	1	3	30	1389
274	1	2	274	1	4	25	1389
274	1	3	274	1	4	19	1389
275	1	1	275	1	2	1	1472
275	1	1	275	1	3	6	1472
275	1	1	275	1	4	6	1472
275	1	2	275	1	3	5	1472
275	1	2	275	1	4	5	1472
275	1	3	275	1	4	0	1472
276	1	1	276	1	2	6	1567
276	1	1	276	1	3	7	1567
276	1	1	276	1	4	4	1567
276	1	2	276	1	3	11	1567
276	1	2	276	1	4	4	1567
276	1	3	276	1	4	7	1567
277	1	1	277	1	2	1	1206
277	1	1	277	1	3	1	1206
277	1	1	277	1	4	1	1206
277	1	2	277	1	3	0	1206
277	1	2	277	1	4	0	1206
277	1	3	277	1	4	0	1206
278	1	1	278	1	2	4	1349
278	1	1	278	1	3	4	1349
278	1	1	278	1	4	5	1349
278	1	2	278	1	3	2	1349
278	1	2	278	1	4	5	1349
278	1	3	278	1	4	3	1349
279	1	1	279	1	2	0	1804
279	1	1	279	1	3	1	1804
279	1	1	279	1	4	1	1804
279	1	2	279	1	3	1	1804
279	1	2	279	1	4	1	1804
279	1	3	279	1	4	0	1804
280	1	1	280	1	2	0	960
280	1	1	280	1	3	0	960
280	1	1	280	1	4	0	960
280	1	2	280	1	3	0	960
280	1	2	280	1	4	0	960
280	1	3	280	1	4	0	960
281	1	1	281	1	2	4	1803
281	1	1	281	1	3	8	1803
281	1	1	281	1	4	9	1803
281	1	2	281	1	3	4	1803
281	1	2	281	1	4	5	1803
281	1	3	281	1	4	1	1803
282	1	1	282	1	2	0	1170
282	1	1	282	1	3	1	1170
282	1	1	282	1	4	2	1170
282	1	2	282	1	3	1	1170
282	1	2	282	1	4	2	1170
282	1	3	282	1	4	1	1170
283	1	1	283	1	2	4	1738
283	1	1	283	1	3	5	1738
283	1	1	283	1	4	5	1738
283	1	2	283	1	3	7	1738
283	1	2	283	1	4	7	1738
283	1	3	283	1	4	0	1738
284	1	1	284	1	2	0	1747
284	1	1	284	1	3	1	1747
284	1	1	284	1	4	1	1747
284	1	2	284	1	3	1	1747
284	1	2	284	1	4	1	1747
284	1	3	284	1	4	0	1747
285	1	1	285	1	2	18	1532
285	1	1	285	1	3	19	1532
285	1	1	285	1	4	25	1532
285	1	2	285	1	3	23	1532
285	1	2	285	1	4	13	1532
285	1	3	285	1	4	19	1532
285	2	1	285	2	2	1	553
285	2	1	285	2	3	2	553
285	2	1	285	2	4	2	553
285	2	2	285	2	3	1	553
285	2	2	285	2	4	1	553
285	2	3	285	2	4	0	553
285	3	1	285	3	2	0	275
285	3	1	285	3	3	0	275
285	3	1	285	3	4	0	275
285	3	2	285	3	3	0	275
285	3	2	285	3	4	0	275
285	3	3	285	3	4	0	275
286	1	1	286	1	2	5	1277
286	1	1	286	1	3	4	1277
286	1	1	286	1	4	4	1277
286	1	2	286	1	3	1	1277
286	1	2	286	1	4	1	1277
286	1	3	286	1	4	0	1277
287	1	1	287	1	2	0	1050
287	1	1	287	1	3	0	1050
287	1	1	287	1	4	0	1050
287	1	2	287	1	3	0	1050
287	1	2	287	1	4	0	1050
287	1	3	287	1	4	0	1050
287	2	1	287	2	2	0	446
287	2	1	287	2	3	1	446
287	2	1	287	2	4	1	446
287	2	2	287	2	3	1	446
287	2	2	287	2	4	1	446
287	2	3	287	2	4	0	446
287	3	1	287	3	2	0	378
287	3	1	287	3	3	0	378
287	3	1	287	3	4	0	378
287	3	2	287	3	3	0	378
287	3	2	287	3	4	0	378
287	3	3	287	3	4	0	378
288	1	1	288	1	2	3	1954
288	1	1	288	1	3	3	1954
288	1	1	288	1	4	4	1954
288	1	2	288	1	3	2	1954
288	1	2	288	1	4	1	1954
288	1	3	288	1	4	1	1954
289	1	1	289	1	2	6	1701
289	1	1	289	1	3	6	1701
289	1	1	289	1	4	5	1701
289	1	2	289	1	3	6	1701
289	1	2	289	1	4	8	1701
289	1	3	289	1	4	6	1701
289	2	1	289	2	2	2	959
289	2	1	289	2	3	3	959
289	2	1	289	2	4	3	959
289	2	2	289	2	3	2	959
289	2	2	289	2	4	2	959
289	2	3	289	2	4	0	959
290	1	1	290	1	2	7	1707
290	1	1	290	1	3	11	1707
290	1	1	290	1	4	8	1707
290	1	2	290	1	3	10	1707
290	1	2	290	1	4	10	1707
290	1	3	290	1	4	9	1707
291	1	1	291	1	2	10	1345
291	1	1	291	1	3	9	1345
291	1	1	291	1	4	6	1345
291	1	2	291	1	3	1	1345
291	1	2	291	1	4	8	1345
291	1	3	291	1	4	9	1345
292	1	1	292	1	2	0	789
292	1	1	292	1	3	3	789
292	1	1	292	1	4	2	789
292	1	2	292	1	3	3	789
292	1	2	292	1	4	2	789
292	1	3	292	1	4	1	789
293	1	1	293	1	2	3	1137
293	1	1	293	1	3	2	1137
293	1	1	293	1	4	1	1137
293	1	2	293	1	3	1	1137
293	1	2	293	1	4	4	1137
293	1	3	293	1	4	3	1137
294	1	1	294	1	2	2	1484
294	1	1	294	1	3	5	1484
294	1	1	294	1	4	9	1484
294	1	2	294	1	3	7	1484
294	1	2	294	1	4	7	1484
294	1	3	294	1	4	9	1484
294	2	1	294	2	2	3	1280
294	2	1	294	2	3	4	1280
294	2	1	294	2	4	3	1280
294	2	2	294	2	3	3	1280
294	2	2	294	2	4	2	1280
294	2	3	294	2	4	5	1280
294	3	1	294	3	2	0	343
294	3	1	294	3	3	0	343
294	3	1	294	3	4	0	343
294	3	2	294	3	3	0	343
294	3	2	294	3	4	0	343
294	3	3	294	3	4	0	343
295	1	1	295	1	2	2	1632
295	1	1	295	1	3	2	1632
295	1	1	295	1	4	2	1632
295	1	2	295	1	3	0	1632
295	1	2	295	1	4	2	1632
295	1	3	295	1	4	2	1632
296	1	1	296	1	2	5	1795
296	1	1	296	1	3	3	1795
296	1	1	296	1	4	6	1795
296	1	2	296	1	3	8	1795
296	1	2	296	1	4	3	1795
296	1	3	296	1	4	7	1795
297	1	1	297	1	2	0	1510
297	1	1	297	1	3	1	1510
297	1	1	297	1	4	1	1510
297	1	2	297	1	3	1	1510
297	1	2	297	1	4	1	1510
297	1	3	297	1	4	2	1510
298	1	1	298	1	2	6	1616
298	1	1	298	1	3	9	1616
298	1	1	298	1	4	12	1616
298	1	2	298	1	3	5	1616
298	1	2	298	1	4	6	1616
298	1	3	298	1	4	7	1616
298	2	1	298	2	2	0	362
298	2	1	298	2	3	0	362
298	2	1	298	2	4	1	362
298	2	2	298	2	3	0	362
298	2	2	298	2	4	1	362
298	2	3	298	2	4	1	362
299	1	1	299	1	2	4	1604
299	1	1	299	1	3	7	1604
299	1	1	299	1	4	7	1604
299	1	2	299	1	3	3	1604
299	1	2	299	1	4	3	1604
299	1	3	299	1	4	2	1604
299	2	1	299	2	2	0	1691
299	2	1	299	2	3	1	1691
299	2	1	299	2	4	1	1691
299	2	2	299	2	3	1	1691
299	2	2	299	2	4	1	1691
299	2	3	299	2	4	0	1691
300	1	1	300	1	2	7	1763
300	1	1	300	1	3	7	1763
300	1	1	300	1	4	8	1763
300	1	2	300	1	3	2	1763
300	1	2	300	1	4	7	1763
300	1	3	300	1	4	5	1763
301	1	1	301	1	2	1	1782
301	1	1	301	1	3	2	1782
301	1	1	301	1	4	3	1782
301	1	2	301	1	3	1	1782
301	1	2	301	1	4	2	1782
301	1	3	301	1	4	1	1782
301	2	1	301	2	2	4	1628
301	2	1	301	2	3	3	1628
301	2	1	301	2	4	2	1628
301	2	2	301	2	3	3	1628
301	2	2	301	2	4	4	1628
301	2	3	301	2	4	1	1628
301	3	1	301	3	2	0	527
301	3	1	301	3	3	0	527
301	3	1	301	3	4	0	527
301	3	2	301	3	3	0	527
301	3	2	301	3	4	0	527
301	3	3	301	3	4	0	527
302	1	1	302	1	2	10	1171
302	1	1	302	1	3	8	1171
302	1	1	302	1	4	9	1171
302	1	2	302	1	3	7	1171
302	1	2	302	1	4	10	1171
302	1	3	302	1	4	9	1171
303	1	1	303	1	2	0	1973
303	1	1	303	1	3	1	1973
303	1	1	303	1	4	1	1973
303	1	2	303	1	3	1	1973
303	1	2	303	1	4	1	1973
303	1	3	303	1	4	0	1973
304	1	1	304	1	2	0	1247
304	1	1	304	1	3	1	1247
304	1	1	304	1	4	2	1247
304	1	2	304	1	3	1	1247
304	1	2	304	1	4	2	1247
304	1	3	304	1	4	1	1247
304	2	1	304	2	2	0	708
304	2	1	304	2	3	0	708
304	2	1	304	2	4	0	708
304	2	2	304	2	3	0	708
304	2	2	304	2	4	0	708
304	2	3	304	2	4	0	708
304	3	1	304	3	2	0	381
304	3	1	304	3	3	0	381
304	3	1	304	3	4	0	381
304	3	2	304	3	3	0	381
304	3	2	304	3	4	0	381
304	3	3	304	3	4	0	381
305	1	1	305	1	2	1	1412
305	1	1	305	1	3	1	1412
305	1	1	305	1	4	2	1412
305	1	2	305	1	3	0	1412
305	1	2	305	1	4	3	1412
305	1	3	305	1	4	3	1412
306	1	1	306	1	2	0	1734
306	1	1	306	1	3	3	1734
306	1	1	306	1	4	1	1734
306	1	2	306	1	3	3	1734
306	1	2	306	1	4	1	1734
306	1	3	306	1	4	2	1734
307	1	1	307	1	2	7	1602
307	1	1	307	1	3	21	1602
307	1	1	307	1	4	21	1602
307	1	2	307	1	3	20	1602
307	1	2	307	1	4	20	1602
307	1	3	307	1	4	4	1602
307	2	1	307	2	2	1	764
307	2	1	307	2	3	1	764
307	2	1	307	2	4	1	764
307	2	2	307	2	3	1	764
307	2	2	307	2	4	1	764
307	2	3	307	2	4	0	764
309	1	1	309	1	2	3	1631
309	1	1	309	1	3	3	1631
309	1	1	309	1	4	2	1631
309	1	2	309	1	3	0	1631
309	1	2	309	1	4	1	1631
309	1	3	309	1	4	1	1631
309	2	1	309	2	2	0	717
309	2	1	309	2	3	0	717
309	2	1	309	2	4	0	717
309	2	2	309	2	3	0	717
309	2	2	309	2	4	0	717
309	2	3	309	2	4	0	717
309	3	1	309	3	2	0	388
309	3	1	309	3	3	0	388
309	3	1	309	3	4	0	388
309	3	2	309	3	3	0	388
309	3	2	309	3	4	0	388
309	3	3	309	3	4	0	388
311	1	1	311	1	2	6	2213
311	1	1	311	1	3	3	2213
311	1	1	311	1	4	8	2213
311	1	2	311	1	3	5	2213
311	1	2	311	1	4	2	2213
311	1	3	311	1	4	5	2213
312	1	1	312	1	2	5	1328
312	1	1	312	1	3	3	1328
312	1	1	312	1	4	3	1328
312	1	2	312	1	3	8	1328
312	1	2	312	1	4	8	1328
312	1	3	312	1	4	0	1328
313	1	1	313	1	2	8	1760
313	1	1	313	1	3	15	1760
313	1	1	313	1	4	6	1760
313	1	2	313	1	3	13	1760
313	1	2	313	1	4	10	1760
313	1	3	313	1	4	13	1760
314	1	1	314	1	2	7	1773
314	1	1	314	1	3	5	1773
314	1	1	314	1	4	5	1773
314	1	2	314	1	3	4	1773
314	1	2	314	1	4	4	1773
314	1	3	314	1	4	2	1773
315	1	1	315	1	2	128	1577
315	1	1	315	1	3	137	1577
315	1	1	315	1	4	122	1577
315	1	2	315	1	3	131	1577
315	1	2	315	1	4	127	1577
315	1	3	315	1	4	131	1577
316	1	1	316	1	2	0	1582
316	1	1	316	1	3	0	1582
316	1	1	316	1	4	0	1582
316	1	2	316	1	3	0	1582
316	1	2	316	1	4	0	1582
316	1	3	316	1	4	0	1582
316	2	1	316	2	2	0	473
316	2	1	316	2	3	0	473
316	2	1	316	2	4	0	473
316	2	2	316	2	3	0	473
316	2	2	316	2	4	0	473
316	2	3	316	2	4	0	473
318	1	1	318	1	2	0	674
318	1	1	318	1	3	0	674
318	1	1	318	1	4	0	674
318	1	2	318	1	3	0	674
318	1	2	318	1	4	0	674
318	1	3	318	1	4	0	674
319	1	1	319	1	2	19	1991
319	1	1	319	1	3	17	1991
319	1	1	319	1	4	14	1991
319	1	2	319	1	3	10	1991
319	1	2	319	1	4	24	1991
319	1	3	319	1	4	22	1991
320	1	1	320	1	2	3	837
320	1	1	320	1	3	4	837
320	1	1	320	1	4	6	837
320	1	2	320	1	3	1	837
320	1	2	320	1	4	5	837
320	1	3	320	1	4	4	837
321	1	1	321	1	2	2	1808
321	1	1	321	1	3	18	1808
321	1	1	321	1	4	12	1808
321	1	2	321	1	3	17	1808
321	1	2	321	1	4	13	1808
321	1	3	321	1	4	14	1808
322	1	1	322	1	2	8	906
322	1	1	322	1	3	12	906
322	1	1	322	1	4	11	906
322	1	2	322	1	3	10	906
322	1	2	322	1	4	7	906
322	1	3	322	1	4	7	906
322	2	1	322	2	2	0	273
322	2	1	322	2	3	0	273
322	2	1	322	2	4	0	273
322	2	2	322	2	3	0	273
322	2	2	322	2	4	0	273
322	2	3	322	2	4	0	273
323	1	1	323	1	2	2	983
323	1	1	323	1	3	2	983
323	1	1	323	1	4	3	983
323	1	2	323	1	3	0	983
323	1	2	323	1	4	1	983
323	1	3	323	1	4	1	983
324	1	1	324	1	2	3	790
324	1	1	324	1	3	1	790
324	1	1	324	1	4	1	790
324	1	2	324	1	3	2	790
324	1	2	324	1	4	2	790
324	1	3	324	1	4	0	790
325	1	1	325	1	2	1	1641
325	1	1	325	1	3	4	1641
325	1	1	325	1	4	3	1641
325	1	2	325	1	3	3	1641
325	1	2	325	1	4	2	1641
325	1	3	325	1	4	3	1641
326	1	1	326	1	2	1	1871
326	1	1	326	1	3	2	1871
326	1	1	326	1	4	4	1871
326	1	2	326	1	3	1	1871
326	1	2	326	1	4	3	1871
326	1	3	326	1	4	2	1871
327	1	1	327	1	2	4	1967
327	1	1	327	1	3	5	1967
327	1	1	327	1	4	9	1967
327	1	2	327	1	3	3	1967
327	1	2	327	1	4	7	1967
327	1	3	327	1	4	6	1967
328	1	1	328	1	2	1	1236
328	1	1	328	1	3	1	1236
328	1	1	328	1	4	2	1236
328	1	2	328	1	3	0	1236
328	1	2	328	1	4	1	1236
328	1	3	328	1	4	1	1236
328	2	1	328	2	2	0	523
328	2	1	328	2	3	0	523
328	2	1	328	2	4	0	523
328	2	2	328	2	3	0	523
328	2	2	328	2	4	0	523
328	2	3	328	2	4	0	523
330	1	1	330	1	2	5	1573
330	1	1	330	1	3	6	1573
330	1	1	330	1	4	6	1573
330	1	2	330	1	3	7	1573
330	1	2	330	1	4	7	1573
330	1	3	330	1	4	0	1573
333	1	1	333	1	2	1	1755
333	1	1	333	1	3	1	1755
333	1	1	333	1	4	1	1755
333	1	2	333	1	3	0	1755
333	1	2	333	1	4	0	1755
333	1	3	333	1	4	0	1755
334	1	1	334	1	2	1	1674
334	1	1	334	1	3	2	1674
334	1	1	334	1	4	3	1674
334	1	2	334	1	3	1	1674
334	1	2	334	1	4	2	1674
334	1	3	334	1	4	1	1674
335	1	1	335	1	2	2	1571
335	1	1	335	1	3	1	1571
335	1	1	335	1	4	1	1571
335	1	2	335	1	3	3	1571
335	1	2	335	1	4	3	1571
335	1	3	335	1	4	0	1571
335	2	1	335	2	2	1	1527
335	2	1	335	2	3	1	1527
335	2	1	335	2	4	1	1527
335	2	2	335	2	3	2	1527
335	2	2	335	2	4	2	1527
335	2	3	335	2	4	0	1527
337	1	1	337	1	2	3	1627
337	1	1	337	1	3	3	1627
337	1	1	337	1	4	3	1627
337	1	2	337	1	3	0	1627
337	1	2	337	1	4	2	1627
337	1	3	337	1	4	2	1627
337	2	1	337	2	2	0	161
337	2	1	337	2	3	0	161
337	2	1	337	2	4	0	161
337	2	2	337	2	3	0	161
337	2	2	337	2	4	0	161
337	2	3	337	2	4	0	161
338	1	1	338	1	2	0	1916
338	1	1	338	1	3	0	1916
338	1	1	338	1	4	0	1916
338	1	2	338	1	3	0	1916
338	1	2	338	1	4	0	1916
338	1	3	338	1	4	0	1916
339	1	1	339	1	2	3	1773
339	1	1	339	1	3	2	1773
339	1	1	339	1	4	4	1773
339	1	2	339	1	3	3	1773
339	1	2	339	1	4	5	1773
339	1	3	339	1	4	2	1773
339	2	1	339	2	2	0	434
339	2	1	339	2	3	0	434
339	2	1	339	2	4	0	434
339	2	2	339	2	3	0	434
339	2	2	339	2	4	0	434
339	2	3	339	2	4	0	434
340	1	1	340	1	2	2	1024
340	1	1	340	1	3	2	1024
340	1	1	340	1	4	4	1024
340	1	2	340	1	3	0	1024
340	1	2	340	1	4	2	1024
340	1	3	340	1	4	2	1024
340	2	1	340	2	2	2	825
340	2	1	340	2	3	2	825
340	2	1	340	2	4	2	825
340	2	2	340	2	3	0	825
340	2	2	340	2	4	2	825
340	2	3	340	2	4	2	825
341	1	1	341	1	2	1	1419
341	1	1	341	1	3	1	1419
341	1	1	341	1	4	2	1419
341	1	2	341	1	3	2	1419
341	1	2	341	1	4	1	1419
341	1	3	341	1	4	1	1419
342	1	1	342	1	2	2	1758
342	1	1	342	1	3	1	1758
342	1	1	342	1	4	3	1758
342	1	2	342	1	3	3	1758
342	1	2	342	1	4	1	1758
342	1	3	342	1	4	2	1758
344	1	1	344	1	2	9	1453
344	1	1	344	1	3	16	1453
344	1	1	344	1	4	7	1453
344	1	2	344	1	3	15	1453
344	1	2	344	1	4	10	1453
344	1	3	344	1	4	15	1453
345	1	1	345	1	2	8	1840
345	1	1	345	1	3	19	1840
345	1	1	345	1	4	15	1840
345	1	2	345	1	3	19	1840
345	1	2	345	1	4	18	1840
345	1	3	345	1	4	12	1840
346	1	1	346	1	2	36	2006
346	1	1	346	1	3	24	2006
346	1	1	346	1	4	31	2006
346	1	2	346	1	3	33	2006
346	1	2	346	1	4	37	2006
346	1	3	346	1	4	20	2006
347	1	1	347	1	2	6	1716
347	1	1	347	1	3	4	1716
347	1	1	347	1	4	10	1716
347	1	2	347	1	3	6	1716
347	1	2	347	1	4	6	1716
347	1	3	347	1	4	8	1716
348	1	1	348	1	2	8	1376
348	1	1	348	1	3	11	1376
348	1	1	348	1	4	12	1376
348	1	2	348	1	3	7	1376
348	1	2	348	1	4	8	1376
348	1	3	348	1	4	9	1376
349	1	1	349	1	2	3	1666
349	1	1	349	1	3	6	1666
349	1	1	349	1	4	3	1666
349	1	2	349	1	3	5	1666
349	1	2	349	1	4	4	1666
349	1	3	349	1	4	5	1666
349	2	1	349	2	2	0	360
349	2	1	349	2	3	2	360
349	2	1	349	2	4	1	360
349	2	2	349	2	3	2	360
349	2	2	349	2	4	1	360
349	2	3	349	2	4	1	360
349	3	1	349	3	2	2	309
349	3	1	349	3	3	1	309
349	3	1	349	3	4	2	309
349	3	2	349	3	3	3	309
349	3	2	349	3	4	3	309
349	3	3	349	3	4	2	309
350	1	1	350	1	2	1	748
350	1	1	350	1	3	1	748
350	1	1	350	1	4	3	748
350	1	2	350	1	3	2	748
350	1	2	350	1	4	4	748
350	1	3	350	1	4	2	748
350	2	1	350	2	2	4	770
350	2	1	350	2	3	2	770
350	2	1	350	2	4	2	770
350	2	2	350	2	3	2	770
350	2	2	350	2	4	4	770
350	2	3	350	2	4	2	770
350	3	1	350	3	2	0	624
350	3	1	350	3	3	0	624
350	3	1	350	3	4	1	624
350	3	2	350	3	3	0	624
350	3	2	350	3	4	1	624
350	3	3	350	3	4	1	624
350	4	1	350	4	2	0	656
350	4	1	350	4	3	0	656
350	4	1	350	4	4	0	656
350	4	2	350	4	3	0	656
350	4	2	350	4	4	0	656
350	4	3	350	4	4	0	656
351	1	1	351	1	2	0	1099
351	1	1	351	1	3	3	1099
351	1	1	351	1	4	8	1099
351	1	2	351	1	3	3	1099
351	1	2	351	1	4	8	1099
351	1	3	351	1	4	5	1099
351	2	1	351	2	2	11	647
351	2	1	351	2	3	17	647
351	2	1	351	2	4	14	647
351	2	2	351	2	3	7	647
351	2	2	351	2	4	12	647
351	2	3	351	2	4	10	647
352	1	1	352	1	2	0	1778
352	1	1	352	1	3	0	1778
352	1	1	352	1	4	0	1778
352	1	2	352	1	3	0	1778
352	1	2	352	1	4	0	1778
352	1	3	352	1	4	0	1778
352	2	1	352	2	2	0	233
352	2	1	352	2	3	0	233
352	2	1	352	2	4	0	233
352	2	2	352	2	3	0	233
352	2	2	352	2	4	0	233
352	2	3	352	2	4	0	233
353	1	1	353	1	2	5	1283
353	1	1	353	1	3	10	1283
353	1	1	353	1	4	11	1283
353	1	2	353	1	3	5	1283
353	1	2	353	1	4	8	1283
353	1	3	353	1	4	3	1283
354	1	1	354	1	2	15	1464
354	1	1	354	1	3	11	1464
354	1	1	354	1	4	18	1464
354	1	2	354	1	3	4	1464
354	1	2	354	1	4	19	1464
354	1	3	354	1	4	17	1464
355	1	1	355	1	2	1	1581
355	1	1	355	1	3	1	1581
355	1	1	355	1	4	1	1581
355	1	2	355	1	3	0	1581
355	1	2	355	1	4	0	1581
355	1	3	355	1	4	0	1581
356	1	1	356	1	2	3	1033
356	1	1	356	1	3	2	1033
356	1	1	356	1	4	6	1033
356	1	2	356	1	3	3	1033
356	1	2	356	1	4	5	1033
356	1	3	356	1	4	4	1033
357	1	1	357	1	2	0	1807
357	1	1	357	1	3	2	1807
357	1	1	357	1	4	3	1807
357	1	2	357	1	3	2	1807
357	1	2	357	1	4	3	1807
357	1	3	357	1	4	1	1807
357	2	1	357	2	2	0	455
357	2	1	357	2	3	0	455
357	2	1	357	2	4	0	455
357	2	2	357	2	3	0	455
357	2	2	357	2	4	0	455
357	2	3	357	2	4	0	455
358	1	1	358	1	2	1	1168
358	1	1	358	1	3	3	1168
358	1	1	358	1	4	4	1168
358	1	2	358	1	3	2	1168
358	1	2	358	1	4	3	1168
358	1	3	358	1	4	3	1168
359	1	1	359	1	2	1	1213
359	1	1	359	1	3	1	1213
359	1	1	359	1	4	3	1213
359	1	2	359	1	3	0	1213
359	1	2	359	1	4	4	1213
359	1	3	359	1	4	4	1213
361	1	1	361	1	2	1	1695
361	1	1	361	1	3	2	1695
361	1	1	361	1	4	2	1695
361	1	2	361	1	3	3	1695
361	1	2	361	1	4	3	1695
361	1	3	361	1	4	2	1695
362	1	1	362	1	2	2	1400
362	1	1	362	1	3	2	1400
362	1	1	362	1	4	3	1400
362	1	2	362	1	3	0	1400
362	1	2	362	1	4	1	1400
362	1	3	362	1	4	1	1400
362	2	1	362	2	2	1	1376
362	2	1	362	2	3	3	1376
362	2	1	362	2	4	2	1376
362	2	2	362	2	3	2	1376
362	2	2	362	2	4	1	1376
362	2	3	362	2	4	1	1376
363	1	1	363	1	2	0	1215
363	1	1	363	1	3	1	1215
363	1	1	363	1	4	1	1215
363	1	2	363	1	3	1	1215
363	1	2	363	1	4	1	1215
363	1	3	363	1	4	0	1215
364	1	1	364	1	2	2	1701
364	1	1	364	1	3	4	1701
364	1	1	364	1	4	2	1701
364	1	2	364	1	3	4	1701
364	1	2	364	1	4	4	1701
364	1	3	364	1	4	4	1701
365	1	1	365	1	2	0	1648
365	1	1	365	1	3	0	1648
365	1	1	365	1	4	2	1648
365	1	2	365	1	3	0	1648
365	1	2	365	1	4	2	1648
365	1	3	365	1	4	2	1648
366	1	1	366	1	2	4	1661
366	1	1	366	1	3	4	1661
366	1	1	366	1	4	4	1661
366	1	2	366	1	3	0	1661
366	1	2	366	1	4	2	1661
366	1	3	366	1	4	2	1661
367	1	1	367	1	2	1	1903
367	1	1	367	1	3	2	1903
367	1	1	367	1	4	3	1903
367	1	2	367	1	3	1	1903
367	1	2	367	1	4	4	1903
367	1	3	367	1	4	3	1903
367	2	1	367	2	2	0	544
367	2	1	367	2	3	0	544
367	2	1	367	2	4	0	544
367	2	2	367	2	3	0	544
367	2	2	367	2	4	0	544
367	2	3	367	2	4	0	544
367	3	1	367	3	2	0	188
367	3	1	367	3	3	0	188
367	3	1	367	3	4	0	188
367	3	2	367	3	3	0	188
367	3	2	367	3	4	0	188
367	3	3	367	3	4	0	188
368	1	1	368	1	2	3	1594
368	1	1	368	1	3	3	1594
368	1	1	368	1	4	2	1594
368	1	2	368	1	3	2	1594
368	1	2	368	1	4	3	1594
368	1	3	368	1	4	3	1594
369	1	1	369	1	2	2	1352
369	1	1	369	1	3	3	1352
369	1	1	369	1	4	3	1352
369	1	2	369	1	3	3	1352
369	1	2	369	1	4	3	1352
369	1	3	369	1	4	4	1352
370	1	1	370	1	2	1	1679
370	1	1	370	1	3	1	1679
370	1	1	370	1	4	2	1679
370	1	2	370	1	3	0	1679
370	1	2	370	1	4	1	1679
370	1	3	370	1	4	1	1679
371	1	1	371	1	2	0	1501
371	1	1	371	1	3	0	1501
371	1	1	371	1	4	1	1501
371	1	2	371	1	3	0	1501
371	1	2	371	1	4	1	1501
371	1	3	371	1	4	1	1501
371	2	1	371	2	2	0	228
371	2	1	371	2	3	0	228
371	2	1	371	2	4	0	228
371	2	2	371	2	3	0	228
371	2	2	371	2	4	0	228
371	2	3	371	2	4	0	228
371	3	1	371	3	2	0	166
371	3	1	371	3	3	0	166
371	3	1	371	3	4	0	166
371	3	2	371	3	3	0	166
371	3	2	371	3	4	0	166
371	3	3	371	3	4	0	166
371	4	1	371	4	2	0	150
371	4	1	371	4	3	0	150
371	4	1	371	4	4	0	150
371	4	2	371	4	3	0	150
371	4	2	371	4	4	0	150
371	4	3	371	4	4	0	150
371	5	1	371	5	2	0	150
371	5	1	371	5	3	0	150
371	5	1	371	5	4	0	150
371	5	2	371	5	3	0	150
371	5	2	371	5	4	0	150
371	5	3	371	5	4	0	150
371	6	1	371	6	2	0	150
371	6	1	371	6	3	0	150
371	6	1	371	6	4	0	150
371	6	2	371	6	3	0	150
371	6	2	371	6	4	0	150
371	6	3	371	6	4	0	150
372	1	1	372	1	2	2	1790
372	1	1	372	1	3	1	1790
372	1	1	372	1	4	1	1790
372	1	2	372	1	3	1	1790
372	1	2	372	1	4	1	1790
372	1	3	372	1	4	0	1790
373	1	1	373	1	2	1	2787
373	1	1	373	1	3	2	2787
373	1	1	373	1	4	3	2787
373	1	2	373	1	3	1	2787
373	1	2	373	1	4	2	2787
373	1	3	373	1	4	1	2787
373	2	1	373	2	2	0	1331
373	2	1	373	2	3	0	1331
373	2	1	373	2	4	0	1331
373	2	2	373	2	3	0	1331
373	2	2	373	2	4	0	1331
373	2	3	373	2	4	0	1331
373	3	1	373	3	2	0	325
373	3	1	373	3	3	0	325
373	3	1	373	3	4	0	325
373	3	2	373	3	3	0	325
373	3	2	373	3	4	0	325
373	3	3	373	3	4	0	325
374	1	1	374	1	2	1	1963
374	1	1	374	1	3	1	1963
374	1	1	374	1	4	1	1963
374	1	2	374	1	3	0	1963
374	1	2	374	1	4	0	1963
374	1	3	374	1	4	0	1963
375	1	1	375	1	2	2	1720
375	1	1	375	1	3	1	1720
375	1	1	375	1	4	9	1720
375	1	2	375	1	3	1	1720
375	1	2	375	1	4	9	1720
375	1	3	375	1	4	8	1720
377	1	1	377	1	2	1	1725
377	1	1	377	1	3	1	1725
377	1	1	377	1	4	2	1725
377	1	2	377	1	3	0	1725
377	1	2	377	1	4	1	1725
377	1	3	377	1	4	1	1725
378	1	1	378	1	2	1	1439
378	1	1	378	1	3	1	1439
378	1	1	378	1	4	2	1439
378	1	2	378	1	3	0	1439
378	1	2	378	1	4	1	1439
378	1	3	378	1	4	1	1439
379	1	1	379	1	2	95	1462
379	1	1	379	1	3	91	1462
379	1	1	379	1	4	93	1462
379	1	2	379	1	3	94	1462
379	1	2	379	1	4	91	1462
379	1	3	379	1	4	121	1462
380	1	1	380	1	2	26	1816
380	1	1	380	1	3	25	1816
380	1	1	380	1	4	25	1816
380	1	2	380	1	3	4	1816
380	1	2	380	1	4	4	1816
380	1	3	380	1	4	2	1816
381	1	1	381	1	2	2	1808
381	1	1	381	1	3	9	1808
381	1	1	381	1	4	9	1808
381	1	2	381	1	3	7	1808
381	1	2	381	1	4	7	1808
381	1	3	381	1	4	5	1808
381	2	1	381	2	2	0	150
381	2	1	381	2	3	0	150
381	2	1	381	2	4	0	150
381	2	2	381	2	3	0	150
381	2	2	381	2	4	0	150
381	2	3	381	2	4	0	150
382	1	1	382	1	2	2	1624
382	1	1	382	1	3	2	1624
382	1	1	382	1	4	4	1624
382	1	2	382	1	3	2	1624
382	1	2	382	1	4	2	1624
382	1	3	382	1	4	4	1624
382	2	1	382	2	2	0	354
382	2	1	382	2	3	0	354
382	2	1	382	2	4	0	354
382	2	2	382	2	3	0	354
382	2	2	382	2	4	0	354
382	2	3	382	2	4	0	354
383	1	1	383	1	2	0	1190
383	1	1	383	1	3	0	1190
383	1	1	383	1	4	0	1190
383	1	2	383	1	3	0	1190
383	1	2	383	1	4	0	1190
383	1	3	383	1	4	0	1190
384	1	1	384	1	2	0	1155
384	1	1	384	1	3	0	1155
384	1	1	384	1	4	2	1155
384	1	2	384	1	3	0	1155
384	1	2	384	1	4	2	1155
384	1	3	384	1	4	2	1155
385	1	1	385	1	2	5	1706
385	1	1	385	1	3	3	1706
385	1	1	385	1	4	6	1706
385	1	2	385	1	3	2	1706
385	1	2	385	1	4	3	1706
385	1	3	385	1	4	3	1706
386	1	1	386	1	2	5	1782
386	1	1	386	1	3	2	1782
386	1	1	386	1	4	2	1782
386	1	2	386	1	3	4	1782
386	1	2	386	1	4	4	1782
386	1	3	386	1	4	1	1782
387	1	1	387	1	2	2	1292
387	1	1	387	1	3	3	1292
387	1	1	387	1	4	10	1292
387	1	2	387	1	3	1	1292
387	1	2	387	1	4	9	1292
387	1	3	387	1	4	8	1292
388	1	1	388	1	2	8	1758
388	1	1	388	1	3	9	1758
388	1	1	388	1	4	13	1758
388	1	2	388	1	3	5	1758
388	1	2	388	1	4	11	1758
388	1	3	388	1	4	10	1758
389	1	1	389	1	2	0	1269
389	1	1	389	1	3	0	1269
389	1	1	389	1	4	2	1269
389	1	2	389	1	3	0	1269
389	1	2	389	1	4	2	1269
389	1	3	389	1	4	2	1269
389	2	1	389	2	2	15	1288
389	2	1	389	2	3	13	1288
389	2	1	389	2	4	6	1288
389	2	2	389	2	3	9	1288
389	2	2	389	2	4	14	1288
389	2	3	389	2	4	12	1288
390	1	1	390	1	2	5	1481
390	1	1	390	1	3	8	1481
390	1	1	390	1	4	16	1481
390	1	2	390	1	3	5	1481
390	1	2	390	1	4	19	1481
390	1	3	390	1	4	16	1481
391	1	1	391	1	2	18	1957
391	1	1	391	1	3	15	1957
391	1	1	391	1	4	18	1957
391	1	2	391	1	3	16	1957
391	1	2	391	1	4	13	1957
391	1	3	391	1	4	18	1957
392	1	1	392	1	2	4	1381
392	1	1	392	1	3	3	1381
392	1	1	392	1	4	7	1381
392	1	2	392	1	3	5	1381
392	1	2	392	1	4	3	1381
392	1	3	392	1	4	4	1381
392	2	1	392	2	2	0	664
392	2	1	392	2	3	0	664
392	2	1	392	2	4	0	664
392	2	2	392	2	3	0	664
392	2	2	392	2	4	0	664
392	2	3	392	2	4	0	664
392	3	1	392	3	2	0	1084
392	3	1	392	3	3	0	1084
392	3	1	392	3	4	0	1084
392	3	2	392	3	3	0	1084
392	3	2	392	3	4	0	1084
392	3	3	392	3	4	0	1084
393	1	1	393	1	2	0	1736
393	1	1	393	1	3	2	1736
393	1	1	393	1	4	1	1736
393	1	2	393	1	3	2	1736
393	1	2	393	1	4	1	1736
393	1	3	393	1	4	3	1736
394	1	1	394	1	2	2	1055
394	1	1	394	1	3	2	1055
394	1	1	394	1	4	3	1055
394	1	2	394	1	3	0	1055
394	1	2	394	1	4	1	1055
394	1	3	394	1	4	1	1055
394	2	1	394	2	2	6	915
394	2	1	394	2	3	4	915
394	2	1	394	2	4	16	915
394	2	2	394	2	3	8	915
394	2	2	394	2	4	14	915
394	2	3	394	2	4	14	915
395	1	1	395	1	2	0	1775
395	1	1	395	1	3	1	1775
395	1	1	395	1	4	3	1775
395	1	2	395	1	3	1	1775
395	1	2	395	1	4	3	1775
395	1	3	395	1	4	2	1775
396	1	1	396	1	2	9	2044
396	1	1	396	1	3	4	2044
396	1	1	396	1	4	9	2044
396	1	2	396	1	3	11	2044
396	1	2	396	1	4	4	2044
396	1	3	396	1	4	11	2044
399	1	1	399	1	2	3	1793
399	1	1	399	1	3	3	1793
399	1	1	399	1	4	2	1793
399	1	2	399	1	3	2	1793
399	1	2	399	1	4	3	1793
399	1	3	399	1	4	1	1793
400	1	1	400	1	2	2	1801
400	1	1	400	1	3	2	1801
400	1	1	400	1	4	3	1801
400	1	2	400	1	3	0	1801
400	1	2	400	1	4	1	1801
400	1	3	400	1	4	1	1801
402	1	1	402	1	2	0	730
402	1	1	402	1	3	0	730
402	1	1	402	1	4	0	730
402	1	2	402	1	3	0	730
402	1	2	402	1	4	0	730
402	1	3	402	1	4	0	730
402	2	1	402	2	2	0	525
402	2	1	402	2	3	1	525
402	2	1	402	2	4	1	525
402	2	2	402	2	3	1	525
402	2	2	402	2	4	1	525
402	2	3	402	2	4	0	525
403	1	1	403	1	2	16	1313
403	1	1	403	1	3	19	1313
403	1	1	403	1	4	17	1313
403	1	2	403	1	3	20	1313
403	1	2	403	1	4	22	1313
403	1	3	403	1	4	15	1313
