1	1	1	1	1	2	1	1766
1	1	1	1	1	3	4	1766
1	1	1	1	1	4	4	1766
1	1	2	1	1	3	3	1766
1	1	2	1	1	4	5	1766
1	1	3	1	1	4	2	1766
2	1	1	2	1	2	0	1656
2	1	1	2	1	3	1	1656
2	1	1	2	1	4	2	1656
2	1	2	2	1	3	1	1656
2	1	2	2	1	4	2	1656
2	1	3	2	1	4	2	1656
3	1	1	3	1	2	0	1884
3	1	1	3	1	3	0	1884
3	1	1	3	1	4	0	1884
3	1	2	3	1	3	0	1884
3	1	2	3	1	4	0	1884
3	1	3	3	1	4	0	1884
3	2	1	3	2	2	3	901
3	2	1	3	2	3	4	901
3	2	1	3	2	4	4	901
3	2	2	3	2	3	1	901
3	2	2	3	2	4	1	901
3	2	3	3	2	4	0	901
4	1	1	4	1	2	4	1782
4	1	1	4	1	3	3	1782
4	1	1	4	1	4	6	1782
4	1	2	4	1	3	7	1782
4	1	2	4	1	4	4	1782
4	1	3	4	1	4	3	1782
5	1	1	5	1	2	0	1129
5	1	1	5	1	3	0	1129
5	1	1	5	1	4	0	1129
5	1	2	5	1	3	0	1129
5	1	2	5	1	4	0	1129
5	1	3	5	1	4	0	1129
5	2	1	5	2	2	0	1032
5	2	1	5	2	3	0	1032
5	2	1	5	2	4	0	1032
5	2	2	5	2	3	0	1032
5	2	2	5	2	4	0	1032
5	2	3	5	2	4	0	1032
5	3	1	5	3	2	0	555
5	3	1	5	3	3	0	555
5	3	1	5	3	4	0	555
5	3	2	5	3	3	0	555
5	3	2	5	3	4	0	555
5	3	3	5	3	4	0	555
5	4	1	5	4	2	0	375
5	4	1	5	4	3	0	375
5	4	1	5	4	4	0	375
5	4	2	5	4	3	0	375
5	4	2	5	4	4	0	375
5	4	3	5	4	4	0	375
5	5	1	5	5	2	0	296
5	5	1	5	5	3	0	296
5	5	1	5	5	4	0	296
5	5	2	5	5	3	0	296
5	5	2	5	5	4	0	296
5	5	3	5	5	4	0	296
7	1	1	7	1	2	1	1620
7	1	1	7	1	3	2	1620
7	1	1	7	1	4	2	1620
7	1	2	7	1	3	1	1620
7	1	2	7	1	4	1	1620
7	1	3	7	1	4	0	1620
8	1	1	8	1	2	1	1604
8	1	1	8	1	3	1	1604
8	1	1	8	1	4	1	1604
8	1	2	8	1	3	0	1604
8	1	2	8	1	4	0	1604
8	1	3	8	1	4	0	1604
9	1	1	9	1	2	0	1701
9	1	1	9	1	3	2	1701
9	1	1	9	1	4	2	1701
9	1	2	9	1	3	2	1701
9	1	2	9	1	4	2	1701
9	1	3	9	1	4	0	1701
10	1	1	10	1	2	0	1104
10	1	1	10	1	3	1	1104
10	1	1	10	1	4	1	1104
10	1	2	10	1	3	1	1104
10	1	2	10	1	4	1	1104
10	1	3	10	1	4	0	1104
11	1	1	11	1	2	0	1222
11	1	1	11	1	3	0	1222
11	1	1	11	1	4	0	1222
11	1	2	11	1	3	0	1222
11	1	2	11	1	4	0	1222
11	1	3	11	1	4	0	1222
11	2	1	11	2	2	0	546
11	2	1	11	2	3	0	546
11	2	1	11	2	4	0	546
11	2	2	11	2	3	0	546
11	2	2	11	2	4	0	546
11	2	3	11	2	4	0	546
11	3	1	11	3	2	0	413
11	3	1	11	3	3	0	413
11	3	1	11	3	4	0	413
11	3	2	11	3	3	0	413
11	3	2	11	3	4	0	413
11	3	3	11	3	4	0	413
12	1	1	12	1	2	4	1630
12	1	1	12	1	3	4	1630
12	1	1	12	1	4	6	1630
12	1	2	12	1	3	8	1630
12	1	2	12	1	4	8	1630
12	1	3	12	1	4	2	1630
13	1	1	13	1	2	4	1084
13	1	1	13	1	3	3	1084
13	1	1	13	1	4	2	1084
13	1	2	13	1	3	3	1084
13	1	2	13	1	4	4	1084
13	1	3	13	1	4	1	1084
13	2	1	13	2	2	0	626
13	2	1	13	2	3	0	626
13	2	1	13	2	4	0	626
13	2	2	13	2	3	0	626
13	2	2	13	2	4	0	626
13	2	3	13	2	4	0	626
13	3	1	13	3	2	0	243
13	3	1	13	3	3	0	243
13	3	1	13	3	4	0	243
13	3	2	13	3	3	0	243
13	3	2	13	3	4	0	243
13	3	3	13	3	4	0	243
14	1	1	14	1	2	3	1891
14	1	1	14	1	3	7	1891
14	1	1	14	1	4	3	1891
14	1	2	14	1	3	8	1891
14	1	2	14	1	4	2	1891
14	1	3	14	1	4	9	1891
15	1	1	15	1	2	0	1709
15	1	1	15	1	3	9	1709
15	1	1	15	1	4	10	1709
15	1	2	15	1	3	9	1709
15	1	2	15	1	4	10	1709
15	1	3	15	1	4	1	1709
15	2	1	15	2	2	0	250
15	2	1	15	2	3	0	250
15	2	1	15	2	4	0	250
15	2	2	15	2	3	0	250
15	2	2	15	2	4	0	250
15	2	3	15	2	4	0	250
16	1	1	16	1	2	0	1458
16	1	1	16	1	3	1	1458
16	1	1	16	1	4	3	1458
16	1	2	16	1	3	1	1458
16	1	2	16	1	4	3	1458
16	1	3	16	1	4	2	1458
17	1	1	17	1	2	0	1850
17	1	1	17	1	3	0	1850
17	1	1	17	1	4	0	1850
17	1	2	17	1	3	0	1850
17	1	2	17	1	4	0	1850
17	1	3	17	1	4	0	1850
17	2	1	17	2	2	0	1775
17	2	1	17	2	3	1	1775
17	2	1	17	2	4	1	1775
17	2	2	17	2	3	1	1775
17	2	2	17	2	4	1	1775
17	2	3	17	2	4	0	1775
18	1	1	18	1	2	0	1824
18	1	1	18	1	3	0	1824
18	1	1	18	1	4	0	1824
18	1	2	18	1	3	0	1824
18	1	2	18	1	4	0	1824
18	1	3	18	1	4	0	1824
19	1	1	19	1	2	0	1814
19	1	1	19	1	3	0	1814
19	1	1	19	1	4	0	1814
19	1	2	19	1	3	0	1814
19	1	2	19	1	4	0	1814
19	1	3	19	1	4	0	1814
19	2	1	19	2	2	0	1701
19	2	1	19	2	3	1	1701
19	2	1	19	2	4	1	1701
19	2	2	19	2	3	1	1701
19	2	2	19	2	4	1	1701
19	2	3	19	2	4	0	1701
19	3	1	19	3	2	0	1433
19	3	1	19	3	3	0	1433
19	3	1	19	3	4	0	1433
19	3	2	19	3	3	0	1433
19	3	2	19	3	4	0	1433
19	3	3	19	3	4	0	1433
19	4	1	19	4	2	0	1452
19	4	1	19	4	3	0	1452
19	4	1	19	4	4	0	1452
19	4	2	19	4	3	0	1452
19	4	2	19	4	4	0	1452
19	4	3	19	4	4	0	1452
19	5	1	19	5	2	0	978
19	5	1	19	5	3	1	978
19	5	1	19	5	4	1	978
19	5	2	19	5	3	1	978
19	5	2	19	5	4	1	978
19	5	3	19	5	4	0	978
19	6	1	19	6	2	0	850
19	6	1	19	6	3	0	850
19	6	1	19	6	4	0	850
19	6	2	19	6	3	0	850
19	6	2	19	6	4	0	850
19	6	3	19	6	4	0	850
19	7	1	19	7	2	0	836
19	7	1	19	7	3	0	836
19	7	1	19	7	4	0	836
19	7	2	19	7	3	0	836
19	7	2	19	7	4	0	836
19	7	3	19	7	4	0	836
19	8	1	19	8	2	0	691
19	8	1	19	8	3	0	691
19	8	1	19	8	4	0	691
19	8	2	19	8	3	0	691
19	8	2	19	8	4	0	691
19	8	3	19	8	4	0	691
19	9	1	19	9	2	0	462
19	9	1	19	9	3	0	462
19	9	1	19	9	4	0	462
19	9	2	19	9	3	0	462
19	9	2	19	9	4	0	462
19	9	3	19	9	4	0	462
19	10	1	19	10	2	0	335
19	10	1	19	10	3	0	335
19	10	1	19	10	4	0	335
19	10	2	19	10	3	0	335
19	10	2	19	10	4	0	335
19	10	3	19	10	4	0	335
20	1	1	20	1	2	5	1469
20	1	1	20	1	3	3	1469
20	1	1	20	1	4	4	1469
20	1	2	20	1	3	8	1469
20	1	2	20	1	4	8	1469
20	1	3	20	1	4	5	1469
20	2	1	20	2	2	0	1607
20	2	1	20	2	3	0	1607
20	2	1	20	2	4	0	1607
20	2	2	20	2	3	0	1607
20	2	2	20	2	4	0	1607
20	2	3	20	2	4	0	1607
20	3	1	20	3	2	4	991
20	3	1	20	3	3	5	991
20	3	1	20	3	4	3	991
20	3	2	20	3	3	1	991
20	3	2	20	3	4	4	991
20	3	3	20	3	4	3	991
21	1	1	21	1	2	0	1159
21	1	1	21	1	3	0	1159
21	1	1	21	1	4	0	1159
21	1	2	21	1	3	0	1159
21	1	2	21	1	4	0	1159
21	1	3	21	1	4	0	1159
22	1	1	22	1	2	1	1813
22	1	1	22	1	3	1	1813
22	1	1	22	1	4	3	1813
22	1	2	22	1	3	0	1813
22	1	2	22	1	4	4	1813
22	1	3	22	1	4	4	1813
22	2	1	22	2	2	0	193
22	2	1	22	2	3	0	193
22	2	1	22	2	4	0	193
22	2	2	22	2	3	0	193
22	2	2	22	2	4	0	193
22	2	3	22	2	4	0	193
23	1	1	23	1	2	32	2417
23	1	1	23	1	3	19	2417
23	1	1	23	1	4	34	2417
23	1	2	23	1	3	32	2417
23	1	2	23	1	4	30	2417
23	1	3	23	1	4	27	2417
23	2	1	23	2	2	2	304
23	2	1	23	2	3	2	304
23	2	1	23	2	4	2	304
23	2	2	23	2	3	0	304
23	2	2	23	2	4	0	304
23	2	3	23	2	4	0	304
24	1	1	24	1	2	3	1706
24	1	1	24	1	3	4	1706
24	1	1	24	1	4	3	1706
24	1	2	24	1	3	3	1706
24	1	2	24	1	4	4	1706
24	1	3	24	1	4	1	1706
25	1	1	25	1	2	0	773
25	1	1	25	1	3	0	773
25	1	1	25	1	4	0	773
25	1	2	25	1	3	0	773
25	1	2	25	1	4	0	773
25	1	3	25	1	4	0	773
25	2	1	25	2	2	0	582
25	2	1	25	2	3	1	582
25	2	1	25	2	4	1	582
25	2	2	25	2	3	1	582
25	2	2	25	2	4	1	582
25	2	3	25	2	4	0	582
26	1	1	26	1	2	0	1307
26	1	1	26	1	3	0	1307
26	1	1	26	1	4	0	1307
26	1	2	26	1	3	0	1307
26	1	2	26	1	4	0	1307
26	1	3	26	1	4	0	1307
27	1	1	27	1	2	0	1165
27	1	1	27	1	3	3	1165
27	1	1	27	1	4	5	1165
27	1	2	27	1	3	3	1165
27	1	2	27	1	4	5	1165
27	1	3	27	1	4	2	1165
27	2	1	27	2	2	0	226
27	2	1	27	2	3	0	226
27	2	1	27	2	4	0	226
27	2	2	27	2	3	0	226
27	2	2	27	2	4	0	226
27	2	3	27	2	4	0	226
28	1	1	28	1	2	0	1662
28	1	1	28	1	3	4	1662
28	1	1	28	1	4	4	1662
28	1	2	28	1	3	4	1662
28	1	2	28	1	4	4	1662
28	1	3	28	1	4	0	1662
29	1	1	29	1	2	0	1804
29	1	1	29	1	3	1	1804
29	1	1	29	1	4	1	1804
29	1	2	29	1	3	1	1804
29	1	2	29	1	4	1	1804
29	1	3	29	1	4	0	1804
30	1	1	30	1	2	4	1449
30	1	1	30	1	3	3	1449
30	1	1	30	1	4	3	1449
30	1	2	30	1	3	1	1449
30	1	2	30	1	4	1	1449
30	1	3	30	1	4	2	1449
31	1	1	31	1	2	2	1502
31	1	1	31	1	3	4	1502
31	1	1	31	1	4	6	1502
31	1	2	31	1	3	6	1502
31	1	2	31	1	4	4	1502
31	1	3	31	1	4	2	1502
32	1	1	32	1	2	0	1507
32	1	1	32	1	3	0	1507
32	1	1	32	1	4	0	1507
32	1	2	32	1	3	0	1507
32	1	2	32	1	4	0	1507
32	1	3	32	1	4	0	1507
33	1	1	33	1	2	0	1454
33	1	1	33	1	3	1	1454
33	1	1	33	1	4	1	1454
33	1	2	33	1	3	1	1454
33	1	2	33	1	4	1	1454
33	1	3	33	1	4	0	1454
33	2	1	33	2	2	0	658
33	2	1	33	2	3	0	658
33	2	1	33	2	4	0	658
33	2	2	33	2	3	0	658
33	2	2	33	2	4	0	658
33	2	3	33	2	4	0	658
34	1	1	34	1	2	0	1566
34	1	1	34	1	3	0	1566
34	1	1	34	1	4	0	1566
34	1	2	34	1	3	0	1566
34	1	2	34	1	4	0	1566
34	1	3	34	1	4	0	1566
35	1	1	35	1	2	3	1657
35	1	1	35	1	3	1	1657
35	1	1	35	1	4	1	1657
35	1	2	35	1	3	2	1657
35	1	2	35	1	4	2	1657
35	1	3	35	1	4	0	1657
36	1	1	36	1	2	0	1858
36	1	1	36	1	3	0	1858
36	1	1	36	1	4	0	1858
36	1	2	36	1	3	0	1858
36	1	2	36	1	4	0	1858
36	1	3	36	1	4	0	1858
37	1	1	37	1	2	2	1129
37	1	1	37	1	3	1	1129
37	1	1	37	1	4	1	1129
37	1	2	37	1	3	1	1129
37	1	2	37	1	4	1	1129
37	1	3	37	1	4	0	1129
38	1	1	38	1	2	0	1195
38	1	1	38	1	3	0	1195
38	1	1	38	1	4	0	1195
38	1	2	38	1	3	0	1195
38	1	2	38	1	4	0	1195
38	1	3	38	1	4	0	1195
39	1	1	39	1	2	5	1791
39	1	1	39	1	3	9	1791
39	1	1	39	1	4	8	1791
39	1	2	39	1	3	6	1791
39	1	2	39	1	4	7	1791
39	1	3	39	1	4	3	1791
40	1	1	40	1	2	0	802
40	1	1	40	1	3	0	802
40	1	1	40	1	4	0	802
40	1	2	40	1	3	0	802
40	1	2	40	1	4	0	802
40	1	3	40	1	4	0	802
40	2	1	40	2	2	0	812
40	2	1	40	2	3	1	812
40	2	1	40	2	4	1	812
40	2	2	40	2	3	1	812
40	2	2	40	2	4	1	812
40	2	3	40	2	4	0	812
40	3	1	40	3	2	0	681
40	3	1	40	3	3	0	681
40	3	1	40	3	4	0	681
40	3	2	40	3	3	0	681
40	3	2	40	3	4	0	681
40	3	3	40	3	4	0	681
40	4	1	40	4	2	0	597
40	4	1	40	4	3	0	597
40	4	1	40	4	4	0	597
40	4	2	40	4	3	0	597
40	4	2	40	4	4	0	597
40	4	3	40	4	4	0	597
40	5	1	40	5	2	0	827
40	5	1	40	5	3	0	827
40	5	1	40	5	4	0	827
40	5	2	40	5	3	0	827
40	5	2	40	5	4	0	827
40	5	3	40	5	4	0	827
41	1	1	41	1	2	0	1419
41	1	1	41	1	3	0	1419
41	1	1	41	1	4	0	1419
41	1	2	41	1	3	0	1419
41	1	2	41	1	4	0	1419
41	1	3	41	1	4	0	1419
42	1	1	42	1	2	2	2110
42	1	1	42	1	3	3	2110
42	1	1	42	1	4	2	2110
42	1	2	42	1	3	5	2110
42	1	2	42	1	4	3	2110
42	1	3	42	1	4	4	2110
42	2	1	42	2	2	0	659
42	2	1	42	2	3	0	659
42	2	1	42	2	4	0	659
42	2	2	42	2	3	0	659
42	2	2	42	2	4	0	659
42	2	3	42	2	4	0	659
42	3	1	42	3	2	0	150
42	3	1	42	3	3	0	150
42	3	1	42	3	4	0	150
42	3	2	42	3	3	0	150
42	3	2	42	3	4	0	150
42	3	3	42	3	4	0	150
43	1	1	43	1	2	1	1774
43	1	1	43	1	3	1	1774
43	1	1	43	1	4	1	1774
43	1	2	43	1	3	0	1774
43	1	2	43	1	4	2	1774
43	1	3	43	1	4	2	1774
43	2	1	43	2	2	0	581
43	2	1	43	2	3	0	581
43	2	1	43	2	4	0	581
43	2	2	43	2	3	0	581
43	2	2	43	2	4	0	581
43	2	3	43	2	4	0	581
43	3	1	43	3	2	0	303
43	3	1	43	3	3	0	303
43	3	1	43	3	4	0	303
43	3	2	43	3	3	0	303
43	3	2	43	3	4	0	303
43	3	3	43	3	4	0	303
44	1	1	44	1	2	0	1628
44	1	1	44	1	3	0	1628
44	1	1	44	1	4	0	1628
44	1	2	44	1	3	0	1628
44	1	2	44	1	4	0	1628
44	1	3	44	1	4	0	1628
44	2	1	44	2	2	0	602
44	2	1	44	2	3	1	602
44	2	1	44	2	4	1	602
44	2	2	44	2	3	1	602
44	2	2	44	2	4	1	602
44	2	3	44	2	4	0	602
46	1	1	46	1	2	0	1662
46	1	1	46	1	3	0	1662
46	1	1	46	1	4	0	1662
46	1	2	46	1	3	0	1662
46	1	2	46	1	4	0	1662
46	1	3	46	1	4	0	1662
47	1	1	47	1	2	0	1690
47	1	1	47	1	3	0	1690
47	1	1	47	1	4	0	1690
47	1	2	47	1	3	0	1690
47	1	2	47	1	4	0	1690
47	1	3	47	1	4	0	1690
48	1	1	48	1	2	0	1421
48	1	1	48	1	3	0	1421
48	1	1	48	1	4	0	1421
48	1	2	48	1	3	0	1421
48	1	2	48	1	4	0	1421
48	1	3	48	1	4	0	1421
49	1	1	49	1	2	0	1693
49	1	1	49	1	3	0	1693
49	1	1	49	1	4	1	1693
49	1	2	49	1	3	0	1693
49	1	2	49	1	4	1	1693
49	1	3	49	1	4	1	1693
50	1	1	50	1	2	7	1707
50	1	1	50	1	3	8	1707
50	1	1	50	1	4	4	1707
50	1	2	50	1	3	5	1707
50	1	2	50	1	4	7	1707
50	1	3	50	1	4	8	1707
51	1	1	51	1	2	1	1633
51	1	1	51	1	3	3	1633
51	1	1	51	1	4	4	1633
51	1	2	51	1	3	4	1633
51	1	2	51	1	4	3	1633
51	1	3	51	1	4	1	1633
52	1	1	52	1	2	94	426
52	1	1	52	1	3	96	426
52	1	1	52	1	4	87	426
52	1	2	52	1	3	91	426
52	1	2	52	1	4	95	426
52	1	3	52	1	4	91	426
54	1	1	54	1	2	78	1278
54	1	1	54	1	3	86	1278
54	1	1	54	1	4	53	1278
54	1	2	54	1	3	87	1278
54	1	2	54	1	4	77	1278
54	1	3	54	1	4	92	1278
55	1	1	55	1	2	0	1444
55	1	1	55	1	3	0	1444
55	1	1	55	1	4	0	1444
55	1	2	55	1	3	0	1444
55	1	2	55	1	4	0	1444
55	1	3	55	1	4	0	1444
55	2	1	55	2	2	1	853
55	2	1	55	2	3	1	853
55	2	1	55	2	4	1	853
55	2	2	55	2	3	1	853
55	2	2	55	2	4	1	853
55	2	3	55	2	4	0	853
56	1	1	56	1	2	3	1626
56	1	1	56	1	3	3	1626
56	1	1	56	1	4	4	1626
56	1	2	56	1	3	6	1626
56	1	2	56	1	4	3	1626
56	1	3	56	1	4	5	1626
56	2	1	56	2	2	0	269
56	2	1	56	2	3	0	269
56	2	1	56	2	4	0	269
56	2	2	56	2	3	0	269
56	2	2	56	2	4	0	269
56	2	3	56	2	4	0	269
57	1	1	57	1	2	0	1547
57	1	1	57	1	3	0	1547
57	1	1	57	1	4	1	1547
57	1	2	57	1	3	0	1547
57	1	2	57	1	4	1	1547
57	1	3	57	1	4	1	1547
58	1	1	58	1	2	2	1613
58	1	1	58	1	3	2	1613
58	1	1	58	1	4	2	1613
58	1	2	58	1	3	0	1613
58	1	2	58	1	4	0	1613
58	1	3	58	1	4	0	1613
60	1	1	60	1	2	0	1762
60	1	1	60	1	3	1	1762
60	1	1	60	1	4	1	1762
60	1	2	60	1	3	1	1762
60	1	2	60	1	4	1	1762
60	1	3	60	1	4	0	1762
60	2	1	60	2	2	0	170
60	2	1	60	2	3	0	170
60	2	1	60	2	4	0	170
60	2	2	60	2	3	0	170
60	2	2	60	2	4	0	170
60	2	3	60	2	4	0	170
61	1	1	61	1	2	2	1801
61	1	1	61	1	3	2	1801
61	1	1	61	1	4	3	1801
61	1	2	61	1	3	2	1801
61	1	2	61	1	4	1	1801
61	1	3	61	1	4	1	1801
61	2	1	61	2	2	2	264
61	2	1	61	2	3	2	264
61	2	1	61	2	4	2	264
61	2	2	61	2	3	2	264
61	2	2	61	2	4	2	264
61	2	3	61	2	4	2	264
62	1	1	62	1	2	83	1620
62	1	1	62	1	3	72	1620
62	1	1	62	1	4	76	1620
62	1	2	62	1	3	76	1620
62	1	2	62	1	4	75	1620
62	1	3	62	1	4	52	1620
63	1	1	63	1	2	0	1799
63	1	1	63	1	3	0	1799
63	1	1	63	1	4	0	1799
63	1	2	63	1	3	0	1799
63	1	2	63	1	4	0	1799
63	1	3	63	1	4	0	1799
64	1	1	64	1	2	0	1874
64	1	1	64	1	3	0	1874
64	1	1	64	1	4	0	1874
64	1	2	64	1	3	0	1874
64	1	2	64	1	4	0	1874
64	1	3	64	1	4	0	1874
65	1	1	65	1	2	0	1785
65	1	1	65	1	3	0	1785
65	1	1	65	1	4	0	1785
65	1	2	65	1	3	0	1785
65	1	2	65	1	4	0	1785
65	1	3	65	1	4	0	1785
65	2	1	65	2	2	0	348
65	2	1	65	2	3	0	348
65	2	1	65	2	4	0	348
65	2	2	65	2	3	0	348
65	2	2	65	2	4	0	348
65	2	3	65	2	4	0	348
65	3	1	65	3	2	0	216
65	3	1	65	3	3	0	216
65	3	1	65	3	4	0	216
65	3	2	65	3	3	0	216
65	3	2	65	3	4	0	216
65	3	3	65	3	4	0	216
66	1	1	66	1	2	0	884
66	1	1	66	1	3	0	884
66	1	1	66	1	4	0	884
66	1	2	66	1	3	0	884
66	1	2	66	1	4	0	884
66	1	3	66	1	4	0	884
67	1	1	67	1	2	0	1770
67	1	1	67	1	3	1	1770
67	1	1	67	1	4	1	1770
67	1	2	67	1	3	1	1770
67	1	2	67	1	4	1	1770
67	1	3	67	1	4	0	1770
68	1	1	68	1	2	0	1135
68	1	1	68	1	3	0	1135
68	1	1	68	1	4	0	1135
68	1	2	68	1	3	0	1135
68	1	2	68	1	4	0	1135
68	1	3	68	1	4	0	1135
68	2	1	68	2	2	0	1262
68	2	1	68	2	3	0	1262
68	2	1	68	2	4	0	1262
68	2	2	68	2	3	0	1262
68	2	2	68	2	4	0	1262
68	2	3	68	2	4	0	1262
68	3	1	68	3	2	0	399
68	3	1	68	3	3	0	399
68	3	1	68	3	4	0	399
68	3	2	68	3	3	0	399
68	3	2	68	3	4	0	399
68	3	3	68	3	4	0	399
69	1	1	69	1	2	0	1673
69	1	1	69	1	3	0	1673
69	1	1	69	1	4	0	1673
69	1	2	69	1	3	0	1673
69	1	2	69	1	4	0	1673
69	1	3	69	1	4	0	1673
69	2	1	69	2	2	0	1290
69	2	1	69	2	3	0	1290
69	2	1	69	2	4	0	1290
69	2	2	69	2	3	0	1290
69	2	2	69	2	4	0	1290
69	2	3	69	2	4	0	1290
69	3	1	69	3	2	0	934
69	3	1	69	3	3	0	934
69	3	1	69	3	4	0	934
69	3	2	69	3	3	0	934
69	3	2	69	3	4	0	934
69	3	3	69	3	4	0	934
70	1	1	70	1	2	0	700
70	1	1	70	1	3	0	700
70	1	1	70	1	4	0	700
70	1	2	70	1	3	0	700
70	1	2	70	1	4	0	700
70	1	3	70	1	4	0	700
70	2	1	70	2	2	0	517
70	2	1	70	2	3	0	517
70	2	1	70	2	4	0	517
70	2	2	70	2	3	0	517
70	2	2	70	2	4	0	517
70	2	3	70	2	4	0	517
71	1	1	71	1	2	0	1379
71	1	1	71	1	3	0	1379
71	1	1	71	1	4	0	1379
71	1	2	71	1	3	0	1379
71	1	2	71	1	4	0	1379
71	1	3	71	1	4	0	1379
71	2	1	71	2	2	0	1094
71	2	1	71	2	3	0	1094
71	2	1	71	2	4	0	1094
71	2	2	71	2	3	0	1094
71	2	2	71	2	4	0	1094
71	2	3	71	2	4	0	1094
72	1	1	72	1	2	0	1330
72	1	1	72	1	3	1	1330
72	1	1	72	1	4	1	1330
72	1	2	72	1	3	1	1330
72	1	2	72	1	4	1	1330
72	1	3	72	1	4	0	1330
73	1	1	73	1	2	0	1755
73	1	1	73	1	3	0	1755
73	1	1	73	1	4	0	1755
73	1	2	73	1	3	0	1755
73	1	2	73	1	4	0	1755
73	1	3	73	1	4	0	1755
74	1	1	74	1	2	0	427
74	1	1	74	1	3	0	427
74	1	1	74	1	4	0	427
74	1	2	74	1	3	0	427
74	1	2	74	1	4	0	427
74	1	3	74	1	4	0	427
74	2	1	74	2	2	0	539
74	2	1	74	2	3	0	539
74	2	1	74	2	4	0	539
74	2	2	74	2	3	0	539
74	2	2	74	2	4	0	539
74	2	3	74	2	4	0	539
75	1	1	75	1	2	0	1631
75	1	1	75	1	3	0	1631
75	1	1	75	1	4	0	1631
75	1	2	75	1	3	0	1631
75	1	2	75	1	4	0	1631
75	1	3	75	1	4	0	1631
75	2	1	75	2	2	0	723
75	2	1	75	2	3	0	723
75	2	1	75	2	4	1	723
75	2	2	75	2	3	0	723
75	2	2	75	2	4	1	723
75	2	3	75	2	4	1	723
75	3	1	75	3	2	0	608
75	3	1	75	3	3	0	608
75	3	1	75	3	4	0	608
75	3	2	75	3	3	0	608
75	3	2	75	3	4	0	608
75	3	3	75	3	4	0	608
76	1	1	76	1	2	0	1681
76	1	1	76	1	3	2	1681
76	1	1	76	1	4	2	1681
76	1	2	76	1	3	2	1681
76	1	2	76	1	4	2	1681
76	1	3	76	1	4	0	1681
78	1	1	78	1	2	0	1257
78	1	1	78	1	3	0	1257
78	1	1	78	1	4	0	1257
78	1	2	78	1	3	0	1257
78	1	2	78	1	4	0	1257
78	1	3	78	1	4	0	1257
78	2	1	78	2	2	0	615
78	2	1	78	2	3	0	615
78	2	1	78	2	4	0	615
78	2	2	78	2	3	0	615
78	2	2	78	2	4	0	615
78	2	3	78	2	4	0	615
78	3	1	78	3	2	0	461
78	3	1	78	3	3	0	461
78	3	1	78	3	4	0	461
78	3	2	78	3	3	0	461
78	3	2	78	3	4	0	461
78	3	3	78	3	4	0	461
78	4	1	78	4	2	4	456
78	4	1	78	4	3	3	456
78	4	1	78	4	4	4	456
78	4	2	78	4	3	4	456
78	4	2	78	4	4	4	456
78	4	3	78	4	4	1	456
80	1	1	80	1	2	4	1109
80	1	1	80	1	3	5	1109
80	1	1	80	1	4	3	1109
80	1	2	80	1	3	2	1109
80	1	2	80	1	4	4	1109
80	1	3	80	1	4	4	1109
81	1	1	81	1	2	0	1681
81	1	1	81	1	3	2	1681
81	1	1	81	1	4	2	1681
81	1	2	81	1	3	2	1681
81	1	2	81	1	4	2	1681
81	1	3	81	1	4	0	1681
82	1	1	82	1	2	0	1421
82	1	1	82	1	3	2	1421
82	1	1	82	1	4	2	1421
82	1	2	82	1	3	2	1421
82	1	2	82	1	4	2	1421
82	1	3	82	1	4	0	1421
82	2	1	82	2	2	0	279
82	2	1	82	2	3	0	279
82	2	1	82	2	4	0	279
82	2	2	82	2	3	0	279
82	2	2	82	2	4	0	279
82	2	3	82	2	4	0	279
83	1	1	83	1	2	0	1184
83	1	1	83	1	3	0	1184
83	1	1	83	1	4	0	1184
83	1	2	83	1	3	0	1184
83	1	2	83	1	4	0	1184
83	1	3	83	1	4	0	1184
84	1	1	84	1	2	3	1936
84	1	1	84	1	3	8	1936
84	1	1	84	1	4	6	1936
84	1	2	84	1	3	5	1936
84	1	2	84	1	4	3	1936
84	1	3	84	1	4	2	1936
84	2	1	84	2	2	0	1001
84	2	1	84	2	3	0	1001
84	2	1	84	2	4	1	1001
84	2	2	84	2	3	0	1001
84	2	2	84	2	4	1	1001
84	2	3	84	2	4	1	1001
84	3	1	84	3	2	1	831
84	3	1	84	3	3	2	831
84	3	1	84	3	4	2	831
84	3	2	84	3	3	1	831
84	3	2	84	3	4	1	831
84	3	3	84	3	4	0	831
84	4	1	84	4	2	0	390
84	4	1	84	4	3	0	390
84	4	1	84	4	4	0	390
84	4	2	84	4	3	0	390
84	4	2	84	4	4	0	390
84	4	3	84	4	4	0	390
85	1	1	85	1	2	0	1411
85	1	1	85	1	3	0	1411
85	1	1	85	1	4	0	1411
85	1	2	85	1	3	0	1411
85	1	2	85	1	4	0	1411
85	1	3	85	1	4	0	1411
85	2	1	85	2	2	5	1263
85	2	1	85	2	3	13	1263
85	2	1	85	2	4	13	1263
85	2	2	85	2	3	8	1263
85	2	2	85	2	4	10	1263
85	2	3	85	2	4	2	1263
86	1	1	86	1	2	0	798
86	1	1	86	1	3	0	798
86	1	1	86	1	4	0	798
86	1	2	86	1	3	0	798
86	1	2	86	1	4	0	798
86	1	3	86	1	4	0	798
86	2	1	86	2	2	0	1076
86	2	1	86	2	3	0	1076
86	2	1	86	2	4	0	1076
86	2	2	86	2	3	0	1076
86	2	2	86	2	4	0	1076
86	2	3	86	2	4	0	1076
87	1	1	87	1	2	0	1478
87	1	1	87	1	3	2	1478
87	1	1	87	1	4	2	1478
87	1	2	87	1	3	2	1478
87	1	2	87	1	4	2	1478
87	1	3	87	1	4	0	1478
87	2	1	87	2	2	0	590
87	2	1	87	2	3	0	590
87	2	1	87	2	4	0	590
87	2	2	87	2	3	0	590
87	2	2	87	2	4	0	590
87	2	3	87	2	4	0	590
88	1	1	88	1	2	2	805
88	1	1	88	1	3	3	805
88	1	1	88	1	4	4	805
88	1	2	88	1	3	3	805
88	1	2	88	1	4	3	805
88	1	3	88	1	4	2	805
88	2	1	88	2	2	0	898
88	2	1	88	2	3	0	898
88	2	1	88	2	4	0	898
88	2	2	88	2	3	0	898
88	2	2	88	2	4	0	898
88	2	3	88	2	4	0	898
88	3	1	88	3	2	3	736
88	3	1	88	3	3	3	736
88	3	1	88	3	4	3	736
88	3	2	88	3	3	0	736
88	3	2	88	3	4	0	736
88	3	3	88	3	4	0	736
88	4	1	88	4	2	0	616
88	4	1	88	4	3	0	616
88	4	1	88	4	4	0	616
88	4	2	88	4	3	0	616
88	4	2	88	4	4	0	616
88	4	3	88	4	4	0	616
88	5	1	88	5	2	1	441
88	5	1	88	5	3	2	441
88	5	1	88	5	4	1	441
88	5	2	88	5	3	2	441
88	5	2	88	5	4	2	441
88	5	3	88	5	4	1	441
88	6	1	88	6	2	1	421
88	6	1	88	6	3	1	421
88	6	1	88	6	4	1	421
88	6	2	88	6	3	0	421
88	6	2	88	6	4	0	421
88	6	3	88	6	4	0	421
88	7	1	88	7	2	0	319
88	7	1	88	7	3	0	319
88	7	1	88	7	4	0	319
88	7	2	88	7	3	0	319
88	7	2	88	7	4	0	319
88	7	3	88	7	4	0	319
88	8	1	88	8	2	0	258
88	8	1	88	8	3	0	258
88	8	1	88	8	4	0	258
88	8	2	88	8	3	0	258
88	8	2	88	8	4	0	258
88	8	3	88	8	4	0	258
89	1	1	89	1	2	0	1159
89	1	1	89	1	3	0	1159
89	1	1	89	1	4	0	1159
89	1	2	89	1	3	0	1159
89	1	2	89	1	4	0	1159
89	1	3	89	1	4	0	1159
90	1	1	90	1	2	0	1467
90	1	1	90	1	3	0	1467
90	1	1	90	1	4	0	1467
90	1	2	90	1	3	0	1467
90	1	2	90	1	4	0	1467
90	1	3	90	1	4	0	1467
91	1	1	91	1	2	0	1815
91	1	1	91	1	3	0	1815
91	1	1	91	1	4	0	1815
91	1	2	91	1	3	0	1815
91	1	2	91	1	4	0	1815
91	1	3	91	1	4	0	1815
92	1	1	92	1	2	0	1683
92	1	1	92	1	3	0	1683
92	1	1	92	1	4	0	1683
92	1	2	92	1	3	0	1683
92	1	2	92	1	4	0	1683
92	1	3	92	1	4	0	1683
93	1	1	93	1	2	0	1422
93	1	1	93	1	3	0	1422
93	1	1	93	1	4	0	1422
93	1	2	93	1	3	0	1422
93	1	2	93	1	4	0	1422
93	1	3	93	1	4	0	1422
94	1	1	94	1	2	4	1656
94	1	1	94	1	3	5	1656
94	1	1	94	1	4	5	1656
94	1	2	94	1	3	2	1656
94	1	2	94	1	4	1	1656
94	1	3	94	1	4	1	1656
95	1	1	95	1	2	0	1773
95	1	1	95	1	3	0	1773
95	1	1	95	1	4	0	1773
95	1	2	95	1	3	0	1773
95	1	2	95	1	4	0	1773
95	1	3	95	1	4	0	1773
95	2	1	95	2	2	0	429
95	2	1	95	2	3	0	429
95	2	1	95	2	4	0	429
95	2	2	95	2	3	0	429
95	2	2	95	2	4	0	429
95	2	3	95	2	4	0	429
96	1	1	96	1	2	0	1616
96	1	1	96	1	3	0	1616
96	1	1	96	1	4	0	1616
96	1	2	96	1	3	0	1616
96	1	2	96	1	4	0	1616
96	1	3	96	1	4	0	1616
98	1	1	98	1	2	6	1826
98	1	1	98	1	3	1	1826
98	1	1	98	1	4	6	1826
98	1	2	98	1	3	6	1826
98	1	2	98	1	4	1	1826
98	1	3	98	1	4	5	1826
98	2	1	98	2	2	0	957
98	2	1	98	2	3	0	957
98	2	1	98	2	4	0	957
98	2	2	98	2	3	0	957
98	2	2	98	2	4	0	957
98	2	3	98	2	4	0	957
99	1	1	99	1	2	0	1540
99	1	1	99	1	3	0	1540
99	1	1	99	1	4	0	1540
99	1	2	99	1	3	0	1540
99	1	2	99	1	4	0	1540
99	1	3	99	1	4	0	1540
100	1	1	100	1	2	4	1668
100	1	1	100	1	3	4	1668
100	1	1	100	1	4	2	1668
100	1	2	100	1	3	4	1668
100	1	2	100	1	4	4	1668
100	1	3	100	1	4	4	1668
101	1	1	101	1	2	0	1924
101	1	1	101	1	3	1	1924
101	1	1	101	1	4	1	1924
101	1	2	101	1	3	1	1924
101	1	2	101	1	4	1	1924
101	1	3	101	1	4	0	1924
102	1	1	102	1	2	3	1971
102	1	1	102	1	3	3	1971
102	1	1	102	1	4	4	1971
102	1	2	102	1	3	4	1971
102	1	2	102	1	4	1	1971
102	1	3	102	1	4	3	1971
102	2	1	102	2	2	0	672
102	2	1	102	2	3	1	672
102	2	1	102	2	4	1	672
102	2	2	102	2	3	1	672
102	2	2	102	2	4	1	672
102	2	3	102	2	4	0	672
103	1	1	103	1	2	0	1365
103	1	1	103	1	3	1	1365
103	1	1	103	1	4	1	1365
103	1	2	103	1	3	1	1365
103	1	2	103	1	4	1	1365
103	1	3	103	1	4	0	1365
103	2	1	103	2	2	1	565
103	2	1	103	2	3	1	565
103	2	1	103	2	4	1	565
103	2	2	103	2	3	0	565
103	2	2	103	2	4	0	565
103	2	3	103	2	4	0	565
104	1	1	104	1	2	0	1363
104	1	1	104	1	3	1	1363
104	1	1	104	1	4	1	1363
104	1	2	104	1	3	1	1363
104	1	2	104	1	4	1	1363
104	1	3	104	1	4	0	1363
104	2	1	104	2	2	0	494
104	2	1	104	2	3	1	494
104	2	1	104	2	4	1	494
104	2	2	104	2	3	1	494
104	2	2	104	2	4	1	494
104	2	3	104	2	4	0	494
105	1	1	105	1	2	2	1460
105	1	1	105	1	3	1	1460
105	1	1	105	1	4	3	1460
105	1	2	105	1	3	3	1460
105	1	2	105	1	4	1	1460
105	1	3	105	1	4	2	1460
107	1	1	107	1	2	2	1191
107	1	1	107	1	3	3	1191
107	1	1	107	1	4	3	1191
107	1	2	107	1	3	1	1191
107	1	2	107	1	4	3	1191
107	1	3	107	1	4	2	1191
108	1	1	108	1	2	17	968
108	1	1	108	1	3	17	968
108	1	1	108	1	4	21	968
108	1	2	108	1	3	21	968
108	1	2	108	1	4	16	968
108	1	3	108	1	4	23	968
108	2	1	108	2	2	0	824
108	2	1	108	2	3	0	824
108	2	1	108	2	4	0	824
108	2	2	108	2	3	0	824
108	2	2	108	2	4	0	824
108	2	3	108	2	4	0	824
109	1	1	109	1	2	0	1197
109	1	1	109	1	3	0	1197
109	1	1	109	1	4	0	1197
109	1	2	109	1	3	0	1197
109	1	2	109	1	4	0	1197
109	1	3	109	1	4	0	1197
110	1	1	110	1	2	40	1800
110	1	1	110	1	3	38	1800
110	1	1	110	1	4	52	1800
110	1	2	110	1	3	40	1800
110	1	2	110	1	4	43	1800
110	1	3	110	1	4	38	1800
111	1	1	111	1	2	0	990
111	1	1	111	1	3	5	990
111	1	1	111	1	4	5	990
111	1	2	111	1	3	5	990
111	1	2	111	1	4	5	990
111	1	3	111	1	4	0	990
112	1	1	112	1	2	0	1354
112	1	1	112	1	3	0	1354
112	1	1	112	1	4	0	1354
112	1	2	112	1	3	0	1354
112	1	2	112	1	4	0	1354
112	1	3	112	1	4	0	1354
113	1	1	113	1	2	0	974
113	1	1	113	1	3	0	974
113	1	1	113	1	4	0	974
113	1	2	113	1	3	0	974
113	1	2	113	1	4	0	974
113	1	3	113	1	4	0	974
113	2	1	113	2	2	0	221
113	2	1	113	2	3	0	221
113	2	1	113	2	4	0	221
113	2	2	113	2	3	0	221
113	2	2	113	2	4	0	221
113	2	3	113	2	4	0	221
114	1	1	114	1	2	0	1421
114	1	1	114	1	3	0	1421
114	1	1	114	1	4	0	1421
114	1	2	114	1	3	0	1421
114	1	2	114	1	4	0	1421
114	1	3	114	1	4	0	1421
115	1	1	115	1	2	2	1643
115	1	1	115	1	3	3	1643
115	1	1	115	1	4	4	1643
115	1	2	115	1	3	4	1643
115	1	2	115	1	4	2	1643
115	1	3	115	1	4	4	1643
118	1	1	118	1	2	0	1739
118	1	1	118	1	3	0	1739
118	1	1	118	1	4	0	1739
118	1	2	118	1	3	0	1739
118	1	2	118	1	4	0	1739
118	1	3	118	1	4	0	1739
119	1	1	119	1	2	1	1710
119	1	1	119	1	3	1	1710
119	1	1	119	1	4	2	1710
119	1	2	119	1	3	0	1710
119	1	2	119	1	4	1	1710
119	1	3	119	1	4	1	1710
120	1	1	120	1	2	0	1471
120	1	1	120	1	3	0	1471
120	1	1	120	1	4	0	1471
120	1	2	120	1	3	0	1471
120	1	2	120	1	4	0	1471
120	1	3	120	1	4	0	1471
121	1	1	121	1	2	3	1302
121	1	1	121	1	3	4	1302
121	1	1	121	1	4	1	1302
121	1	2	121	1	3	1	1302
121	1	2	121	1	4	2	1302
121	1	3	121	1	4	3	1302
122	1	1	122	1	2	4	1658
122	1	1	122	1	3	3	1658
122	1	1	122	1	4	5	1658
122	1	2	122	1	3	5	1658
122	1	2	122	1	4	3	1658
122	1	3	122	1	4	4	1658
123	1	1	123	1	2	2	1187
123	1	1	123	1	3	2	1187
123	1	1	123	1	4	2	1187
123	1	2	123	1	3	0	1187
123	1	2	123	1	4	0	1187
123	1	3	123	1	4	0	1187
124	1	1	124	1	2	1	1814
124	1	1	124	1	3	1	1814
124	1	1	124	1	4	2	1814
124	1	2	124	1	3	2	1814
124	1	2	124	1	4	1	1814
124	1	3	124	1	4	1	1814
125	1	1	125	1	2	0	1734
125	1	1	125	1	3	2	1734
125	1	1	125	1	4	2	1734
125	1	2	125	1	3	2	1734
125	1	2	125	1	4	2	1734
125	1	3	125	1	4	0	1734
126	1	1	126	1	2	1	2386
126	1	1	126	1	3	2	2386
126	1	1	126	1	4	1	2386
126	1	2	126	1	3	1	2386
126	1	2	126	1	4	2	2386
126	1	3	126	1	4	3	2386
127	1	1	127	1	2	1	1264
127	1	1	127	1	3	1	1264
127	1	1	127	1	4	2	1264
127	1	2	127	1	3	2	1264
127	1	2	127	1	4	1	1264
127	1	3	127	1	4	1	1264
128	1	1	128	1	2	0	1744
128	1	1	128	1	3	1	1744
128	1	1	128	1	4	1	1744
128	1	2	128	1	3	1	1744
128	1	2	128	1	4	1	1744
128	1	3	128	1	4	0	1744
129	1	1	129	1	2	4	1770
129	1	1	129	1	3	14	1770
129	1	1	129	1	4	13	1770
129	1	2	129	1	3	16	1770
129	1	2	129	1	4	16	1770
129	1	3	129	1	4	9	1770
130	1	1	130	1	2	0	2187
130	1	1	130	1	3	0	2187
130	1	1	130	1	4	0	2187
130	1	2	130	1	3	0	2187
130	1	2	130	1	4	0	2187
130	1	3	130	1	4	0	2187
131	1	1	131	1	2	0	1341
131	1	1	131	1	3	0	1341
131	1	1	131	1	4	0	1341
131	1	2	131	1	3	0	1341
131	1	2	131	1	4	0	1341
131	1	3	131	1	4	0	1341
132	1	1	132	1	2	0	1110
132	1	1	132	1	3	0	1110
132	1	1	132	1	4	0	1110
132	1	2	132	1	3	0	1110
132	1	2	132	1	4	0	1110
132	1	3	132	1	4	0	1110
133	1	1	133	1	2	2	1126
133	1	1	133	1	3	2	1126
133	1	1	133	1	4	2	1126
133	1	2	133	1	3	0	1126
133	1	2	133	1	4	0	1126
133	1	3	133	1	4	0	1126
135	1	1	135	1	2	5	2047
135	1	1	135	1	3	2	2047
135	1	1	135	1	4	8	2047
135	1	2	135	1	3	5	2047
135	1	2	135	1	4	3	2047
135	1	3	135	1	4	6	2047
136	1	1	136	1	2	0	1325
136	1	1	136	1	3	0	1325
136	1	1	136	1	4	0	1325
136	1	2	136	1	3	0	1325
136	1	2	136	1	4	0	1325
136	1	3	136	1	4	0	1325
137	1	1	137	1	2	1	1227
137	1	1	137	1	3	2	1227
137	1	1	137	1	4	3	1227
137	1	2	137	1	3	3	1227
137	1	2	137	1	4	2	1227
137	1	3	137	1	4	1	1227
137	2	1	137	2	2	0	891
137	2	1	137	2	3	0	891
137	2	1	137	2	4	0	891
137	2	2	137	2	3	0	891
137	2	2	137	2	4	0	891
137	2	3	137	2	4	0	891
140	1	1	140	1	2	0	1611
140	1	1	140	1	3	0	1611
140	1	1	140	1	4	0	1611
140	1	2	140	1	3	0	1611
140	1	2	140	1	4	0	1611
140	1	3	140	1	4	0	1611
141	1	1	141	1	2	0	1631
141	1	1	141	1	3	0	1631
141	1	1	141	1	4	0	1631
141	1	2	141	1	3	0	1631
141	1	2	141	1	4	0	1631
141	1	3	141	1	4	0	1631
143	1	1	143	1	2	0	1691
143	1	1	143	1	3	0	1691
143	1	1	143	1	4	1	1691
143	1	2	143	1	3	0	1691
143	1	2	143	1	4	1	1691
143	1	3	143	1	4	1	1691
144	1	1	144	1	2	0	1560
144	1	1	144	1	3	0	1560
144	1	1	144	1	4	0	1560
144	1	2	144	1	3	0	1560
144	1	2	144	1	4	0	1560
144	1	3	144	1	4	0	1560
145	1	1	145	1	2	3	1624
145	1	1	145	1	3	1	1624
145	1	1	145	1	4	2	1624
145	1	2	145	1	3	2	1624
145	1	2	145	1	4	1	1624
145	1	3	145	1	4	1	1624
145	2	1	145	2	2	6	556
145	2	1	145	2	3	3	556
145	2	1	145	2	4	4	556
145	2	2	145	2	3	6	556
145	2	2	145	2	4	5	556
145	2	3	145	2	4	3	556
145	3	1	145	3	2	0	306
145	3	1	145	3	3	0	306
145	3	1	145	3	4	0	306
145	3	2	145	3	3	0	306
145	3	2	145	3	4	0	306
145	3	3	145	3	4	0	306
146	1	1	146	1	2	4	2093
146	1	1	146	1	3	7	2093
146	1	1	146	1	4	10	2093
146	1	2	146	1	3	11	2093
146	1	2	146	1	4	14	2093
146	1	3	146	1	4	5	2093
147	1	1	147	1	2	0	895
147	1	1	147	1	3	0	895
147	1	1	147	1	4	1	895
147	1	2	147	1	3	0	895
147	1	2	147	1	4	1	895
147	1	3	147	1	4	1	895
148	1	1	148	1	2	2	1920
148	1	1	148	1	3	1	1920
148	1	1	148	1	4	2	1920
148	1	2	148	1	3	1	1920
148	1	2	148	1	4	2	1920
148	1	3	148	1	4	1	1920
149	1	1	149	1	2	0	1235
149	1	1	149	1	3	0	1235
149	1	1	149	1	4	0	1235
149	1	2	149	1	3	0	1235
149	1	2	149	1	4	0	1235
149	1	3	149	1	4	0	1235
149	2	1	149	2	2	0	1040
149	2	1	149	2	3	0	1040
149	2	1	149	2	4	0	1040
149	2	2	149	2	3	0	1040
149	2	2	149	2	4	0	1040
149	2	3	149	2	4	0	1040
149	3	1	149	3	2	0	647
149	3	1	149	3	3	0	647
149	3	1	149	3	4	0	647
149	3	2	149	3	3	0	647
149	3	2	149	3	4	0	647
149	3	3	149	3	4	0	647
150	1	1	150	1	2	0	1437
150	1	1	150	1	3	1	1437
150	1	1	150	1	4	1	1437
150	1	2	150	1	3	1	1437
150	1	2	150	1	4	1	1437
150	1	3	150	1	4	0	1437
151	1	1	151	1	2	0	1585
151	1	1	151	1	3	1	1585
151	1	1	151	1	4	1	1585
151	1	2	151	1	3	1	1585
151	1	2	151	1	4	1	1585
151	1	3	151	1	4	0	1585
151	2	1	151	2	2	0	839
151	2	1	151	2	3	0	839
151	2	1	151	2	4	0	839
151	2	2	151	2	3	0	839
151	2	2	151	2	4	0	839
151	2	3	151	2	4	0	839
152	1	1	152	1	2	4	1536
152	1	1	152	1	3	5	1536
152	1	1	152	1	4	8	1536
152	1	2	152	1	3	5	1536
152	1	2	152	1	4	4	1536
152	1	3	152	1	4	3	1536
152	2	1	152	2	2	0	317
152	2	1	152	2	3	0	317
152	2	1	152	2	4	0	317
152	2	2	152	2	3	0	317
152	2	2	152	2	4	0	317
152	2	3	152	2	4	0	317
153	1	1	153	1	2	0	1627
153	1	1	153	1	3	11	1627
153	1	1	153	1	4	11	1627
153	1	2	153	1	3	11	1627
153	1	2	153	1	4	11	1627
153	1	3	153	1	4	0	1627
153	2	1	153	2	2	0	1499
153	2	1	153	2	3	0	1499
153	2	1	153	2	4	0	1499
153	2	2	153	2	3	0	1499
153	2	2	153	2	4	0	1499
153	2	3	153	2	4	0	1499
153	3	1	153	3	2	0	573
153	3	1	153	3	3	0	573
153	3	1	153	3	4	0	573
153	3	2	153	3	3	0	573
153	3	2	153	3	4	0	573
153	3	3	153	3	4	0	573
154	1	1	154	1	2	0	855
154	1	1	154	1	3	1	855
154	1	1	154	1	4	1	855
154	1	2	154	1	3	1	855
154	1	2	154	1	4	1	855
154	1	3	154	1	4	0	855
155	1	1	155	1	2	1	1279
155	1	1	155	1	3	1	1279
155	1	1	155	1	4	2	1279
155	1	2	155	1	3	2	1279
155	1	2	155	1	4	1	1279
155	1	3	155	1	4	1	1279
155	2	1	155	2	2	0	350
155	2	1	155	2	3	0	350
155	2	1	155	2	4	0	350
155	2	2	155	2	3	0	350
155	2	2	155	2	4	0	350
155	2	3	155	2	4	0	350
156	1	1	156	1	2	2	1454
156	1	1	156	1	3	2	1454
156	1	1	156	1	4	1	1454
156	1	2	156	1	3	0	1454
156	1	2	156	1	4	1	1454
156	1	3	156	1	4	1	1454
157	1	1	157	1	2	2	1706
157	1	1	157	1	3	4	1706
157	1	1	157	1	4	4	1706
157	1	2	157	1	3	2	1706
157	1	2	157	1	4	2	1706
157	1	3	157	1	4	0	1706
158	1	1	158	1	2	4	1500
158	1	1	158	1	3	4	1500
158	1	1	158	1	4	6	1500
158	1	2	158	1	3	6	1500
158	1	2	158	1	4	4	1500
158	1	3	158	1	4	4	1500
159	1	1	159	1	2	1	1712
159	1	1	159	1	3	5	1712
159	1	1	159	1	4	6	1712
159	1	2	159	1	3	6	1712
159	1	2	159	1	4	5	1712
159	1	3	159	1	4	1	1712
159	2	1	159	2	2	3	772
159	2	1	159	2	3	6	772
159	2	1	159	2	4	7	772
159	2	2	159	2	3	6	772
159	2	2	159	2	4	6	772
159	2	3	159	2	4	6	772
159	3	1	159	3	2	0	553
159	3	1	159	3	3	0	553
159	3	1	159	3	4	0	553
159	3	2	159	3	3	0	553
159	3	2	159	3	4	0	553
159	3	3	159	3	4	0	553
159	4	1	159	4	2	0	398
159	4	1	159	4	3	0	398
159	4	1	159	4	4	0	398
159	4	2	159	4	3	0	398
159	4	2	159	4	4	0	398
159	4	3	159	4	4	0	398
160	1	1	160	1	2	0	1614
160	1	1	160	1	3	0	1614
160	1	1	160	1	4	0	1614
160	1	2	160	1	3	0	1614
160	1	2	160	1	4	0	1614
160	1	3	160	1	4	0	1614
160	2	1	160	2	2	0	948
160	2	1	160	2	3	0	948
160	2	1	160	2	4	0	948
160	2	2	160	2	3	0	948
160	2	2	160	2	4	0	948
160	2	3	160	2	4	0	948
161	1	1	161	1	2	0	1713
161	1	1	161	1	3	0	1713
161	1	1	161	1	4	0	1713
161	1	2	161	1	3	0	1713
161	1	2	161	1	4	0	1713
161	1	3	161	1	4	0	1713
161	2	1	161	2	2	0	660
161	2	1	161	2	3	0	660
161	2	1	161	2	4	0	660
161	2	2	161	2	3	0	660
161	2	2	161	2	4	0	660
161	2	3	161	2	4	0	660
161	3	1	161	3	2	0	510
161	3	1	161	3	3	0	510
161	3	1	161	3	4	0	510
161	3	2	161	3	3	0	510
161	3	2	161	3	4	0	510
161	3	3	161	3	4	0	510
161	4	1	161	4	2	0	549
161	4	1	161	4	3	0	549
161	4	1	161	4	4	0	549
161	4	2	161	4	3	0	549
161	4	2	161	4	4	0	549
161	4	3	161	4	4	0	549
164	1	1	164	1	2	35	3424
164	1	1	164	1	3	29	3424
164	1	1	164	1	4	23	3424
164	1	2	164	1	3	34	3424
164	1	2	164	1	4	45	3424
164	1	3	164	1	4	30	3424
165	1	1	165	1	2	2	1430
165	1	1	165	1	3	2	1430
165	1	1	165	1	4	2	1430
165	1	2	165	1	3	0	1430
165	1	2	165	1	4	0	1430
165	1	3	165	1	4	0	1430
166	1	1	166	1	2	0	1763
166	1	1	166	1	3	1	1763
166	1	1	166	1	4	1	1763
166	1	2	166	1	3	1	1763
166	1	2	166	1	4	1	1763
166	1	3	166	1	4	0	1763
167	1	1	167	1	2	0	1904
167	1	1	167	1	3	0	1904
167	1	1	167	1	4	0	1904
167	1	2	167	1	3	0	1904
167	1	2	167	1	4	0	1904
167	1	3	167	1	4	0	1904
167	2	1	167	2	2	0	498
167	2	1	167	2	3	1	498
167	2	1	167	2	4	1	498
167	2	2	167	2	3	1	498
167	2	2	167	2	4	1	498
167	2	3	167	2	4	0	498
169	1	1	169	1	2	1	1391
169	1	1	169	1	3	3	1391
169	1	1	169	1	4	2	1391
169	1	2	169	1	3	2	1391
169	1	2	169	1	4	2	1391
169	1	3	169	1	4	3	1391
170	1	1	170	1	2	0	1809
170	1	1	170	1	3	0	1809
170	1	1	170	1	4	0	1809
170	1	2	170	1	3	0	1809
170	1	2	170	1	4	0	1809
170	1	3	170	1	4	0	1809
171	1	1	171	1	2	0	1289
171	1	1	171	1	3	0	1289
171	1	1	171	1	4	1	1289
171	1	2	171	1	3	0	1289
171	1	2	171	1	4	1	1289
171	1	3	171	1	4	1	1289
172	1	1	172	1	2	1	1561
172	1	1	172	1	3	3	1561
172	1	1	172	1	4	3	1561
172	1	2	172	1	3	2	1561
172	1	2	172	1	4	2	1561
172	1	3	172	1	4	0	1561
173	1	1	173	1	2	0	1110
173	1	1	173	1	3	0	1110
173	1	1	173	1	4	0	1110
173	1	2	173	1	3	0	1110
173	1	2	173	1	4	0	1110
173	1	3	173	1	4	0	1110
174	1	1	174	1	2	0	1930
174	1	1	174	1	3	0	1930
174	1	1	174	1	4	0	1930
174	1	2	174	1	3	0	1930
174	1	2	174	1	4	0	1930
174	1	3	174	1	4	0	1930
175	1	1	175	1	2	0	1710
175	1	1	175	1	3	1	1710
175	1	1	175	1	4	1	1710
175	1	2	175	1	3	1	1710
175	1	2	175	1	4	1	1710
175	1	3	175	1	4	0	1710
176	1	1	176	1	2	0	1794
176	1	1	176	1	3	0	1794
176	1	1	176	1	4	2	1794
176	1	2	176	1	3	0	1794
176	1	2	176	1	4	2	1794
176	1	3	176	1	4	2	1794
176	2	1	176	2	2	0	837
176	2	1	176	2	3	0	837
176	2	1	176	2	4	0	837
176	2	2	176	2	3	0	837
176	2	2	176	2	4	0	837
176	2	3	176	2	4	0	837
177	1	1	177	1	2	1	1740
177	1	1	177	1	3	1	1740
177	1	1	177	1	4	1	1740
177	1	2	177	1	3	0	1740
177	1	2	177	1	4	0	1740
177	1	3	177	1	4	0	1740
178	1	1	178	1	2	0	1315
178	1	1	178	1	3	0	1315
178	1	1	178	1	4	0	1315
178	1	2	178	1	3	0	1315
178	1	2	178	1	4	0	1315
178	1	3	178	1	4	0	1315
178	2	1	178	2	2	0	1017
178	2	1	178	2	3	0	1017
178	2	1	178	2	4	1	1017
178	2	2	178	2	3	0	1017
178	2	2	178	2	4	1	1017
178	2	3	178	2	4	1	1017
179	1	1	179	1	2	13	1900
179	1	1	179	1	3	20	1900
179	1	1	179	1	4	22	1900
179	1	2	179	1	3	18	1900
179	1	2	179	1	4	14	1900
179	1	3	179	1	4	14	1900
180	1	1	180	1	2	5	1818
180	1	1	180	1	3	5	1818
180	1	1	180	1	4	5	1818
180	1	2	180	1	3	0	1818
180	1	2	180	1	4	0	1818
180	1	3	180	1	4	0	1818
181	1	1	181	1	2	4	1749
181	1	1	181	1	3	2	1749
181	1	1	181	1	4	5	1749
181	1	2	181	1	3	4	1749
181	1	2	181	1	4	1	1749
181	1	3	181	1	4	3	1749
182	1	1	182	1	2	0	1384
182	1	1	182	1	3	3	1384
182	1	1	182	1	4	3	1384
182	1	2	182	1	3	3	1384
182	1	2	182	1	4	3	1384
182	1	3	182	1	4	0	1384
182	2	1	182	2	2	0	253
182	2	1	182	2	3	0	253
182	2	1	182	2	4	0	253
182	2	2	182	2	3	0	253
182	2	2	182	2	4	0	253
182	2	3	182	2	4	0	253
182	3	1	182	3	2	0	209
182	3	1	182	3	3	0	209
182	3	1	182	3	4	0	209
182	3	2	182	3	3	0	209
182	3	2	182	3	4	0	209
182	3	3	182	3	4	0	209
183	1	1	183	1	2	0	1481
183	1	1	183	1	3	1	1481
183	1	1	183	1	4	1	1481
183	1	2	183	1	3	1	1481
183	1	2	183	1	4	1	1481
183	1	3	183	1	4	0	1481
184	1	1	184	1	2	2	1906
184	1	1	184	1	3	3	1906
184	1	1	184	1	4	6	1906
184	1	2	184	1	3	3	1906
184	1	2	184	1	4	4	1906
184	1	3	184	1	4	3	1906
185	1	1	185	1	2	2	1794
185	1	1	185	1	3	3	1794
185	1	1	185	1	4	3	1794
185	1	2	185	1	3	1	1794
185	1	2	185	1	4	1	1794
185	1	3	185	1	4	0	1794
186	1	1	186	1	2	0	1263
186	1	1	186	1	3	1	1263
186	1	1	186	1	4	1	1263
186	1	2	186	1	3	1	1263
186	1	2	186	1	4	1	1263
186	1	3	186	1	4	0	1263
187	1	1	187	1	2	0	1609
187	1	1	187	1	3	0	1609
187	1	1	187	1	4	0	1609
187	1	2	187	1	3	0	1609
187	1	2	187	1	4	0	1609
187	1	3	187	1	4	0	1609
187	2	1	187	2	2	0	531
187	2	1	187	2	3	0	531
187	2	1	187	2	4	0	531
187	2	2	187	2	3	0	531
187	2	2	187	2	4	0	531
187	2	3	187	2	4	0	531
188	1	1	188	1	2	0	1815
188	1	1	188	1	3	0	1815
188	1	1	188	1	4	0	1815
188	1	2	188	1	3	0	1815
188	1	2	188	1	4	0	1815
188	1	3	188	1	4	0	1815
189	1	1	189	1	2	0	1140
189	1	1	189	1	3	0	1140
189	1	1	189	1	4	0	1140
189	1	2	189	1	3	0	1140
189	1	2	189	1	4	0	1140
189	1	3	189	1	4	0	1140
189	2	1	189	2	2	0	441
189	2	1	189	2	3	0	441
189	2	1	189	2	4	0	441
189	2	2	189	2	3	0	441
189	2	2	189	2	4	0	441
189	2	3	189	2	4	0	441
189	3	1	189	3	2	0	268
189	3	1	189	3	3	0	268
189	3	1	189	3	4	0	268
189	3	2	189	3	3	0	268
189	3	2	189	3	4	0	268
189	3	3	189	3	4	0	268
190	1	1	190	1	2	4	1255
190	1	1	190	1	3	4	1255
190	1	1	190	1	4	8	1255
190	1	2	190	1	3	8	1255
190	1	2	190	1	4	4	1255
190	1	3	190	1	4	4	1255
191	1	1	191	1	2	1	1452
191	1	1	191	1	3	1	1452
191	1	1	191	1	4	1	1452
191	1	2	191	1	3	0	1452
191	1	2	191	1	4	0	1452
191	1	3	191	1	4	0	1452
192	1	1	192	1	2	7	1993
192	1	1	192	1	3	10	1993
192	1	1	192	1	4	8	1993
192	1	2	192	1	3	8	1993
192	1	2	192	1	4	8	1993
192	1	3	192	1	4	7	1993
193	1	1	193	1	2	0	1621
193	1	1	193	1	3	0	1621
193	1	1	193	1	4	0	1621
193	1	2	193	1	3	0	1621
193	1	2	193	1	4	0	1621
193	1	3	193	1	4	0	1621
194	1	1	194	1	2	0	1708
194	1	1	194	1	3	3	1708
194	1	1	194	1	4	3	1708
194	1	2	194	1	3	3	1708
194	1	2	194	1	4	3	1708
194	1	3	194	1	4	0	1708
194	2	1	194	2	2	0	654
194	2	1	194	2	3	0	654
194	2	1	194	2	4	0	654
194	2	2	194	2	3	0	654
194	2	2	194	2	4	0	654
194	2	3	194	2	4	0	654
194	3	1	194	3	2	0	617
194	3	1	194	3	3	0	617
194	3	1	194	3	4	0	617
194	3	2	194	3	3	0	617
194	3	2	194	3	4	0	617
194	3	3	194	3	4	0	617
194	4	1	194	4	2	0	577
194	4	1	194	4	3	0	577
194	4	1	194	4	4	0	577
194	4	2	194	4	3	0	577
194	4	2	194	4	4	0	577
194	4	3	194	4	4	0	577
195	1	1	195	1	2	0	1340
195	1	1	195	1	3	1	1340
195	1	1	195	1	4	1	1340
195	1	2	195	1	3	1	1340
195	1	2	195	1	4	1	1340
195	1	3	195	1	4	0	1340
195	2	1	195	2	2	0	321
195	2	1	195	2	3	0	321
195	2	1	195	2	4	0	321
195	2	2	195	2	3	0	321
195	2	2	195	2	4	0	321
195	2	3	195	2	4	0	321
196	1	1	196	1	2	2	1638
196	1	1	196	1	3	1	1638
196	1	1	196	1	4	3	1638
196	1	2	196	1	3	3	1638
196	1	2	196	1	4	1	1638
196	1	3	196	1	4	2	1638
197	1	1	197	1	2	2	1317
197	1	1	197	1	3	1	1317
197	1	1	197	1	4	3	1317
197	1	2	197	1	3	3	1317
197	1	2	197	1	4	1	1317
197	1	3	197	1	4	2	1317
197	2	1	197	2	2	0	1287
197	2	1	197	2	3	0	1287
197	2	1	197	2	4	0	1287
197	2	2	197	2	3	0	1287
197	2	2	197	2	4	0	1287
197	2	3	197	2	4	0	1287
198	1	1	198	1	2	0	840
198	1	1	198	1	3	0	840
198	1	1	198	1	4	0	840
198	1	2	198	1	3	0	840
198	1	2	198	1	4	0	840
198	1	3	198	1	4	0	840
199	1	1	199	1	2	0	1572
199	1	1	199	1	3	5	1572
199	1	1	199	1	4	5	1572
199	1	2	199	1	3	5	1572
199	1	2	199	1	4	5	1572
199	1	3	199	1	4	0	1572
200	1	1	200	1	2	3	1723
200	1	1	200	1	3	3	1723
200	1	1	200	1	4	1	1723
200	1	2	200	1	3	0	1723
200	1	2	200	1	4	4	1723
200	1	3	200	1	4	4	1723
200	2	1	200	2	2	0	264
200	2	1	200	2	3	0	264
200	2	1	200	2	4	0	264
200	2	2	200	2	3	0	264
200	2	2	200	2	4	0	264
200	2	3	200	2	4	0	264
201	1	1	201	1	2	1	1854
201	1	1	201	1	3	4	1854
201	1	1	201	1	4	7	1854
201	1	2	201	1	3	5	1854
201	1	2	201	1	4	6	1854
201	1	3	201	1	4	5	1854
201	2	1	201	2	2	0	213
201	2	1	201	2	3	0	213
201	2	1	201	2	4	0	213
201	2	2	201	2	3	0	213
201	2	2	201	2	4	0	213
201	2	3	201	2	4	0	213
202	1	1	202	1	2	7	2063
202	1	1	202	1	3	9	2063
202	1	1	202	1	4	9	2063
202	1	2	202	1	3	8	2063
202	1	2	202	1	4	8	2063
202	1	3	202	1	4	6	2063
203	1	1	203	1	2	0	1815
203	1	1	203	1	3	6	1815
203	1	1	203	1	4	6	1815
203	1	2	203	1	3	6	1815
203	1	2	203	1	4	6	1815
203	1	3	203	1	4	0	1815
204	1	1	204	1	2	8	818
204	1	1	204	1	3	11	818
204	1	1	204	1	4	9	818
204	1	2	204	1	3	12	818
204	1	2	204	1	4	9	818
204	1	3	204	1	4	11	818
205	1	1	205	1	2	0	1814
205	1	1	205	1	3	0	1814
205	1	1	205	1	4	0	1814
205	1	2	205	1	3	0	1814
205	1	2	205	1	4	0	1814
205	1	3	205	1	4	0	1814
206	1	1	206	1	2	0	1797
206	1	1	206	1	3	0	1797
206	1	1	206	1	4	0	1797
206	1	2	206	1	3	0	1797
206	1	2	206	1	4	0	1797
206	1	3	206	1	4	0	1797
207	1	1	207	1	2	0	1848
207	1	1	207	1	3	0	1848
207	1	1	207	1	4	0	1848
207	1	2	207	1	3	0	1848
207	1	2	207	1	4	0	1848
207	1	3	207	1	4	0	1848
207	2	1	207	2	2	0	260
207	2	1	207	2	3	0	260
207	2	1	207	2	4	0	260
207	2	2	207	2	3	0	260
207	2	2	207	2	4	0	260
207	2	3	207	2	4	0	260
208	1	1	208	1	2	0	1838
208	1	1	208	1	3	0	1838
208	1	1	208	1	4	0	1838
208	1	2	208	1	3	0	1838
208	1	2	208	1	4	0	1838
208	1	3	208	1	4	0	1838
209	1	1	209	1	2	5	1775
209	1	1	209	1	3	7	1775
209	1	1	209	1	4	12	1775
209	1	2	209	1	3	12	1775
209	1	2	209	1	4	7	1775
209	1	3	209	1	4	5	1775
210	1	1	210	1	2	6	1822
210	1	1	210	1	3	7	1822
210	1	1	210	1	4	10	1822
210	1	2	210	1	3	9	1822
210	1	2	210	1	4	4	1822
210	1	3	210	1	4	5	1822
211	1	1	211	1	2	2	2045
211	1	1	211	1	3	4	2045
211	1	1	211	1	4	6	2045
211	1	2	211	1	3	6	2045
211	1	2	211	1	4	4	2045
211	1	3	211	1	4	2	2045
212	1	1	212	1	2	1	1242
212	1	1	212	1	3	2	1242
212	1	1	212	1	4	2	1242
212	1	2	212	1	3	1	1242
212	1	2	212	1	4	3	1242
212	1	3	212	1	4	3	1242
212	2	1	212	2	2	0	273
212	2	1	212	2	3	0	273
212	2	1	212	2	4	0	273
212	2	2	212	2	3	0	273
212	2	2	212	2	4	0	273
212	2	3	212	2	4	0	273
213	1	1	213	1	2	0	1318
213	1	1	213	1	3	1	1318
213	1	1	213	1	4	1	1318
213	1	2	213	1	3	1	1318
213	1	2	213	1	4	1	1318
213	1	3	213	1	4	0	1318
214	1	1	214	1	2	1	1526
214	1	1	214	1	3	1	1526
214	1	1	214	1	4	2	1526
214	1	2	214	1	3	2	1526
214	1	2	214	1	4	1	1526
214	1	3	214	1	4	1	1526
215	1	1	215	1	2	0	1712
215	1	1	215	1	3	3	1712
215	1	1	215	1	4	3	1712
215	1	2	215	1	3	3	1712
215	1	2	215	1	4	3	1712
215	1	3	215	1	4	0	1712
215	2	1	215	2	2	0	788
215	2	1	215	2	3	1	788
215	2	1	215	2	4	1	788
215	2	2	215	2	3	1	788
215	2	2	215	2	4	1	788
215	2	3	215	2	4	0	788
215	3	1	215	3	2	0	475
215	3	1	215	3	3	0	475
215	3	1	215	3	4	0	475
215	3	2	215	3	3	0	475
215	3	2	215	3	4	0	475
215	3	3	215	3	4	0	475
215	4	1	215	4	2	0	824
215	4	1	215	4	3	0	824
215	4	1	215	4	4	0	824
215	4	2	215	4	3	0	824
215	4	2	215	4	4	0	824
215	4	3	215	4	4	0	824
216	1	1	216	1	2	13	2007
216	1	1	216	1	3	17	2007
216	1	1	216	1	4	4	2007
216	1	2	216	1	3	5	2007
216	1	2	216	1	4	16	2007
216	1	3	216	1	4	14	2007
218	1	1	218	1	2	0	1590
218	1	1	218	1	3	0	1590
218	1	1	218	1	4	0	1590
218	1	2	218	1	3	0	1590
218	1	2	218	1	4	0	1590
218	1	3	218	1	4	0	1590
219	1	1	219	1	2	0	1729
219	1	1	219	1	3	1	1729
219	1	1	219	1	4	1	1729
219	1	2	219	1	3	1	1729
219	1	2	219	1	4	1	1729
219	1	3	219	1	4	0	1729
220	1	1	220	1	2	0	1643
220	1	1	220	1	3	0	1643
220	1	1	220	1	4	0	1643
220	1	2	220	1	3	0	1643
220	1	2	220	1	4	0	1643
220	1	3	220	1	4	0	1643
221	1	1	221	1	2	0	1646
221	1	1	221	1	3	0	1646
221	1	1	221	1	4	0	1646
221	1	2	221	1	3	0	1646
221	1	2	221	1	4	0	1646
221	1	3	221	1	4	0	1646
222	1	1	222	1	2	0	1711
222	1	1	222	1	3	1	1711
222	1	1	222	1	4	1	1711
222	1	2	222	1	3	1	1711
222	1	2	222	1	4	1	1711
222	1	3	222	1	4	0	1711
222	2	1	222	2	2	0	199
222	2	1	222	2	3	0	199
222	2	1	222	2	4	0	199
222	2	2	222	2	3	0	199
222	2	2	222	2	4	0	199
222	2	3	222	2	4	0	199
224	1	1	224	1	2	0	1271
224	1	1	224	1	3	0	1271
224	1	1	224	1	4	0	1271
224	1	2	224	1	3	0	1271
224	1	2	224	1	4	0	1271
224	1	3	224	1	4	0	1271
225	1	1	225	1	2	0	1806
225	1	1	225	1	3	2	1806
225	1	1	225	1	4	2	1806
225	1	2	225	1	3	2	1806
225	1	2	225	1	4	2	1806
225	1	3	225	1	4	0	1806
226	1	1	226	1	2	5	1533
226	1	1	226	1	3	9	1533
226	1	1	226	1	4	10	1533
226	1	2	226	1	3	8	1533
226	1	2	226	1	4	11	1533
226	1	3	226	1	4	3	1533
227	1	1	227	1	2	3	1852
227	1	1	227	1	3	2	1852
227	1	1	227	1	4	1	1852
227	1	2	227	1	3	3	1852
227	1	2	227	1	4	4	1852
227	1	3	227	1	4	1	1852
228	1	1	228	1	2	0	1155
228	1	1	228	1	3	1	1155
228	1	1	228	1	4	1	1155
228	1	2	228	1	3	1	1155
228	1	2	228	1	4	1	1155
228	1	3	228	1	4	0	1155
228	2	1	228	2	2	0	959
228	2	1	228	2	3	1	959
228	2	1	228	2	4	1	959
228	2	2	228	2	3	1	959
228	2	2	228	2	4	1	959
228	2	3	228	2	4	0	959
228	3	1	228	3	2	0	737
228	3	1	228	3	3	1	737
228	3	1	228	3	4	1	737
228	3	2	228	3	3	1	737
228	3	2	228	3	4	1	737
228	3	3	228	3	4	0	737
228	4	1	228	4	2	0	604
228	4	1	228	4	3	0	604
228	4	1	228	4	4	0	604
228	4	2	228	4	3	0	604
228	4	2	228	4	4	0	604
228	4	3	228	4	4	0	604
229	1	1	229	1	2	0	1813
229	1	1	229	1	3	2	1813
229	1	1	229	1	4	4	1813
229	1	2	229	1	3	2	1813
229	1	2	229	1	4	4	1813
229	1	3	229	1	4	2	1813
229	2	1	229	2	2	0	367
229	2	1	229	2	3	0	367
229	2	1	229	2	4	0	367
229	2	2	229	2	3	0	367
229	2	2	229	2	4	0	367
229	2	3	229	2	4	0	367
230	1	1	230	1	2	0	1691
230	1	1	230	1	3	0	1691
230	1	1	230	1	4	0	1691
230	1	2	230	1	3	0	1691
230	1	2	230	1	4	0	1691
230	1	3	230	1	4	0	1691
231	1	1	231	1	2	0	1333
231	1	1	231	1	3	1	1333
231	1	1	231	1	4	1	1333
231	1	2	231	1	3	1	1333
231	1	2	231	1	4	1	1333
231	1	3	231	1	4	0	1333
231	2	1	231	2	2	0	614
231	2	1	231	2	3	0	614
231	2	1	231	2	4	0	614
231	2	2	231	2	3	0	614
231	2	2	231	2	4	0	614
231	2	3	231	2	4	0	614
232	1	1	232	1	2	0	1780
232	1	1	232	1	3	0	1780
232	1	1	232	1	4	0	1780
232	1	2	232	1	3	0	1780
232	1	2	232	1	4	0	1780
232	1	3	232	1	4	0	1780
233	1	1	233	1	2	0	1017
233	1	1	233	1	3	0	1017
233	1	1	233	1	4	0	1017
233	1	2	233	1	3	0	1017
233	1	2	233	1	4	0	1017
233	1	3	233	1	4	0	1017
234	1	1	234	1	2	0	1998
234	1	1	234	1	3	0	1998
234	1	1	234	1	4	0	1998
234	1	2	234	1	3	0	1998
234	1	2	234	1	4	0	1998
234	1	3	234	1	4	0	1998
236	1	1	236	1	2	0	1814
236	1	1	236	1	3	0	1814
236	1	1	236	1	4	0	1814
236	1	2	236	1	3	0	1814
236	1	2	236	1	4	0	1814
236	1	3	236	1	4	0	1814
237	1	1	237	1	2	0	1345
237	1	1	237	1	3	0	1345
237	1	1	237	1	4	0	1345
237	1	2	237	1	3	0	1345
237	1	2	237	1	4	0	1345
237	1	3	237	1	4	0	1345
238	1	1	238	1	2	0	1851
238	1	1	238	1	3	0	1851
238	1	1	238	1	4	0	1851
238	1	2	238	1	3	0	1851
238	1	2	238	1	4	0	1851
238	1	3	238	1	4	0	1851
239	1	1	239	1	2	0	1905
239	1	1	239	1	3	0	1905
239	1	1	239	1	4	0	1905
239	1	2	239	1	3	0	1905
239	1	2	239	1	4	0	1905
239	1	3	239	1	4	0	1905
240	1	1	240	1	2	0	2048
240	1	1	240	1	3	2	2048
240	1	1	240	1	4	4	2048
240	1	2	240	1	3	2	2048
240	1	2	240	1	4	4	2048
240	1	3	240	1	4	2	2048
241	1	1	241	1	2	3	1814
241	1	1	241	1	3	3	1814
241	1	1	241	1	4	2	1814
241	1	2	241	1	3	0	1814
241	1	2	241	1	4	3	1814
241	1	3	241	1	4	3	1814
242	1	1	242	1	2	0	1773
242	1	1	242	1	3	0	1773
242	1	1	242	1	4	0	1773
242	1	2	242	1	3	0	1773
242	1	2	242	1	4	0	1773
242	1	3	242	1	4	0	1773
243	1	1	243	1	2	0	1414
243	1	1	243	1	3	0	1414
243	1	1	243	1	4	0	1414
243	1	2	243	1	3	0	1414
243	1	2	243	1	4	0	1414
243	1	3	243	1	4	0	1414
243	2	1	243	2	2	1	1267
243	2	1	243	2	3	2	1267
243	2	1	243	2	4	2	1267
243	2	2	243	2	3	1	1267
243	2	2	243	2	4	3	1267
243	2	3	243	2	4	3	1267
243	3	1	243	3	2	0	658
243	3	1	243	3	3	0	658
243	3	1	243	3	4	0	658
243	3	2	243	3	3	0	658
243	3	2	243	3	4	0	658
243	3	3	243	3	4	0	658
243	4	1	243	4	2	1	517
243	4	1	243	4	3	2	517
243	4	1	243	4	4	2	517
243	4	2	243	4	3	2	517
243	4	2	243	4	4	2	517
243	4	3	243	4	4	0	517
243	5	1	243	5	2	0	253
243	5	1	243	5	3	0	253
243	5	1	243	5	4	0	253
243	5	2	243	5	3	0	253
243	5	2	243	5	4	0	253
243	5	3	243	5	4	0	253
244	1	1	244	1	2	0	1133
244	1	1	244	1	3	2	1133
244	1	1	244	1	4	2	1133
244	1	2	244	1	3	2	1133
244	1	2	244	1	4	2	1133
244	1	3	244	1	4	0	1133
245	1	1	245	1	2	4	1778
245	1	1	245	1	3	2	1778
245	1	1	245	1	4	2	1778
245	1	2	245	1	3	4	1778
245	1	2	245	1	4	2	1778
245	1	3	245	1	4	2	1778
245	2	1	245	2	2	7	1787
245	2	1	245	2	3	5	1787
245	2	1	245	2	4	10	1787
245	2	2	245	2	3	6	1787
245	2	2	245	2	4	7	1787
245	2	3	245	2	4	9	1787
247	1	1	247	1	2	0	1491
247	1	1	247	1	3	1	1491
247	1	1	247	1	4	1	1491
247	1	2	247	1	3	1	1491
247	1	2	247	1	4	1	1491
247	1	3	247	1	4	0	1491
250	1	1	250	1	2	0	2197
250	1	1	250	1	3	0	2197
250	1	1	250	1	4	0	2197
250	1	2	250	1	3	0	2197
250	1	2	250	1	4	0	2197
250	1	3	250	1	4	0	2197
251	1	1	251	1	2	0	2042
251	1	1	251	1	3	1	2042
251	1	1	251	1	4	1	2042
251	1	2	251	1	3	1	2042
251	1	2	251	1	4	1	2042
251	1	3	251	1	4	0	2042
252	1	1	252	1	2	1	928
252	1	1	252	1	3	2	928
252	1	1	252	1	4	2	928
252	1	2	252	1	3	1	928
252	1	2	252	1	4	2	928
252	1	3	252	1	4	1	928
252	2	1	252	2	2	0	888
252	2	1	252	2	3	1	888
252	2	1	252	2	4	1	888
252	2	2	252	2	3	1	888
252	2	2	252	2	4	1	888
252	2	3	252	2	4	0	888
253	1	1	253	1	2	10	950
253	1	1	253	1	3	10	950
253	1	1	253	1	4	11	950
253	1	2	253	1	3	13	950
253	1	2	253	1	4	9	950
253	1	3	253	1	4	9	950
253	2	1	253	2	2	0	361
253	2	1	253	2	3	0	361
253	2	1	253	2	4	0	361
253	2	2	253	2	3	0	361
253	2	2	253	2	4	0	361
253	2	3	253	2	4	0	361
254	1	1	254	1	2	2	1697
254	1	1	254	1	3	1	1697
254	1	1	254	1	4	3	1697
254	1	2	254	1	3	3	1697
254	1	2	254	1	4	1	1697
254	1	3	254	1	4	2	1697
257	1	1	257	1	2	0	1357
257	1	1	257	1	3	0	1357
257	1	1	257	1	4	0	1357
257	1	2	257	1	3	0	1357
257	1	2	257	1	4	0	1357
257	1	3	257	1	4	0	1357
259	1	1	259	1	2	0	1749
259	1	1	259	1	3	0	1749
259	1	1	259	1	4	0	1749
259	1	2	259	1	3	0	1749
259	1	2	259	1	4	0	1749
259	1	3	259	1	4	0	1749
260	1	1	260	1	2	10	1952
260	1	1	260	1	3	6	1952
260	1	1	260	1	4	9	1952
260	1	2	260	1	3	12	1952
260	1	2	260	1	4	5	1952
260	1	3	260	1	4	9	1952
261	1	1	261	1	2	4	1602
261	1	1	261	1	3	7	1602
261	1	1	261	1	4	2	1602
261	1	2	261	1	3	3	1602
261	1	2	261	1	4	4	1602
261	1	3	261	1	4	5	1602
264	1	1	264	1	2	0	1260
264	1	1	264	1	3	0	1260
264	1	1	264	1	4	1	1260
264	1	2	264	1	3	0	1260
264	1	2	264	1	4	1	1260
264	1	3	264	1	4	1	1260
265	1	1	265	1	2	1	1422
265	1	1	265	1	3	5	1422
265	1	1	265	1	4	5	1422
265	1	2	265	1	3	4	1422
265	1	2	265	1	4	4	1422
265	1	3	265	1	4	0	1422
266	1	1	266	1	2	5	799
266	1	1	266	1	3	5	799
266	1	1	266	1	4	5	799
266	1	2	266	1	3	2	799
266	1	2	266	1	4	4	799
266	1	3	266	1	4	4	799
267	1	1	267	1	2	2	2009
267	1	1	267	1	3	3	2009
267	1	1	267	1	4	3	2009
267	1	2	267	1	3	3	2009
267	1	2	267	1	4	3	2009
267	1	3	267	1	4	2	2009
268	1	1	268	1	2	0	1535
268	1	1	268	1	3	0	1535
268	1	1	268	1	4	0	1535
268	1	2	268	1	3	0	1535
268	1	2	268	1	4	0	1535
268	1	3	268	1	4	0	1535
269	1	1	269	1	2	0	1937
269	1	1	269	1	3	0	1937
269	1	1	269	1	4	0	1937
269	1	2	269	1	3	0	1937
269	1	2	269	1	4	0	1937
269	1	3	269	1	4	0	1937
269	2	1	269	2	2	0	1122
269	2	1	269	2	3	0	1122
269	2	1	269	2	4	0	1122
269	2	2	269	2	3	0	1122
269	2	2	269	2	4	0	1122
269	2	3	269	2	4	0	1122
269	3	1	269	3	2	0	490
269	3	1	269	3	3	1	490
269	3	1	269	3	4	1	490
269	3	2	269	3	3	1	490
269	3	2	269	3	4	1	490
269	3	3	269	3	4	1	490
270	1	1	270	1	2	0	1409
270	1	1	270	1	3	0	1409
270	1	1	270	1	4	0	1409
270	1	2	270	1	3	0	1409
270	1	2	270	1	4	0	1409
270	1	3	270	1	4	0	1409
271	1	1	271	1	2	214	540
271	1	1	271	1	3	211	540
271	1	1	271	1	4	212	540
271	1	2	271	1	3	220	540
271	1	2	271	1	4	214	540
271	1	3	271	1	4	216	540
271	2	1	271	2	2	0	1530
271	2	1	271	2	3	0	1530
271	2	1	271	2	4	0	1530
271	2	2	271	2	3	0	1530
271	2	2	271	2	4	0	1530
271	2	3	271	2	4	0	1530
271	3	1	271	3	2	0	1262
271	3	1	271	3	3	3	1262
271	3	1	271	3	4	3	1262
271	3	2	271	3	3	3	1262
271	3	2	271	3	4	3	1262
271	3	3	271	3	4	0	1262
271	4	1	271	4	2	0	765
271	4	1	271	4	3	1	765
271	4	1	271	4	4	1	765
271	4	2	271	4	3	1	765
271	4	2	271	4	4	1	765
271	4	3	271	4	4	0	765
271	5	1	271	5	2	0	628
271	5	1	271	5	3	0	628
271	5	1	271	5	4	0	628
271	5	2	271	5	3	0	628
271	5	2	271	5	4	0	628
271	5	3	271	5	4	0	628
271	6	1	271	6	2	0	751
271	6	1	271	6	3	0	751
271	6	1	271	6	4	0	751
271	6	2	271	6	3	0	751
271	6	2	271	6	4	0	751
271	6	3	271	6	4	0	751
271	7	1	271	7	2	0	496
271	7	1	271	7	3	0	496
271	7	1	271	7	4	0	496
271	7	2	271	7	3	0	496
271	7	2	271	7	4	0	496
271	7	3	271	7	4	0	496
271	8	1	271	8	2	0	200
271	8	1	271	8	3	0	200
271	8	1	271	8	4	0	200
271	8	2	271	8	3	0	200
271	8	2	271	8	4	0	200
271	8	3	271	8	4	0	200
271	9	1	271	9	2	0	150
271	9	1	271	9	3	0	150
271	9	1	271	9	4	0	150
271	9	2	271	9	3	0	150
271	9	2	271	9	4	0	150
271	9	3	271	9	4	0	150
272	1	1	272	1	2	1	1618
272	1	1	272	1	3	2	1618
272	1	1	272	1	4	1	1618
272	1	2	272	1	3	1	1618
272	1	2	272	1	4	2	1618
272	1	3	272	1	4	3	1618
273	1	1	273	1	2	0	1713
273	1	1	273	1	3	0	1713
273	1	1	273	1	4	0	1713
273	1	2	273	1	3	0	1713
273	1	2	273	1	4	0	1713
273	1	3	273	1	4	0	1713
274	1	1	274	1	2	0	1348
274	1	1	274	1	3	0	1348
274	1	1	274	1	4	0	1348
274	1	2	274	1	3	0	1348
274	1	2	274	1	4	0	1348
274	1	3	274	1	4	0	1348
275	1	1	275	1	2	0	1477
275	1	1	275	1	3	0	1477
275	1	1	275	1	4	0	1477
275	1	2	275	1	3	0	1477
275	1	2	275	1	4	0	1477
275	1	3	275	1	4	0	1477
276	1	1	276	1	2	0	1616
276	1	1	276	1	3	0	1616
276	1	1	276	1	4	0	1616
276	1	2	276	1	3	0	1616
276	1	2	276	1	4	0	1616
276	1	3	276	1	4	0	1616
277	1	1	277	1	2	0	1315
277	1	1	277	1	3	2	1315
277	1	1	277	1	4	1	1315
277	1	2	277	1	3	2	1315
277	1	2	277	1	4	1	1315
277	1	3	277	1	4	1	1315
278	1	1	278	1	2	2	1557
278	1	1	278	1	3	3	1557
278	1	1	278	1	4	5	1557
278	1	2	278	1	3	5	1557
278	1	2	278	1	4	5	1557
278	1	3	278	1	4	2	1557
279	1	1	279	1	2	0	1829
279	1	1	279	1	3	0	1829
279	1	1	279	1	4	0	1829
279	1	2	279	1	3	0	1829
279	1	2	279	1	4	0	1829
279	1	3	279	1	4	0	1829
280	1	1	280	1	2	0	987
280	1	1	280	1	3	1	987
280	1	1	280	1	4	1	987
280	1	2	280	1	3	1	987
280	1	2	280	1	4	1	987
280	1	3	280	1	4	0	987
281	1	1	281	1	2	3	1879
281	1	1	281	1	3	4	1879
281	1	1	281	1	4	5	1879
281	1	2	281	1	3	3	1879
281	1	2	281	1	4	2	1879
281	1	3	281	1	4	1	1879
282	1	1	282	1	2	0	1307
282	1	1	282	1	3	1	1307
282	1	1	282	1	4	2	1307
282	1	2	282	1	3	1	1307
282	1	2	282	1	4	2	1307
282	1	3	282	1	4	1	1307
283	1	1	283	1	2	0	1782
283	1	1	283	1	3	0	1782
283	1	1	283	1	4	0	1782
283	1	2	283	1	3	0	1782
283	1	2	283	1	4	0	1782
283	1	3	283	1	4	0	1782
284	1	1	284	1	2	0	1806
284	1	1	284	1	3	0	1806
284	1	1	284	1	4	0	1806
284	1	2	284	1	3	0	1806
284	1	2	284	1	4	0	1806
284	1	3	284	1	4	0	1806
285	1	1	285	1	2	9	1616
285	1	1	285	1	3	7	1616
285	1	1	285	1	4	8	1616
285	1	2	285	1	3	8	1616
285	1	2	285	1	4	5	1616
285	1	3	285	1	4	7	1616
285	2	1	285	2	2	1	937
285	2	1	285	2	3	2	937
285	2	1	285	2	4	2	937
285	2	2	285	2	3	2	937
285	2	2	285	2	4	1	937
285	2	3	285	2	4	1	937
286	1	1	286	1	2	1	1139
286	1	1	286	1	3	1	1139
286	1	1	286	1	4	1	1139
286	1	2	286	1	3	0	1139
286	1	2	286	1	4	0	1139
286	1	3	286	1	4	0	1139
286	2	1	286	2	2	0	718
286	2	1	286	2	3	1	718
286	2	1	286	2	4	1	718
286	2	2	286	2	3	1	718
286	2	2	286	2	4	1	718
286	2	3	286	2	4	0	718
286	3	1	286	3	2	2	374
286	3	1	286	3	3	2	374
286	3	1	286	3	4	2	374
286	3	2	286	3	3	0	374
286	3	2	286	3	4	0	374
286	3	3	286	3	4	0	374
287	1	1	287	1	2	0	1052
287	1	1	287	1	3	0	1052
287	1	1	287	1	4	2	1052
287	1	2	287	1	3	0	1052
287	1	2	287	1	4	2	1052
287	1	3	287	1	4	2	1052
287	2	1	287	2	2	0	484
287	2	1	287	2	3	0	484
287	2	1	287	2	4	0	484
287	2	2	287	2	3	0	484
287	2	2	287	2	4	0	484
287	2	3	287	2	4	0	484
288	1	1	288	1	2	2	1953
288	1	1	288	1	3	2	1953
288	1	1	288	1	4	2	1953
288	1	2	288	1	3	0	1953
288	1	2	288	1	4	0	1953
288	1	3	288	1	4	0	1953
289	1	1	289	1	2	0	1723
289	1	1	289	1	3	2	1723
289	1	1	289	1	4	2	1723
289	1	2	289	1	3	2	1723
289	1	2	289	1	4	2	1723
289	1	3	289	1	4	0	1723
289	2	1	289	2	2	0	1044
289	2	1	289	2	3	5	1044
289	2	1	289	2	4	5	1044
289	2	2	289	2	3	5	1044
289	2	2	289	2	4	5	1044
289	2	3	289	2	4	0	1044
290	1	1	290	1	2	0	1718
290	1	1	290	1	3	0	1718
290	1	1	290	1	4	0	1718
290	1	2	290	1	3	0	1718
290	1	2	290	1	4	0	1718
290	1	3	290	1	4	0	1718
291	1	1	291	1	2	3	1334
291	1	1	291	1	3	1	1334
291	1	1	291	1	4	1	1334
291	1	2	291	1	3	4	1334
291	1	2	291	1	4	4	1334
291	1	3	291	1	4	1	1334
292	1	1	292	1	2	0	926
292	1	1	292	1	3	0	926
292	1	1	292	1	4	0	926
292	1	2	292	1	3	0	926
292	1	2	292	1	4	0	926
292	1	3	292	1	4	0	926
293	1	1	293	1	2	0	1118
293	1	1	293	1	3	0	1118
293	1	1	293	1	4	4	1118
293	1	2	293	1	3	0	1118
293	1	2	293	1	4	4	1118
293	1	3	293	1	4	4	1118
294	1	1	294	1	2	0	1575
294	1	1	294	1	3	0	1575
294	1	1	294	1	4	0	1575
294	1	2	294	1	3	0	1575
294	1	2	294	1	4	0	1575
294	1	3	294	1	4	0	1575
294	2	1	294	2	2	0	1286
294	2	1	294	2	3	0	1286
294	2	1	294	2	4	0	1286
294	2	2	294	2	3	0	1286
294	2	2	294	2	4	0	1286
294	2	3	294	2	4	0	1286
294	3	1	294	3	2	0	972
294	3	1	294	3	3	0	972
294	3	1	294	3	4	0	972
294	3	2	294	3	3	0	972
294	3	2	294	3	4	0	972
294	3	3	294	3	4	0	972
295	1	1	295	1	2	0	1753
295	1	1	295	1	3	0	1753
295	1	1	295	1	4	0	1753
295	1	2	295	1	3	0	1753
295	1	2	295	1	4	0	1753
295	1	3	295	1	4	0	1753
296	1	1	296	1	2	0	1859
296	1	1	296	1	3	0	1859
296	1	1	296	1	4	0	1859
296	1	2	296	1	3	0	1859
296	1	2	296	1	4	0	1859
296	1	3	296	1	4	0	1859
297	1	1	297	1	2	0	1438
297	1	1	297	1	3	0	1438
297	1	1	297	1	4	0	1438
297	1	2	297	1	3	0	1438
297	1	2	297	1	4	0	1438
297	1	3	297	1	4	0	1438
298	1	1	298	1	2	0	1733
298	1	1	298	1	3	0	1733
298	1	1	298	1	4	0	1733
298	1	2	298	1	3	0	1733
298	1	2	298	1	4	0	1733
298	1	3	298	1	4	0	1733
298	2	1	298	2	2	28	484
298	2	1	298	2	3	28	484
298	2	1	298	2	4	29	484
298	2	2	298	2	3	32	484
298	2	2	298	2	4	37	484
298	2	3	298	2	4	28	484
299	1	1	299	1	2	0	1750
299	1	1	299	1	3	0	1750
299	1	1	299	1	4	0	1750
299	1	2	299	1	3	0	1750
299	1	2	299	1	4	0	1750
299	1	3	299	1	4	0	1750
299	2	1	299	2	2	0	1831
299	2	1	299	2	3	0	1831
299	2	1	299	2	4	0	1831
299	2	2	299	2	3	0	1831
299	2	2	299	2	4	0	1831
299	2	3	299	2	4	0	1831
300	1	1	300	1	2	0	1749
300	1	1	300	1	3	0	1749
300	1	1	300	1	4	0	1749
300	1	2	300	1	3	0	1749
300	1	2	300	1	4	0	1749
300	1	3	300	1	4	0	1749
301	1	1	301	1	2	0	1845
301	1	1	301	1	3	0	1845
301	1	1	301	1	4	0	1845
301	1	2	301	1	3	0	1845
301	1	2	301	1	4	0	1845
301	1	3	301	1	4	0	1845
301	2	1	301	2	2	2	1616
301	2	1	301	2	3	6	1616
301	2	1	301	2	4	6	1616
301	2	2	301	2	3	4	1616
301	2	2	301	2	4	5	1616
301	2	3	301	2	4	2	1616
301	3	1	301	3	2	0	1103
301	3	1	301	3	3	0	1103
301	3	1	301	3	4	0	1103
301	3	2	301	3	3	0	1103
301	3	2	301	3	4	0	1103
301	3	3	301	3	4	0	1103
302	1	1	302	1	2	7	1222
302	1	1	302	1	3	4	1222
302	1	1	302	1	4	5	1222
302	1	2	302	1	3	5	1222
302	1	2	302	1	4	4	1222
302	1	3	302	1	4	3	1222
303	1	1	303	1	2	0	1948
303	1	1	303	1	3	0	1948
303	1	1	303	1	4	0	1948
303	1	2	303	1	3	0	1948
303	1	2	303	1	4	0	1948
303	1	3	303	1	4	0	1948
304	1	1	304	1	2	0	1185
304	1	1	304	1	3	0	1185
304	1	1	304	1	4	0	1185
304	1	2	304	1	3	0	1185
304	1	2	304	1	4	0	1185
304	1	3	304	1	4	0	1185
304	2	1	304	2	2	0	1098
304	2	1	304	2	3	0	1098
304	2	1	304	2	4	0	1098
304	2	2	304	2	3	0	1098
304	2	2	304	2	4	0	1098
304	2	3	304	2	4	0	1098
304	3	1	304	3	2	0	470
304	3	1	304	3	3	0	470
304	3	1	304	3	4	0	470
304	3	2	304	3	3	0	470
304	3	2	304	3	4	0	470
304	3	3	304	3	4	0	470
305	1	1	305	1	2	0	1499
305	1	1	305	1	3	5	1499
305	1	1	305	1	4	5	1499
305	1	2	305	1	3	5	1499
305	1	2	305	1	4	5	1499
305	1	3	305	1	4	0	1499
306	1	1	306	1	2	0	1803
306	1	1	306	1	3	0	1803
306	1	1	306	1	4	0	1803
306	1	2	306	1	3	0	1803
306	1	2	306	1	4	0	1803
306	1	3	306	1	4	0	1803
307	1	1	307	1	2	5	1614
307	1	1	307	1	3	5	1614
307	1	1	307	1	4	4	1614
307	1	2	307	1	3	0	1614
307	1	2	307	1	4	5	1614
307	1	3	307	1	4	5	1614
307	2	1	307	2	2	0	777
307	2	1	307	2	3	1	777
307	2	1	307	2	4	1	777
307	2	2	307	2	3	1	777
307	2	2	307	2	4	1	777
307	2	3	307	2	4	0	777
309	1	1	309	1	2	0	1715
309	1	1	309	1	3	5	1715
309	1	1	309	1	4	6	1715
309	1	2	309	1	3	5	1715
309	1	2	309	1	4	6	1715
309	1	3	309	1	4	1	1715
309	2	1	309	2	2	0	779
309	2	1	309	2	3	0	779
309	2	1	309	2	4	0	779
309	2	2	309	2	3	0	779
309	2	2	309	2	4	0	779
309	2	3	309	2	4	0	779
309	3	1	309	3	2	0	508
309	3	1	309	3	3	0	508
309	3	1	309	3	4	0	508
309	3	2	309	3	3	0	508
309	3	2	309	3	4	0	508
309	3	3	309	3	4	0	508
309	4	1	309	4	2	0	202
309	4	1	309	4	3	0	202
309	4	1	309	4	4	0	202
309	4	2	309	4	3	0	202
309	4	2	309	4	4	0	202
309	4	3	309	4	4	0	202
311	1	1	311	1	2	1	2279
311	1	1	311	1	3	1	2279
311	1	1	311	1	4	2	2279
311	1	2	311	1	3	2	2279
311	1	2	311	1	4	3	2279
311	1	3	311	1	4	1	2279
312	1	1	312	1	2	14	1385
312	1	1	312	1	3	13	1385
312	1	1	312	1	4	12	1385
312	1	2	312	1	3	10	1385
312	1	2	312	1	4	11	1385
312	1	3	312	1	4	10	1385
313	1	1	313	1	2	0	1808
313	1	1	313	1	3	0	1808
313	1	1	313	1	4	0	1808
313	1	2	313	1	3	0	1808
313	1	2	313	1	4	0	1808
313	1	3	313	1	4	0	1808
314	1	1	314	1	2	3	1896
314	1	1	314	1	3	3	1896
314	1	1	314	1	4	4	1896
314	1	2	314	1	3	2	1896
314	1	2	314	1	4	3	1896
314	1	3	314	1	4	1	1896
315	1	1	315	1	2	6	1503
315	1	1	315	1	3	4	1503
315	1	1	315	1	4	9	1503
315	1	2	315	1	3	10	1503
315	1	2	315	1	4	6	1503
315	1	3	315	1	4	5	1503
315	2	1	315	2	2	0	377
315	2	1	315	2	3	0	377
315	2	1	315	2	4	0	377
315	2	2	315	2	3	0	377
315	2	2	315	2	4	0	377
315	2	3	315	2	4	0	377
316	1	1	316	1	2	1	1585
316	1	1	316	1	3	1	1585
316	1	1	316	1	4	2	1585
316	1	2	316	1	3	2	1585
316	1	2	316	1	4	1	1585
316	1	3	316	1	4	1	1585
316	2	1	316	2	2	0	729
316	2	1	316	2	3	0	729
316	2	1	316	2	4	0	729
316	2	2	316	2	3	0	729
316	2	2	316	2	4	0	729
316	2	3	316	2	4	0	729
318	1	1	318	1	2	0	761
318	1	1	318	1	3	0	761
318	1	1	318	1	4	0	761
318	1	2	318	1	3	0	761
318	1	2	318	1	4	0	761
318	1	3	318	1	4	0	761
318	2	1	318	2	2	0	840
318	2	1	318	2	3	0	840
318	2	1	318	2	4	0	840
318	2	2	318	2	3	0	840
318	2	2	318	2	4	0	840
318	2	3	318	2	4	0	840
319	1	1	319	1	2	9	2071
319	1	1	319	1	3	12	2071
319	1	1	319	1	4	18	2071
319	1	2	319	1	3	12	2071
319	1	2	319	1	4	18	2071
319	1	3	319	1	4	15	2071
320	1	1	320	1	2	0	849
320	1	1	320	1	3	0	849
320	1	1	320	1	4	0	849
320	1	2	320	1	3	0	849
320	1	2	320	1	4	0	849
320	1	3	320	1	4	0	849
321	1	1	321	1	2	0	1742
321	1	1	321	1	3	0	1742
321	1	1	321	1	4	0	1742
321	1	2	321	1	3	0	1742
321	1	2	321	1	4	0	1742
321	1	3	321	1	4	0	1742
322	1	1	322	1	2	1	899
322	1	1	322	1	3	4	899
322	1	1	322	1	4	3	899
322	1	2	322	1	3	3	899
322	1	2	322	1	4	2	899
322	1	3	322	1	4	3	899
323	1	1	323	1	2	2	1084
323	1	1	323	1	3	2	1084
323	1	1	323	1	4	3	1084
323	1	2	323	1	3	2	1084
323	1	2	323	1	4	1	1084
323	1	3	323	1	4	1	1084
324	1	1	324	1	2	0	789
324	1	1	324	1	3	2	789
324	1	1	324	1	4	2	789
324	1	2	324	1	3	2	789
324	1	2	324	1	4	2	789
324	1	3	324	1	4	0	789
325	1	1	325	1	2	0	1715
325	1	1	325	1	3	0	1715
325	1	1	325	1	4	0	1715
325	1	2	325	1	3	0	1715
325	1	2	325	1	4	0	1715
325	1	3	325	1	4	0	1715
326	1	1	326	1	2	0	1844
326	1	1	326	1	3	3	1844
326	1	1	326	1	4	3	1844
326	1	2	326	1	3	3	1844
326	1	2	326	1	4	3	1844
326	1	3	326	1	4	0	1844
327	1	1	327	1	2	0	1980
327	1	1	327	1	3	0	1980
327	1	1	327	1	4	0	1980
327	1	2	327	1	3	0	1980
327	1	2	327	1	4	0	1980
327	1	3	327	1	4	0	1980
328	1	1	328	1	2	2	1330
328	1	1	328	1	3	1	1330
328	1	1	328	1	4	2	1330
328	1	2	328	1	3	1	1330
328	1	2	328	1	4	1	1330
328	1	3	328	1	4	1	1330
328	2	1	328	2	2	0	286
328	2	1	328	2	3	0	286
328	2	1	328	2	4	0	286
328	2	2	328	2	3	0	286
328	2	2	328	2	4	0	286
328	2	3	328	2	4	0	286
328	3	1	328	3	2	0	255
328	3	1	328	3	3	0	255
328	3	1	328	3	4	0	255
328	3	2	328	3	3	0	255
328	3	2	328	3	4	0	255
328	3	3	328	3	4	0	255
330	1	1	330	1	2	8	1644
330	1	1	330	1	3	8	1644
330	1	1	330	1	4	2	1644
330	1	2	330	1	3	0	1644
330	1	2	330	1	4	8	1644
330	1	3	330	1	4	8	1644
333	1	1	333	1	2	0	1718
333	1	1	333	1	3	0	1718
333	1	1	333	1	4	0	1718
333	1	2	333	1	3	0	1718
333	1	2	333	1	4	0	1718
333	1	3	333	1	4	0	1718
333	2	1	333	2	2	0	207
333	2	1	333	2	3	0	207
333	2	1	333	2	4	0	207
333	2	2	333	2	3	0	207
333	2	2	333	2	4	0	207
333	2	3	333	2	4	0	207
334	1	1	334	1	2	0	1796
334	1	1	334	1	3	0	1796
334	1	1	334	1	4	0	1796
334	1	2	334	1	3	0	1796
334	1	2	334	1	4	0	1796
334	1	3	334	1	4	0	1796
335	1	1	335	1	2	0	1520
335	1	1	335	1	3	0	1520
335	1	1	335	1	4	0	1520
335	1	2	335	1	3	0	1520
335	1	2	335	1	4	0	1520
335	1	3	335	1	4	0	1520
335	2	1	335	2	2	0	1532
335	2	1	335	2	3	0	1532
335	2	1	335	2	4	0	1532
335	2	2	335	2	3	0	1532
335	2	2	335	2	4	0	1532
335	2	3	335	2	4	0	1532
337	1	1	337	1	2	0	1689
337	1	1	337	1	3	5	1689
337	1	1	337	1	4	6	1689
337	1	2	337	1	3	5	1689
337	1	2	337	1	4	6	1689
337	1	3	337	1	4	1	1689
338	1	1	338	1	2	0	1845
338	1	1	338	1	3	0	1845
338	1	1	338	1	4	0	1845
338	1	2	338	1	3	0	1845
338	1	2	338	1	4	0	1845
338	1	3	338	1	4	0	1845
339	1	1	339	1	2	0	1778
339	1	1	339	1	3	2	1778
339	1	1	339	1	4	2	1778
339	1	2	339	1	3	2	1778
339	1	2	339	1	4	2	1778
339	1	3	339	1	4	0	1778
339	2	1	339	2	2	0	438
339	2	1	339	2	3	0	438
339	2	1	339	2	4	0	438
339	2	2	339	2	3	0	438
339	2	2	339	2	4	0	438
339	2	3	339	2	4	0	438
339	3	1	339	3	2	0	209
339	3	1	339	3	3	0	209
339	3	1	339	3	4	0	209
339	3	2	339	3	3	0	209
339	3	2	339	3	4	0	209
339	3	3	339	3	4	0	209
339	4	1	339	4	2	0	259
339	4	1	339	4	3	0	259
339	4	1	339	4	4	0	259
339	4	2	339	4	3	0	259
339	4	2	339	4	4	0	259
339	4	3	339	4	4	0	259
340	1	1	340	1	2	0	1124
340	1	1	340	1	3	0	1124
340	1	1	340	1	4	0	1124
340	1	2	340	1	3	0	1124
340	1	2	340	1	4	0	1124
340	1	3	340	1	4	0	1124
340	2	1	340	2	2	0	945
340	2	1	340	2	3	0	945
340	2	1	340	2	4	0	945
340	2	2	340	2	3	0	945
340	2	2	340	2	4	0	945
340	2	3	340	2	4	0	945
341	1	1	341	1	2	0	1437
341	1	1	341	1	3	1	1437
341	1	1	341	1	4	2	1437
341	1	2	341	1	3	1	1437
341	1	2	341	1	4	2	1437
341	1	3	341	1	4	1	1437
342	1	1	342	1	2	3	1748
342	1	1	342	1	3	2	1748
342	1	1	342	1	4	3	1748
342	1	2	342	1	3	2	1748
342	1	2	342	1	4	2	1748
342	1	3	342	1	4	2	1748
344	1	1	344	1	2	1	1579
344	1	1	344	1	3	1	1579
344	1	1	344	1	4	1	1579
344	1	2	344	1	3	2	1579
344	1	2	344	1	4	2	1579
344	1	3	344	1	4	0	1579
345	1	1	345	1	2	1	1867
345	1	1	345	1	3	1	1867
345	1	1	345	1	4	1	1867
345	1	2	345	1	3	2	1867
345	1	2	345	1	4	2	1867
345	1	3	345	1	4	0	1867
346	1	1	346	1	2	0	1884
346	1	1	346	1	3	0	1884
346	1	1	346	1	4	1	1884
346	1	2	346	1	3	0	1884
346	1	2	346	1	4	1	1884
346	1	3	346	1	4	1	1884
347	1	1	347	1	2	0	1731
347	1	1	347	1	3	0	1731
347	1	1	347	1	4	0	1731
347	1	2	347	1	3	0	1731
347	1	2	347	1	4	0	1731
347	1	3	347	1	4	0	1731
348	1	1	348	1	2	0	1452
348	1	1	348	1	3	6	1452
348	1	1	348	1	4	6	1452
348	1	2	348	1	3	6	1452
348	1	2	348	1	4	6	1452
348	1	3	348	1	4	0	1452
349	1	1	349	1	2	0	1745
349	1	1	349	1	3	2	1745
349	1	1	349	1	4	2	1745
349	1	2	349	1	3	2	1745
349	1	2	349	1	4	2	1745
349	1	3	349	1	4	0	1745
350	1	1	350	1	2	1	950
350	1	1	350	1	3	1	950
350	1	1	350	1	4	1	950
350	1	2	350	1	3	2	950
350	1	2	350	1	4	2	950
350	1	3	350	1	4	0	950
350	2	1	350	2	2	2	801
350	2	1	350	2	3	2	801
350	2	1	350	2	4	1	801
350	2	2	350	2	3	0	801
350	2	2	350	2	4	1	801
350	2	3	350	2	4	1	801
350	3	1	350	3	2	0	736
350	3	1	350	3	3	0	736
350	3	1	350	3	4	0	736
350	3	2	350	3	3	0	736
350	3	2	350	3	4	0	736
350	3	3	350	3	4	0	736
350	4	1	350	4	2	0	703
350	4	1	350	4	3	0	703
350	4	1	350	4	4	0	703
350	4	2	350	4	3	0	703
350	4	2	350	4	4	0	703
350	4	3	350	4	4	0	703
350	5	1	350	5	2	0	229
350	5	1	350	5	3	0	229
350	5	1	350	5	4	0	229
350	5	2	350	5	3	0	229
350	5	2	350	5	4	0	229
350	5	3	350	5	4	0	229
351	1	1	351	1	2	8	1648
351	1	1	351	1	3	4	1648
351	1	1	351	1	4	2	1648
351	1	2	351	1	3	4	1648
351	1	2	351	1	4	6	1648
351	1	3	351	1	4	2	1648
352	1	1	352	1	2	0	1764
352	1	1	352	1	3	0	1764
352	1	1	352	1	4	0	1764
352	1	2	352	1	3	0	1764
352	1	2	352	1	4	0	1764
352	1	3	352	1	4	0	1764
352	2	1	352	2	2	0	454
352	2	1	352	2	3	0	454
352	2	1	352	2	4	0	454
352	2	2	352	2	3	0	454
352	2	2	352	2	4	0	454
352	2	3	352	2	4	0	454
352	3	1	352	3	2	0	244
352	3	1	352	3	3	0	244
352	3	1	352	3	4	0	244
352	3	2	352	3	3	0	244
352	3	2	352	3	4	0	244
352	3	3	352	3	4	0	244
352	4	1	352	4	2	0	366
352	4	1	352	4	3	0	366
352	4	1	352	4	4	0	366
352	4	2	352	4	3	0	366
352	4	2	352	4	4	0	366
352	4	3	352	4	4	0	366
353	1	1	353	1	2	1	1404
353	1	1	353	1	3	4	1404
353	1	1	353	1	4	5	1404
353	1	2	353	1	3	5	1404
353	1	2	353	1	4	4	1404
353	1	3	353	1	4	1	1404
354	1	1	354	1	2	1	1512
354	1	1	354	1	3	2	1512
354	1	1	354	1	4	2	1512
354	1	2	354	1	3	1	1512
354	1	2	354	1	4	1	1512
354	1	3	354	1	4	0	1512
355	1	1	355	1	2	0	1643
355	1	1	355	1	3	1	1643
355	1	1	355	1	4	1	1643
355	1	2	355	1	3	1	1643
355	1	2	355	1	4	1	1643
355	1	3	355	1	4	0	1643
356	1	1	356	1	2	0	1177
356	1	1	356	1	3	1	1177
356	1	1	356	1	4	1	1177
356	1	2	356	1	3	1	1177
356	1	2	356	1	4	1	1177
356	1	3	356	1	4	0	1177
357	1	1	357	1	2	0	1900
357	1	1	357	1	3	1	1900
357	1	1	357	1	4	1	1900
357	1	2	357	1	3	1	1900
357	1	2	357	1	4	1	1900
357	1	3	357	1	4	0	1900
358	1	1	358	1	2	4	1225
358	1	1	358	1	3	2	1225
358	1	1	358	1	4	3	1225
358	1	2	358	1	3	2	1225
358	1	2	358	1	4	3	1225
358	1	3	358	1	4	1	1225
359	1	1	359	1	2	0	1339
359	1	1	359	1	3	1	1339
359	1	1	359	1	4	1	1339
359	1	2	359	1	3	1	1339
359	1	2	359	1	4	1	1339
359	1	3	359	1	4	0	1339
361	1	1	361	1	2	0	1765
361	1	1	361	1	3	1	1765
361	1	1	361	1	4	1	1765
361	1	2	361	1	3	1	1765
361	1	2	361	1	4	1	1765
361	1	3	361	1	4	0	1765
362	1	1	362	1	2	1	1433
362	1	1	362	1	3	1	1433
362	1	1	362	1	4	1	1433
362	1	2	362	1	3	0	1433
362	1	2	362	1	4	2	1433
362	1	3	362	1	4	2	1433
362	2	1	362	2	2	0	1347
362	2	1	362	2	3	1	1347
362	2	1	362	2	4	1	1347
362	2	2	362	2	3	1	1347
362	2	2	362	2	4	1	1347
362	2	3	362	2	4	0	1347
362	3	1	362	3	2	0	328
362	3	1	362	3	3	0	328
362	3	1	362	3	4	0	328
362	3	2	362	3	3	0	328
362	3	2	362	3	4	0	328
362	3	3	362	3	4	0	328
363	1	1	363	1	2	0	1238
363	1	1	363	1	3	0	1238
363	1	1	363	1	4	0	1238
363	1	2	363	1	3	0	1238
363	1	2	363	1	4	0	1238
363	1	3	363	1	4	0	1238
364	1	1	364	1	2	3	1768
364	1	1	364	1	3	9	1768
364	1	1	364	1	4	6	1768
364	1	2	364	1	3	8	1768
364	1	2	364	1	4	7	1768
364	1	3	364	1	4	8	1768
364	2	1	364	2	2	0	391
364	2	1	364	2	3	0	391
364	2	1	364	2	4	0	391
364	2	2	364	2	3	0	391
364	2	2	364	2	4	0	391
364	2	3	364	2	4	0	391
365	1	1	365	1	2	0	1706
365	1	1	365	1	3	0	1706
365	1	1	365	1	4	0	1706
365	1	2	365	1	3	0	1706
365	1	2	365	1	4	0	1706
365	1	3	365	1	4	0	1706
366	1	1	366	1	2	0	1643
366	1	1	366	1	3	2	1643
366	1	1	366	1	4	6	1643
366	1	2	366	1	3	2	1643
366	1	2	366	1	4	6	1643
366	1	3	366	1	4	4	1643
367	1	1	367	1	2	1	1994
367	1	1	367	1	3	2	1994
367	1	1	367	1	4	2	1994
367	1	2	367	1	3	2	1994
367	1	2	367	1	4	1	1994
367	1	3	367	1	4	1	1994
367	2	1	367	2	2	0	634
367	2	1	367	2	3	0	634
367	2	1	367	2	4	0	634
367	2	2	367	2	3	0	634
367	2	2	367	2	4	0	634
367	2	3	367	2	4	0	634
368	1	1	368	1	2	0	1605
368	1	1	368	1	3	0	1605
368	1	1	368	1	4	0	1605
368	1	2	368	1	3	0	1605
368	1	2	368	1	4	0	1605
368	1	3	368	1	4	0	1605
369	1	1	369	1	2	0	1405
369	1	1	369	1	3	4	1405
369	1	1	369	1	4	4	1405
369	1	2	369	1	3	4	1405
369	1	2	369	1	4	4	1405
369	1	3	369	1	4	0	1405
370	1	1	370	1	2	0	1718
370	1	1	370	1	3	0	1718
370	1	1	370	1	4	0	1718
370	1	2	370	1	3	0	1718
370	1	2	370	1	4	0	1718
370	1	3	370	1	4	0	1718
371	1	1	371	1	2	0	1538
371	1	1	371	1	3	0	1538
371	1	1	371	1	4	0	1538
371	1	2	371	1	3	0	1538
371	1	2	371	1	4	0	1538
371	1	3	371	1	4	0	1538
371	2	1	371	2	2	0	306
371	2	1	371	2	3	0	306
371	2	1	371	2	4	0	306
371	2	2	371	2	3	0	306
371	2	2	371	2	4	0	306
371	2	3	371	2	4	0	306
372	1	1	372	1	2	0	1771
372	1	1	372	1	3	4	1771
372	1	1	372	1	4	4	1771
372	1	2	372	1	3	4	1771
372	1	2	372	1	4	4	1771
372	1	3	372	1	4	0	1771
373	1	1	373	1	2	0	2932
373	1	1	373	1	3	0	2932
373	1	1	373	1	4	0	2932
373	1	2	373	1	3	0	2932
373	1	2	373	1	4	0	2932
373	1	3	373	1	4	0	2932
373	2	1	373	2	2	0	1210
373	2	1	373	2	3	1	1210
373	2	1	373	2	4	1	1210
373	2	2	373	2	3	1	1210
373	2	2	373	2	4	1	1210
373	2	3	373	2	4	0	1210
373	3	1	373	3	2	0	383
373	3	1	373	3	3	0	383
373	3	1	373	3	4	0	383
373	3	2	373	3	3	0	383
373	3	2	373	3	4	0	383
373	3	3	373	3	4	0	383
374	1	1	374	1	2	0	1785
374	1	1	374	1	3	1	1785
374	1	1	374	1	4	2	1785
374	1	2	374	1	3	1	1785
374	1	2	374	1	4	2	1785
374	1	3	374	1	4	1	1785
375	1	1	375	1	2	2	1792
375	1	1	375	1	3	7	1792
375	1	1	375	1	4	9	1792
375	1	2	375	1	3	9	1792
375	1	2	375	1	4	7	1792
375	1	3	375	1	4	2	1792
377	1	1	377	1	2	0	1776
377	1	1	377	1	3	2	1776
377	1	1	377	1	4	2	1776
377	1	2	377	1	3	2	1776
377	1	2	377	1	4	2	1776
377	1	3	377	1	4	0	1776
378	1	1	378	1	2	0	1480
378	1	1	378	1	3	1	1480
378	1	1	378	1	4	1	1480
378	1	2	378	1	3	1	1480
378	1	2	378	1	4	1	1480
378	1	3	378	1	4	0	1480
379	1	1	379	1	2	3	1445
379	1	1	379	1	3	4	1445
379	1	1	379	1	4	5	1445
379	1	2	379	1	3	1	1445
379	1	2	379	1	4	3	1445
379	1	3	379	1	4	2	1445
380	1	1	380	1	2	0	1792
380	1	1	380	1	3	0	1792
380	1	1	380	1	4	1	1792
380	1	2	380	1	3	0	1792
380	1	2	380	1	4	1	1792
380	1	3	380	1	4	1	1792
381	1	1	381	1	2	0	1846
381	1	1	381	1	3	0	1846
381	1	1	381	1	4	0	1846
381	1	2	381	1	3	0	1846
381	1	2	381	1	4	0	1846
381	1	3	381	1	4	0	1846
382	1	1	382	1	2	0	1699
382	1	1	382	1	3	0	1699
382	1	1	382	1	4	0	1699
382	1	2	382	1	3	0	1699
382	1	2	382	1	4	0	1699
382	1	3	382	1	4	0	1699
383	1	1	383	1	2	0	1140
383	1	1	383	1	3	0	1140
383	1	1	383	1	4	0	1140
383	1	2	383	1	3	0	1140
383	1	2	383	1	4	0	1140
383	1	3	383	1	4	0	1140
384	1	1	384	1	2	0	1205
384	1	1	384	1	3	1	1205
384	1	1	384	1	4	1	1205
384	1	2	384	1	3	1	1205
384	1	2	384	1	4	1	1205
384	1	3	384	1	4	0	1205
385	1	1	385	1	2	1	1731
385	1	1	385	1	3	3	1731
385	1	1	385	1	4	3	1731
385	1	2	385	1	3	2	1731
385	1	2	385	1	4	2	1731
385	1	3	385	1	4	0	1731
386	1	1	386	1	2	0	1820
386	1	1	386	1	3	0	1820
386	1	1	386	1	4	0	1820
386	1	2	386	1	3	0	1820
386	1	2	386	1	4	0	1820
386	1	3	386	1	4	0	1820
387	1	1	387	1	2	7	1332
387	1	1	387	1	3	3	1332
387	1	1	387	1	4	2	1332
387	1	2	387	1	3	6	1332
387	1	2	387	1	4	7	1332
387	1	3	387	1	4	1	1332
388	1	1	388	1	2	0	1762
388	1	1	388	1	3	0	1762
388	1	1	388	1	4	0	1762
388	1	2	388	1	3	0	1762
388	1	2	388	1	4	0	1762
388	1	3	388	1	4	0	1762
389	1	1	389	1	2	0	1384
389	1	1	389	1	3	1	1384
389	1	1	389	1	4	1	1384
389	1	2	389	1	3	1	1384
389	1	2	389	1	4	1	1384
389	1	3	389	1	4	0	1384
389	2	1	389	2	2	0	1429
389	2	1	389	2	3	0	1429
389	2	1	389	2	4	0	1429
389	2	2	389	2	3	0	1429
389	2	2	389	2	4	0	1429
389	2	3	389	2	4	0	1429
390	1	1	390	1	2	0	1520
390	1	1	390	1	3	0	1520
390	1	1	390	1	4	0	1520
390	1	2	390	1	3	0	1520
390	1	2	390	1	4	0	1520
390	1	3	390	1	4	0	1520
391	1	1	391	1	2	0	1983
391	1	1	391	1	3	4	1983
391	1	1	391	1	4	4	1983
391	1	2	391	1	3	4	1983
391	1	2	391	1	4	4	1983
391	1	3	391	1	4	0	1983
392	1	1	392	1	2	3	1373
392	1	1	392	1	3	4	1373
392	1	1	392	1	4	5	1373
392	1	2	392	1	3	3	1373
392	1	2	392	1	4	4	1373
392	1	3	392	1	4	1	1373
392	2	1	392	2	2	0	1163
392	2	1	392	2	3	1	1163
392	2	1	392	2	4	1	1163
392	2	2	392	2	3	1	1163
392	2	2	392	2	4	1	1163
392	2	3	392	2	4	0	1163
392	3	1	392	3	2	0	657
392	3	1	392	3	3	0	657
392	3	1	392	3	4	0	657
392	3	2	392	3	3	0	657
392	3	2	392	3	4	0	657
392	3	3	392	3	4	0	657
393	1	1	393	1	2	0	1709
393	1	1	393	1	3	0	1709
393	1	1	393	1	4	0	1709
393	1	2	393	1	3	0	1709
393	1	2	393	1	4	0	1709
393	1	3	393	1	4	0	1709
393	2	1	393	2	2	0	232
393	2	1	393	2	3	0	232
393	2	1	393	2	4	0	232
393	2	2	393	2	3	0	232
393	2	2	393	2	4	0	232
393	2	3	393	2	4	0	232
394	1	1	394	1	2	0	1155
394	1	1	394	1	3	0	1155
394	1	1	394	1	4	0	1155
394	1	2	394	1	3	0	1155
394	1	2	394	1	4	0	1155
394	1	3	394	1	4	0	1155
394	2	1	394	2	2	0	920
394	2	1	394	2	3	2	920
394	2	1	394	2	4	2	920
394	2	2	394	2	3	2	920
394	2	2	394	2	4	2	920
394	2	3	394	2	4	0	920
395	1	1	395	1	2	2	1895
395	1	1	395	1	3	2	1895
395	1	1	395	1	4	4	1895
395	1	2	395	1	3	4	1895
395	1	2	395	1	4	2	1895
395	1	3	395	1	4	2	1895
396	1	1	396	1	2	3	2104
396	1	1	396	1	3	4	2104
396	1	1	396	1	4	4	2104
396	1	2	396	1	3	1	2104
396	1	2	396	1	4	7	2104
396	1	3	396	1	4	6	2104
399	1	1	399	1	2	0	1805
399	1	1	399	1	3	0	1805
399	1	1	399	1	4	0	1805
399	1	2	399	1	3	0	1805
399	1	2	399	1	4	0	1805
399	1	3	399	1	4	0	1805
400	1	1	400	1	2	0	1942
400	1	1	400	1	3	3	1942
400	1	1	400	1	4	3	1942
400	1	2	400	1	3	3	1942
400	1	2	400	1	4	3	1942
400	1	3	400	1	4	0	1942
402	1	1	402	1	2	7	716
402	1	1	402	1	3	7	716
402	1	1	402	1	4	8	716
402	1	2	402	1	3	4	716
402	1	2	402	1	4	3	716
402	1	3	402	1	4	3	716
402	2	1	402	2	2	9	652
402	2	1	402	2	3	6	652
402	2	1	402	2	4	7	652
402	2	2	402	2	3	5	652
402	2	2	402	2	4	4	652
402	2	3	402	2	4	3	652
403	1	1	403	1	2	2	1541
403	1	1	403	1	3	3	1541
403	1	1	403	1	4	3	1541
403	1	2	403	1	3	1	1541
403	1	2	403	1	4	1	1541
403	1	3	403	1	4	0	1541
