1	1	1	1	1	2	0	2157
1	1	1	1	1	3	0	2157
1	1	1	1	1	4	0	2157
1	1	2	1	1	3	0	2157
1	1	2	1	1	4	0	2157
1	1	3	1	1	4	0	2157
2	1	1	2	1	2	621	3583
2	1	1	2	1	3	582	3583
2	1	1	2	1	4	619	3583
2	1	2	2	1	3	602	3583
2	1	2	2	1	4	610	3583
2	1	3	2	1	4	615	3583
3	1	1	3	1	2	4	2011
3	1	1	3	1	3	10	2011
3	1	1	3	1	4	12	2011
3	1	2	3	1	3	12	2011
3	1	2	3	1	4	11	2011
3	1	3	3	1	4	2	2011
3	2	1	3	2	2	0	915
3	2	1	3	2	3	0	915
3	2	1	3	2	4	0	915
3	2	2	3	2	3	0	915
3	2	2	3	2	4	0	915
3	2	3	3	2	4	0	915
4	1	1	4	1	2	0	1944
4	1	1	4	1	3	2	1944
4	1	1	4	1	4	2	1944
4	1	2	4	1	3	2	1944
4	1	2	4	1	4	2	1944
4	1	3	4	1	4	0	1944
5	1	1	5	1	2	2	1403
5	1	1	5	1	3	4	1403
5	1	1	5	1	4	3	1403
5	1	2	5	1	3	6	1403
5	1	2	5	1	4	1	1403
5	1	3	5	1	4	5	1403
5	2	1	5	2	2	2	1202
5	2	1	5	2	3	5	1202
5	2	1	5	2	4	6	1202
5	2	2	5	2	3	6	1202
5	2	2	5	2	4	4	1202
5	2	3	5	2	4	2	1202
5	3	1	5	3	2	10	1150
5	3	1	5	3	3	10	1150
5	3	1	5	3	4	5	1150
5	3	2	5	3	3	3	1150
5	3	2	5	3	4	6	1150
5	3	3	5	3	4	5	1150
5	4	1	5	4	2	0	892
5	4	1	5	4	3	0	892
5	4	1	5	4	4	0	892
5	4	2	5	4	3	0	892
5	4	2	5	4	4	0	892
5	4	3	5	4	4	0	892
5	5	1	5	5	2	0	351
5	5	1	5	5	3	0	351
5	5	1	5	5	4	0	351
5	5	2	5	5	3	0	351
5	5	2	5	5	4	0	351
5	5	3	5	5	4	0	351
5	6	1	5	6	2	0	310
5	6	1	5	6	3	0	310
5	6	1	5	6	4	0	310
5	6	2	5	6	3	0	310
5	6	2	5	6	4	0	310
5	6	3	5	6	4	0	310
7	1	1	7	1	2	0	1914
7	1	1	7	1	3	0	1914
7	1	1	7	1	4	0	1914
7	1	2	7	1	3	0	1914
7	1	2	7	1	4	0	1914
7	1	3	7	1	4	0	1914
8	1	1	8	1	2	0	1864
8	1	1	8	1	3	2	1864
8	1	1	8	1	4	2	1864
8	1	2	8	1	3	2	1864
8	1	2	8	1	4	2	1864
8	1	3	8	1	4	1	1864
9	1	1	9	1	2	0	1896
9	1	1	9	1	3	3	1896
9	1	1	9	1	4	3	1896
9	1	2	9	1	3	3	1896
9	1	2	9	1	4	3	1896
9	1	3	9	1	4	0	1896
10	1	1	10	1	2	1	1298
10	1	1	10	1	3	1	1298
10	1	1	10	1	4	1	1298
10	1	2	10	1	3	2	1298
10	1	2	10	1	4	2	1298
10	1	3	10	1	4	0	1298
11	1	1	11	1	2	0	1507
11	1	1	11	1	3	0	1507
11	1	1	11	1	4	0	1507
11	1	2	11	1	3	0	1507
11	1	2	11	1	4	0	1507
11	1	3	11	1	4	0	1507
11	2	1	11	2	2	0	759
11	2	1	11	2	3	0	759
11	2	1	11	2	4	0	759
11	2	2	11	2	3	0	759
11	2	2	11	2	4	0	759
11	2	3	11	2	4	0	759
11	3	1	11	3	2	0	493
11	3	1	11	3	3	0	493
11	3	1	11	3	4	0	493
11	3	2	11	3	3	0	493
11	3	2	11	3	4	0	493
11	3	3	11	3	4	0	493
11	4	1	11	4	2	0	436
11	4	1	11	4	3	0	436
11	4	1	11	4	4	0	436
11	4	2	11	4	3	0	436
11	4	2	11	4	4	0	436
11	4	3	11	4	4	0	436
12	1	1	12	1	2	7	1940
12	1	1	12	1	3	8	1940
12	1	1	12	1	4	6	1940
12	1	2	12	1	3	12	1940
12	1	2	12	1	4	8	1940
12	1	3	12	1	4	8	1940
13	1	1	13	1	2	10	1398
13	1	1	13	1	3	7	1398
13	1	1	13	1	4	3	1398
13	1	2	13	1	3	7	1398
13	1	2	13	1	4	9	1398
13	1	3	13	1	4	4	1398
13	2	1	13	2	2	0	941
13	2	1	13	2	3	1	941
13	2	1	13	2	4	1	941
13	2	2	13	2	3	1	941
13	2	2	13	2	4	1	941
13	2	3	13	2	4	0	941
14	1	1	14	1	2	1	2013
14	1	1	14	1	3	2	2013
14	1	1	14	1	4	5	2013
14	1	2	14	1	3	3	2013
14	1	2	14	1	4	4	2013
14	1	3	14	1	4	3	2013
15	1	1	15	1	2	2	1861
15	1	1	15	1	3	1	1861
15	1	1	15	1	4	3	1861
15	1	2	15	1	3	3	1861
15	1	2	15	1	4	1	1861
15	1	3	15	1	4	2	1861
16	1	1	16	1	2	0	1671
16	1	1	16	1	3	1	1671
16	1	1	16	1	4	1	1671
16	1	2	16	1	3	1	1671
16	1	2	16	1	4	1	1671
16	1	3	16	1	4	0	1671
17	1	1	17	1	2	1	1825
17	1	1	17	1	3	2	1825
17	1	1	17	1	4	3	1825
17	1	2	17	1	3	3	1825
17	1	2	17	1	4	2	1825
17	1	3	17	1	4	1	1825
17	2	1	17	2	2	0	2034
17	2	1	17	2	3	2	2034
17	2	1	17	2	4	2	2034
17	2	2	17	2	3	2	2034
17	2	2	17	2	4	2	2034
17	2	3	17	2	4	0	2034
18	1	1	18	1	2	0	1469
18	1	1	18	1	3	2	1469
18	1	1	18	1	4	2	1469
18	1	2	18	1	3	2	1469
18	1	2	18	1	4	2	1469
18	1	3	18	1	4	0	1469
19	1	1	19	1	2	1	2099
19	1	1	19	1	3	1	2099
19	1	1	19	1	4	2	2099
19	1	2	19	1	3	2	2099
19	1	2	19	1	4	1	2099
19	1	3	19	1	4	1	2099
19	2	1	19	2	2	0	1794
19	2	1	19	2	3	1	1794
19	2	1	19	2	4	1	1794
19	2	2	19	2	3	1	1794
19	2	2	19	2	4	1	1794
19	2	3	19	2	4	0	1794
19	3	1	19	3	2	2	1809
19	3	1	19	3	3	2	1809
19	3	1	19	3	4	4	1809
19	3	2	19	3	3	4	1809
19	3	2	19	3	4	3	1809
19	3	3	19	3	4	2	1809
19	4	1	19	4	2	0	1692
19	4	1	19	4	3	0	1692
19	4	1	19	4	4	0	1692
19	4	2	19	4	3	0	1692
19	4	2	19	4	4	0	1692
19	4	3	19	4	4	0	1692
19	5	1	19	5	2	0	1991
19	5	1	19	5	3	1	1991
19	5	1	19	5	4	1	1991
19	5	2	19	5	3	1	1991
19	5	2	19	5	4	1	1991
19	5	3	19	5	4	0	1991
19	6	1	19	6	2	6	1775
19	6	1	19	6	3	6	1775
19	6	1	19	6	4	8	1775
19	6	2	19	6	3	5	1775
19	6	2	19	6	4	3	1775
19	6	3	19	6	4	2	1775
19	7	1	19	7	2	0	1113
19	7	1	19	7	3	0	1113
19	7	1	19	7	4	0	1113
19	7	2	19	7	3	0	1113
19	7	2	19	7	4	0	1113
19	7	3	19	7	4	0	1113
19	8	1	19	8	2	0	667
19	8	1	19	8	3	0	667
19	8	1	19	8	4	2	667
19	8	2	19	8	3	0	667
19	8	2	19	8	4	2	667
19	8	3	19	8	4	2	667
20	1	1	20	1	2	3	1841
20	1	1	20	1	3	6	1841
20	1	1	20	1	4	6	1841
20	1	2	20	1	3	3	1841
20	1	2	20	1	4	3	1841
20	1	3	20	1	4	0	1841
20	2	1	20	2	2	2	1585
20	2	1	20	2	3	2	1585
20	2	1	20	2	4	4	1585
20	2	2	20	2	3	4	1585
20	2	2	20	2	4	2	1585
20	2	3	20	2	4	2	1585
20	3	1	20	3	2	0	1597
20	3	1	20	3	3	1	1597
20	3	1	20	3	4	1	1597
20	3	2	20	3	3	1	1597
20	3	2	20	3	4	1	1597
20	3	3	20	3	4	0	1597
21	1	1	21	1	2	1	1370
21	1	1	21	1	3	2	1370
21	1	1	21	1	4	11	1370
21	1	2	21	1	3	1	1370
21	1	2	21	1	4	12	1370
21	1	3	21	1	4	12	1370
22	1	1	22	1	2	0	1997
22	1	1	22	1	3	7	1997
22	1	1	22	1	4	6	1997
22	1	2	22	1	3	7	1997
22	1	2	22	1	4	6	1997
22	1	3	22	1	4	1	1997
23	1	1	23	1	2	0	2154
23	1	1	23	1	3	2	2154
23	1	1	23	1	4	2	2154
23	1	2	23	1	3	2	2154
23	1	2	23	1	4	2	2154
23	1	3	23	1	4	0	2154
24	1	1	24	1	2	0	1727
24	1	1	24	1	3	0	1727
24	1	1	24	1	4	0	1727
24	1	2	24	1	3	0	1727
24	1	2	24	1	4	0	1727
24	1	3	24	1	4	0	1727
25	1	1	25	1	2	2	1615
25	1	1	25	1	3	1	1615
25	1	1	25	1	4	3	1615
25	1	2	25	1	3	3	1615
25	1	2	25	1	4	1	1615
25	1	3	25	1	4	2	1615
26	1	1	26	1	2	158	2269
26	1	1	26	1	3	146	2269
26	1	1	26	1	4	156	2269
26	1	2	26	1	3	157	2269
26	1	2	26	1	4	146	2269
26	1	3	26	1	4	148	2269
27	1	1	27	1	2	1	1297
27	1	1	27	1	3	3	1297
27	1	1	27	1	4	3	1297
27	1	2	27	1	3	2	1297
27	1	2	27	1	4	3	1297
27	1	3	27	1	4	1	1297
28	1	1	28	1	2	0	1935
28	1	1	28	1	3	1	1935
28	1	1	28	1	4	1	1935
28	1	2	28	1	3	1	1935
28	1	2	28	1	4	1	1935
28	1	3	28	1	4	0	1935
29	1	1	29	1	2	3	2081
29	1	1	29	1	3	6	2081
29	1	1	29	1	4	9	2081
29	1	2	29	1	3	9	2081
29	1	2	29	1	4	6	2081
29	1	3	29	1	4	3	2081
30	1	1	30	1	2	1	1010
30	1	1	30	1	3	3	1010
30	1	1	30	1	4	2	1010
30	1	2	30	1	3	2	1010
30	1	2	30	1	4	3	1010
30	1	3	30	1	4	3	1010
31	1	1	31	1	2	0	1813
31	1	1	31	1	3	0	1813
31	1	1	31	1	4	0	1813
31	1	2	31	1	3	0	1813
31	1	2	31	1	4	0	1813
31	1	3	31	1	4	0	1813
32	1	1	32	1	2	27	1781
32	1	1	32	1	3	47	1781
32	1	1	32	1	4	70	1781
32	1	2	32	1	3	50	1781
32	1	2	32	1	4	58	1781
32	1	3	32	1	4	47	1781
33	1	1	33	1	2	0	1643
33	1	1	33	1	3	2	1643
33	1	1	33	1	4	2	1643
33	1	2	33	1	3	2	1643
33	1	2	33	1	4	2	1643
33	1	3	33	1	4	0	1643
33	2	1	33	2	2	0	715
33	2	1	33	2	3	0	715
33	2	1	33	2	4	0	715
33	2	2	33	2	3	0	715
33	2	2	33	2	4	0	715
33	2	3	33	2	4	0	715
34	1	1	34	1	2	0	1069
34	1	1	34	1	3	1	1069
34	1	1	34	1	4	1	1069
34	1	2	34	1	3	1	1069
34	1	2	34	1	4	1	1069
34	1	3	34	1	4	0	1069
35	1	1	35	1	2	0	1789
35	1	1	35	1	3	0	1789
35	1	1	35	1	4	0	1789
35	1	2	35	1	3	0	1789
35	1	2	35	1	4	0	1789
35	1	3	35	1	4	0	1789
36	1	1	36	1	2	5	1948
36	1	1	36	1	3	5	1948
36	1	1	36	1	4	8	1948
36	1	2	36	1	3	10	1948
36	1	2	36	1	4	3	1948
36	1	3	36	1	4	11	1948
37	1	1	37	1	2	1	1137
37	1	1	37	1	3	4	1137
37	1	1	37	1	4	4	1137
37	1	2	37	1	3	4	1137
37	1	2	37	1	4	3	1137
37	1	3	37	1	4	1	1137
38	1	1	38	1	2	0	1477
38	1	1	38	1	3	1	1477
38	1	1	38	1	4	1	1477
38	1	2	38	1	3	1	1477
38	1	2	38	1	4	1	1477
38	1	3	38	1	4	0	1477
39	1	1	39	1	2	36	2005
39	1	1	39	1	3	34	2005
39	1	1	39	1	4	35	2005
39	1	2	39	1	3	36	2005
39	1	2	39	1	4	26	2005
39	1	3	39	1	4	31	2005
40	1	1	40	1	2	0	1950
40	1	1	40	1	3	0	1950
40	1	1	40	1	4	0	1950
40	1	2	40	1	3	0	1950
40	1	2	40	1	4	0	1950
40	1	3	40	1	4	0	1950
40	2	1	40	2	2	0	1005
40	2	1	40	2	3	1	1005
40	2	1	40	2	4	1	1005
40	2	2	40	2	3	1	1005
40	2	2	40	2	4	1	1005
40	2	3	40	2	4	0	1005
40	3	1	40	3	2	0	913
40	3	1	40	3	3	2	913
40	3	1	40	3	4	2	913
40	3	2	40	3	3	2	913
40	3	2	40	3	4	2	913
40	3	3	40	3	4	0	913
41	1	1	41	1	2	0	2108
41	1	1	41	1	3	1	2108
41	1	1	41	1	4	1	2108
41	1	2	41	1	3	1	2108
41	1	2	41	1	4	1	2108
41	1	3	41	1	4	0	2108
42	1	1	42	1	2	1111	2009
42	1	1	42	1	3	1085	2009
42	1	1	42	1	4	1081	2009
42	1	2	42	1	3	1089	2009
42	1	2	42	1	4	1058	2009
42	1	3	42	1	4	1075	2009
42	2	1	42	2	2	0	974
42	2	1	42	2	3	3	974
42	2	1	42	2	4	3	974
42	2	2	42	2	3	3	974
42	2	2	42	2	4	3	974
42	2	3	42	2	4	0	974
43	1	1	43	1	2	3	2005
43	1	1	43	1	3	4	2005
43	1	1	43	1	4	8	2005
43	1	2	43	1	3	7	2005
43	1	2	43	1	4	5	2005
43	1	3	43	1	4	4	2005
43	2	1	43	2	2	0	905
43	2	1	43	2	3	1	905
43	2	1	43	2	4	1	905
43	2	2	43	2	3	1	905
43	2	2	43	2	4	1	905
43	2	3	43	2	4	0	905
44	1	1	44	1	2	6	1913
44	1	1	44	1	3	2	1913
44	1	1	44	1	4	6	1913
44	1	2	44	1	3	5	1913
44	1	2	44	1	4	1	1913
44	1	3	44	1	4	4	1913
44	2	1	44	2	2	0	719
44	2	1	44	2	3	0	719
44	2	1	44	2	4	0	719
44	2	2	44	2	3	0	719
44	2	2	44	2	4	0	719
44	2	3	44	2	4	0	719
46	1	1	46	1	2	0	1894
46	1	1	46	1	3	0	1894
46	1	1	46	1	4	0	1894
46	1	2	46	1	3	0	1894
46	1	2	46	1	4	0	1894
46	1	3	46	1	4	0	1894
47	1	1	47	1	2	0	1844
47	1	1	47	1	3	0	1844
47	1	1	47	1	4	0	1844
47	1	2	47	1	3	0	1844
47	1	2	47	1	4	0	1844
47	1	3	47	1	4	0	1844
48	1	1	48	1	2	0	1721
48	1	1	48	1	3	0	1721
48	1	1	48	1	4	0	1721
48	1	2	48	1	3	0	1721
48	1	2	48	1	4	0	1721
48	1	3	48	1	4	0	1721
49	1	1	49	1	2	0	2005
49	1	1	49	1	3	2	2005
49	1	1	49	1	4	1	2005
49	1	2	49	1	3	2	2005
49	1	2	49	1	4	1	2005
49	1	3	49	1	4	3	2005
50	1	1	50	1	2	0	1930
50	1	1	50	1	3	1	1930
50	1	1	50	1	4	1	1930
50	1	2	50	1	3	1	1930
50	1	2	50	1	4	1	1930
50	1	3	50	1	4	0	1930
51	1	1	51	1	2	11	1966
51	1	1	51	1	3	7	1966
51	1	1	51	1	4	9	1966
51	1	2	51	1	3	4	1966
51	1	2	51	1	4	2	1966
51	1	3	51	1	4	6	1966
52	1	1	52	1	2	3	2039
52	1	1	52	1	3	2	2039
52	1	1	52	1	4	5	2039
52	1	2	52	1	3	5	2039
52	1	2	52	1	4	2	2039
52	1	3	52	1	4	3	2039
54	1	1	54	1	2	287	2197
54	1	1	54	1	3	312	2197
54	1	1	54	1	4	304	2197
54	1	2	54	1	3	290	2197
54	1	2	54	1	4	299	2197
54	1	3	54	1	4	283	2197
55	1	1	55	1	2	0	1762
55	1	1	55	1	3	2	1762
55	1	1	55	1	4	2	1762
55	1	2	55	1	3	2	1762
55	1	2	55	1	4	2	1762
55	1	3	55	1	4	0	1762
55	2	1	55	2	2	0	1163
55	2	1	55	2	3	1	1163
55	2	1	55	2	4	1	1163
55	2	2	55	2	3	1	1163
55	2	2	55	2	4	1	1163
55	2	3	55	2	4	0	1163
56	1	1	56	1	2	0	1767
56	1	1	56	1	3	3	1767
56	1	1	56	1	4	3	1767
56	1	2	56	1	3	3	1767
56	1	2	56	1	4	3	1767
56	1	3	56	1	4	0	1767
57	1	1	57	1	2	390	2339
57	1	1	57	1	3	371	2339
57	1	1	57	1	4	377	2339
57	1	2	57	1	3	387	2339
57	1	2	57	1	4	367	2339
57	1	3	57	1	4	386	2339
58	1	1	58	1	2	0	1755
58	1	1	58	1	3	1	1755
58	1	1	58	1	4	1	1755
58	1	2	58	1	3	1	1755
58	1	2	58	1	4	1	1755
58	1	3	58	1	4	0	1755
60	1	1	60	1	2	8	2107
60	1	1	60	1	3	12	2107
60	1	1	60	1	4	9	2107
60	1	2	60	1	3	8	2107
60	1	2	60	1	4	5	2107
60	1	3	60	1	4	13	2107
61	1	1	61	1	2	1	2115
61	1	1	61	1	3	1	2115
61	1	1	61	1	4	1	2115
61	1	2	61	1	3	2	2115
61	1	2	61	1	4	2	2115
61	1	3	61	1	4	0	2115
62	1	1	62	1	2	0	1954
62	1	1	62	1	3	0	1954
62	1	1	62	1	4	0	1954
62	1	2	62	1	3	0	1954
62	1	2	62	1	4	0	1954
62	1	3	62	1	4	0	1954
63	1	1	63	1	2	0	1968
63	1	1	63	1	3	1	1968
63	1	1	63	1	4	1	1968
63	1	2	63	1	3	1	1968
63	1	2	63	1	4	1	1968
63	1	3	63	1	4	0	1968
64	1	1	64	1	2	0	1965
64	1	1	64	1	3	0	1965
64	1	1	64	1	4	0	1965
64	1	2	64	1	3	0	1965
64	1	2	64	1	4	0	1965
64	1	3	64	1	4	0	1965
65	1	1	65	1	2	0	2254
65	1	1	65	1	3	0	2254
65	1	1	65	1	4	0	2254
65	1	2	65	1	3	0	2254
65	1	2	65	1	4	0	2254
65	1	3	65	1	4	0	2254
65	2	1	65	2	2	0	1001
65	2	1	65	2	3	0	1001
65	2	1	65	2	4	0	1001
65	2	2	65	2	3	0	1001
65	2	2	65	2	4	0	1001
65	2	3	65	2	4	0	1001
65	3	1	65	3	2	0	376
65	3	1	65	3	3	0	376
65	3	1	65	3	4	0	376
65	3	2	65	3	3	0	376
65	3	2	65	3	4	0	376
65	3	3	65	3	4	0	376
66	1	1	66	1	2	0	1095
66	1	1	66	1	3	0	1095
66	1	1	66	1	4	0	1095
66	1	2	66	1	3	0	1095
66	1	2	66	1	4	0	1095
66	1	3	66	1	4	0	1095
67	1	1	67	1	2	0	2041
67	1	1	67	1	3	0	2041
67	1	1	67	1	4	0	2041
67	1	2	67	1	3	0	2041
67	1	2	67	1	4	0	2041
67	1	3	67	1	4	0	2041
68	1	1	68	1	2	0	1445
68	1	1	68	1	3	0	1445
68	1	1	68	1	4	0	1445
68	1	2	68	1	3	0	1445
68	1	2	68	1	4	0	1445
68	1	3	68	1	4	0	1445
68	2	1	68	2	2	0	1575
68	2	1	68	2	3	2	1575
68	2	1	68	2	4	2	1575
68	2	2	68	2	3	2	1575
68	2	2	68	2	4	2	1575
68	2	3	68	2	4	0	1575
69	1	1	69	1	2	0	2187
69	1	1	69	1	3	1	2187
69	1	1	69	1	4	1	2187
69	1	2	69	1	3	1	2187
69	1	2	69	1	4	1	2187
69	1	3	69	1	4	0	2187
69	2	1	69	2	2	1	1343
69	2	1	69	2	3	1	1343
69	2	1	69	2	4	1	1343
69	2	2	69	2	3	0	1343
69	2	2	69	2	4	0	1343
69	2	3	69	2	4	0	1343
69	3	1	69	3	2	0	1135
69	3	1	69	3	3	0	1135
69	3	1	69	3	4	0	1135
69	3	2	69	3	3	0	1135
69	3	2	69	3	4	0	1135
69	3	3	69	3	4	0	1135
70	1	1	70	1	2	0	1827
70	1	1	70	1	3	0	1827
70	1	1	70	1	4	0	1827
70	1	2	70	1	3	0	1827
70	1	2	70	1	4	0	1827
70	1	3	70	1	4	0	1827
71	1	1	71	1	2	0	1383
71	1	1	71	1	3	0	1383
71	1	1	71	1	4	0	1383
71	1	2	71	1	3	0	1383
71	1	2	71	1	4	0	1383
71	1	3	71	1	4	0	1383
72	1	1	72	1	2	0	1567
72	1	1	72	1	3	1	1567
72	1	1	72	1	4	1	1567
72	1	2	72	1	3	1	1567
72	1	2	72	1	4	1	1567
72	1	3	72	1	4	0	1567
73	1	1	73	1	2	0	1956
73	1	1	73	1	3	0	1956
73	1	1	73	1	4	0	1956
73	1	2	73	1	3	0	1956
73	1	2	73	1	4	0	1956
73	1	3	73	1	4	0	1956
74	1	1	74	1	2	0	736
74	1	1	74	1	3	1	736
74	1	1	74	1	4	1	736
74	1	2	74	1	3	1	736
74	1	2	74	1	4	1	736
74	1	3	74	1	4	0	736
74	2	1	74	2	2	0	876
74	2	1	74	2	3	0	876
74	2	1	74	2	4	0	876
74	2	2	74	2	3	0	876
74	2	2	74	2	4	0	876
74	2	3	74	2	4	0	876
75	1	1	75	1	2	1	1793
75	1	1	75	1	3	2	1793
75	1	1	75	1	4	2	1793
75	1	2	75	1	3	2	1793
75	1	2	75	1	4	2	1793
75	1	3	75	1	4	0	1793
75	2	1	75	2	2	11	803
75	2	1	75	2	3	25	803
75	2	1	75	2	4	22	803
75	2	2	75	2	3	21	803
75	2	2	75	2	4	18	803
75	2	3	75	2	4	12	803
76	1	1	76	1	2	0	1971
76	1	1	76	1	3	0	1971
76	1	1	76	1	4	0	1971
76	1	2	76	1	3	0	1971
76	1	2	76	1	4	0	1971
76	1	3	76	1	4	0	1971
78	1	1	78	1	2	0	1635
78	1	1	78	1	3	3	1635
78	1	1	78	1	4	3	1635
78	1	2	78	1	3	3	1635
78	1	2	78	1	4	3	1635
78	1	3	78	1	4	0	1635
78	2	1	78	2	2	4	630
78	2	1	78	2	3	3	630
78	2	1	78	2	4	4	630
78	2	2	78	2	3	2	630
78	2	2	78	2	4	2	630
78	2	3	78	2	4	1	630
80	1	1	80	1	2	1	1180
80	1	1	80	1	3	2	1180
80	1	1	80	1	4	2	1180
80	1	2	80	1	3	3	1180
80	1	2	80	1	4	3	1180
80	1	3	80	1	4	0	1180
81	1	1	81	1	2	1	1838
81	1	1	81	1	3	1	1838
81	1	1	81	1	4	5	1838
81	1	2	81	1	3	2	1838
81	1	2	81	1	4	4	1838
81	1	3	81	1	4	4	1838
82	1	1	82	1	2	3	1819
82	1	1	82	1	3	3	1819
82	1	1	82	1	4	1	1819
82	1	2	82	1	3	0	1819
82	1	2	82	1	4	4	1819
82	1	3	82	1	4	4	1819
83	1	1	83	1	2	0	1471
83	1	1	83	1	3	1	1471
83	1	1	83	1	4	1	1471
83	1	2	83	1	3	1	1471
83	1	2	83	1	4	1	1471
83	1	3	83	1	4	0	1471
84	1	1	84	1	2	0	2060
84	1	1	84	1	3	0	2060
84	1	1	84	1	4	0	2060
84	1	2	84	1	3	0	2060
84	1	2	84	1	4	0	2060
84	1	3	84	1	4	0	2060
84	2	1	84	2	2	0	1638
84	2	1	84	2	3	0	1638
84	2	1	84	2	4	0	1638
84	2	2	84	2	3	0	1638
84	2	2	84	2	4	0	1638
84	2	3	84	2	4	0	1638
84	3	1	84	3	2	0	1049
84	3	1	84	3	3	0	1049
84	3	1	84	3	4	0	1049
84	3	2	84	3	3	0	1049
84	3	2	84	3	4	0	1049
84	3	3	84	3	4	0	1049
85	1	1	85	1	2	3	1446
85	1	1	85	1	3	1	1446
85	1	1	85	1	4	4	1446
85	1	2	85	1	3	4	1446
85	1	2	85	1	4	1	1446
85	1	3	85	1	4	3	1446
86	1	1	86	1	2	6	2283
86	1	1	86	1	3	3	2283
86	1	1	86	1	4	6	2283
86	1	2	86	1	3	3	2283
86	1	2	86	1	4	2	2283
86	1	3	86	1	4	5	2283
88	1	1	88	1	2	0	1076
88	1	1	88	1	3	3	1076
88	1	1	88	1	4	3	1076
88	1	2	88	1	3	3	1076
88	1	2	88	1	4	3	1076
88	1	3	88	1	4	0	1076
88	2	1	88	2	2	0	1068
88	2	1	88	2	3	2	1068
88	2	1	88	2	4	2	1068
88	2	2	88	2	3	2	1068
88	2	2	88	2	4	2	1068
88	2	3	88	2	4	0	1068
88	3	1	88	3	2	0	886
88	3	1	88	3	3	1	886
88	3	1	88	3	4	1	886
88	3	2	88	3	3	1	886
88	3	2	88	3	4	1	886
88	3	3	88	3	4	0	886
88	4	1	88	4	2	0	725
88	4	1	88	4	3	0	725
88	4	1	88	4	4	0	725
88	4	2	88	4	3	0	725
88	4	2	88	4	4	0	725
88	4	3	88	4	4	0	725
88	5	1	88	5	2	0	626
88	5	1	88	5	3	0	626
88	5	1	88	5	4	4	626
88	5	2	88	5	3	0	626
88	5	2	88	5	4	4	626
88	5	3	88	5	4	4	626
88	6	1	88	6	2	0	428
88	6	1	88	6	3	0	428
88	6	1	88	6	4	0	428
88	6	2	88	6	3	0	428
88	6	2	88	6	4	0	428
88	6	3	88	6	4	0	428
89	1	1	89	1	2	10	1905
89	1	1	89	1	3	10	1905
89	1	1	89	1	4	11	1905
89	1	2	89	1	3	10	1905
89	1	2	89	1	4	14	1905
89	1	3	89	1	4	5	1905
90	1	1	90	1	2	0	1926
90	1	1	90	1	3	0	1926
90	1	1	90	1	4	0	1926
90	1	2	90	1	3	0	1926
90	1	2	90	1	4	0	1926
90	1	3	90	1	4	0	1926
91	1	1	91	1	2	8	1964
91	1	1	91	1	3	3	1964
91	1	1	91	1	4	11	1964
91	1	2	91	1	3	11	1964
91	1	2	91	1	4	3	1964
91	1	3	91	1	4	8	1964
92	1	1	92	1	2	111	1999
92	1	1	92	1	3	110	1999
92	1	1	92	1	4	103	1999
92	1	2	92	1	3	120	1999
92	1	2	92	1	4	116	1999
92	1	3	92	1	4	119	1999
93	1	1	93	1	2	0	1587
93	1	1	93	1	3	0	1587
93	1	1	93	1	4	0	1587
93	1	2	93	1	3	0	1587
93	1	2	93	1	4	0	1587
93	1	3	93	1	4	0	1587
94	1	1	94	1	2	0	1846
94	1	1	94	1	3	8	1846
94	1	1	94	1	4	8	1846
94	1	2	94	1	3	8	1846
94	1	2	94	1	4	8	1846
94	1	3	94	1	4	0	1846
95	1	1	95	1	2	0	2149
95	1	1	95	1	3	0	2149
95	1	1	95	1	4	0	2149
95	1	2	95	1	3	0	2149
95	1	2	95	1	4	0	2149
95	1	3	95	1	4	0	2149
96	1	1	96	1	2	1	1656
96	1	1	96	1	3	2	1656
96	1	1	96	1	4	3	1656
96	1	2	96	1	3	3	1656
96	1	2	96	1	4	2	1656
96	1	3	96	1	4	1	1656
96	2	1	96	2	2	0	961
96	2	1	96	2	3	0	961
96	2	1	96	2	4	0	961
96	2	2	96	2	3	0	961
96	2	2	96	2	4	0	961
96	2	3	96	2	4	0	961
98	1	1	98	1	2	0	2007
98	1	1	98	1	3	0	2007
98	1	1	98	1	4	0	2007
98	1	2	98	1	3	0	2007
98	1	2	98	1	4	0	2007
98	1	3	98	1	4	0	2007
98	2	1	98	2	2	0	962
98	2	1	98	2	3	0	962
98	2	1	98	2	4	0	962
98	2	2	98	2	3	0	962
98	2	2	98	2	4	0	962
98	2	3	98	2	4	0	962
99	1	1	99	1	2	0	1721
99	1	1	99	1	3	0	1721
99	1	1	99	1	4	0	1721
99	1	2	99	1	3	0	1721
99	1	2	99	1	4	0	1721
99	1	3	99	1	4	0	1721
100	1	1	100	1	2	0	1978
100	1	1	100	1	3	6	1978
100	1	1	100	1	4	11	1978
100	1	2	100	1	3	6	1978
100	1	2	100	1	4	11	1978
100	1	3	100	1	4	5	1978
101	1	1	101	1	2	4	2097
101	1	1	101	1	3	2	2097
101	1	1	101	1	4	3	2097
101	1	2	101	1	3	2	2097
101	1	2	101	1	4	3	2097
101	1	3	101	1	4	5	2097
102	1	1	102	1	2	0	2134
102	1	1	102	1	3	0	2134
102	1	1	102	1	4	0	2134
102	1	2	102	1	3	0	2134
102	1	2	102	1	4	0	2134
102	1	3	102	1	4	0	2134
102	2	1	102	2	2	0	711
102	2	1	102	2	3	0	711
102	2	1	102	2	4	0	711
102	2	2	102	2	3	0	711
102	2	2	102	2	4	0	711
102	2	3	102	2	4	0	711
103	1	1	103	1	2	0	1458
103	1	1	103	1	3	3	1458
103	1	1	103	1	4	3	1458
103	1	2	103	1	3	3	1458
103	1	2	103	1	4	3	1458
103	1	3	103	1	4	0	1458
104	1	1	104	1	2	51	1715
104	1	1	104	1	3	74	1715
104	1	1	104	1	4	58	1715
104	1	2	104	1	3	60	1715
104	1	2	104	1	4	51	1715
104	1	3	104	1	4	53	1715
104	2	1	104	2	2	2	1277
104	2	1	104	2	3	2	1277
104	2	1	104	2	4	2	1277
104	2	2	104	2	3	0	1277
104	2	2	104	2	4	0	1277
104	2	3	104	2	4	0	1277
105	1	1	105	1	2	6	1682
105	1	1	105	1	3	7	1682
105	1	1	105	1	4	7	1682
105	1	2	105	1	3	5	1682
105	1	2	105	1	4	6	1682
105	1	3	105	1	4	3	1682
107	1	1	107	1	2	6	1576
107	1	1	107	1	3	3	1576
107	1	1	107	1	4	7	1576
107	1	2	107	1	3	6	1576
107	1	2	107	1	4	2	1576
107	1	3	107	1	4	8	1576
108	1	1	108	1	2	0	1149
108	1	1	108	1	3	4	1149
108	1	1	108	1	4	4	1149
108	1	2	108	1	3	4	1149
108	1	2	108	1	4	4	1149
108	1	3	108	1	4	0	1149
108	2	1	108	2	2	0	1113
108	2	1	108	2	3	1	1113
108	2	1	108	2	4	1	1113
108	2	2	108	2	3	1	1113
108	2	2	108	2	4	1	1113
108	2	3	108	2	4	0	1113
109	1	1	109	1	2	0	1455
109	1	1	109	1	3	2	1455
109	1	1	109	1	4	2	1455
109	1	2	109	1	3	2	1455
109	1	2	109	1	4	2	1455
109	1	3	109	1	4	0	1455
110	1	1	110	1	2	4	2087
110	1	1	110	1	3	6	2087
110	1	1	110	1	4	9	2087
110	1	2	110	1	3	10	2087
110	1	2	110	1	4	10	2087
110	1	3	110	1	4	3	2087
111	1	1	111	1	2	2	1192
111	1	1	111	1	3	2	1192
111	1	1	111	1	4	5	1192
111	1	2	111	1	3	4	1192
111	1	2	111	1	4	3	1192
111	1	3	111	1	4	3	1192
112	1	1	112	1	2	0	1630
112	1	1	112	1	3	4	1630
112	1	1	112	1	4	4	1630
112	1	2	112	1	3	4	1630
112	1	2	112	1	4	4	1630
112	1	3	112	1	4	0	1630
113	1	1	113	1	2	0	1166
113	1	1	113	1	3	0	1166
113	1	1	113	1	4	0	1166
113	1	2	113	1	3	0	1166
113	1	2	113	1	4	0	1166
113	1	3	113	1	4	0	1166
114	1	1	114	1	2	0	1660
114	1	1	114	1	3	4	1660
114	1	1	114	1	4	4	1660
114	1	2	114	1	3	4	1660
114	1	2	114	1	4	4	1660
114	1	3	114	1	4	0	1660
115	1	1	115	1	2	60	2053
115	1	1	115	1	3	53	2053
115	1	1	115	1	4	80	2053
115	1	2	115	1	3	61	2053
115	1	2	115	1	4	63	2053
115	1	3	115	1	4	63	2053
118	1	1	118	1	2	1	1947
118	1	1	118	1	3	1	1947
118	1	1	118	1	4	2	1947
118	1	2	118	1	3	2	1947
118	1	2	118	1	4	1	1947
118	1	3	118	1	4	1	1947
119	1	1	119	1	2	6	1989
119	1	1	119	1	3	3	1989
119	1	1	119	1	4	10	1989
119	1	2	119	1	3	5	1989
119	1	2	119	1	4	4	1989
119	1	3	119	1	4	7	1989
121	1	1	121	1	2	2	1664
121	1	1	121	1	3	1	1664
121	1	1	121	1	4	3	1664
121	1	2	121	1	3	3	1664
121	1	2	121	1	4	1	1664
121	1	3	121	1	4	2	1664
122	1	1	122	1	2	3	1993
122	1	1	122	1	3	2	1993
122	1	1	122	1	4	3	1993
122	1	2	122	1	3	3	1993
122	1	2	122	1	4	2	1993
122	1	3	122	1	4	3	1993
123	1	1	123	1	2	0	1454
123	1	1	123	1	3	1	1454
123	1	1	123	1	4	1	1454
123	1	2	123	1	3	1	1454
123	1	2	123	1	4	1	1454
123	1	3	123	1	4	0	1454
124	1	1	124	1	2	0	2057
124	1	1	124	1	3	9	2057
124	1	1	124	1	4	9	2057
124	1	2	124	1	3	9	2057
124	1	2	124	1	4	9	2057
124	1	3	124	1	4	0	2057
125	1	1	125	1	2	0	1996
125	1	1	125	1	3	0	1996
125	1	1	125	1	4	0	1996
125	1	2	125	1	3	0	1996
125	1	2	125	1	4	0	1996
125	1	3	125	1	4	0	1996
126	1	1	126	1	2	0	2715
126	1	1	126	1	3	2	2715
126	1	1	126	1	4	2	2715
126	1	2	126	1	3	2	2715
126	1	2	126	1	4	2	2715
126	1	3	126	1	4	0	2715
127	1	1	127	1	2	0	1620
127	1	1	127	1	3	1	1620
127	1	1	127	1	4	1	1620
127	1	2	127	1	3	1	1620
127	1	2	127	1	4	1	1620
127	1	3	127	1	4	0	1620
128	1	1	128	1	2	0	2048
128	1	1	128	1	3	0	2048
128	1	1	128	1	4	0	2048
128	1	2	128	1	3	0	2048
128	1	2	128	1	4	0	2048
128	1	3	128	1	4	0	2048
129	1	1	129	1	2	97	2160
129	1	1	129	1	3	111	2160
129	1	1	129	1	4	103	2160
129	1	2	129	1	3	78	2160
129	1	2	129	1	4	76	2160
129	1	3	129	1	4	58	2160
130	1	1	130	1	2	0	2365
130	1	1	130	1	3	0	2365
130	1	1	130	1	4	0	2365
130	1	2	130	1	3	0	2365
130	1	2	130	1	4	0	2365
130	1	3	130	1	4	0	2365
131	1	1	131	1	2	0	1525
131	1	1	131	1	3	0	1525
131	1	1	131	1	4	1	1525
131	1	2	131	1	3	0	1525
131	1	2	131	1	4	1	1525
131	1	3	131	1	4	1	1525
132	1	1	132	1	2	0	1537
132	1	1	132	1	3	2	1537
132	1	1	132	1	4	5	1537
132	1	2	132	1	3	2	1537
132	1	2	132	1	4	5	1537
132	1	3	132	1	4	4	1537
133	1	1	133	1	2	0	1368
133	1	1	133	1	3	0	1368
133	1	1	133	1	4	0	1368
133	1	2	133	1	3	0	1368
133	1	2	133	1	4	0	1368
133	1	3	133	1	4	0	1368
135	1	1	135	1	2	0	2365
135	1	1	135	1	3	0	2365
135	1	1	135	1	4	0	2365
135	1	2	135	1	3	0	2365
135	1	2	135	1	4	0	2365
135	1	3	135	1	4	0	2365
136	1	1	136	1	2	0	1650
136	1	1	136	1	3	0	1650
136	1	1	136	1	4	0	1650
136	1	2	136	1	3	0	1650
136	1	2	136	1	4	0	1650
136	1	3	136	1	4	0	1650
137	1	1	137	1	2	13	2003
137	1	1	137	1	3	11	2003
137	1	1	137	1	4	10	2003
137	1	2	137	1	3	14	2003
137	1	2	137	1	4	15	2003
137	1	3	137	1	4	7	2003
137	2	1	137	2	2	0	1583
137	2	1	137	2	3	0	1583
137	2	1	137	2	4	0	1583
137	2	2	137	2	3	0	1583
137	2	2	137	2	4	0	1583
137	2	3	137	2	4	0	1583
140	1	1	140	1	2	0	1785
140	1	1	140	1	3	5	1785
140	1	1	140	1	4	5	1785
140	1	2	140	1	3	5	1785
140	1	2	140	1	4	5	1785
140	1	3	140	1	4	0	1785
141	1	1	141	1	2	2	1924
141	1	1	141	1	3	2	1924
141	1	1	141	1	4	4	1924
141	1	2	141	1	3	4	1924
141	1	2	141	1	4	2	1924
141	1	3	141	1	4	3	1924
143	1	1	143	1	2	0	1999
143	1	1	143	1	3	2	1999
143	1	1	143	1	4	2	1999
143	1	2	143	1	3	2	1999
143	1	2	143	1	4	2	1999
143	1	3	143	1	4	0	1999
144	1	1	144	1	2	0	1851
144	1	1	144	1	3	0	1851
144	1	1	144	1	4	0	1851
144	1	2	144	1	3	0	1851
144	1	2	144	1	4	0	1851
144	1	3	144	1	4	0	1851
145	1	1	145	1	2	0	1958
145	1	1	145	1	3	2	1958
145	1	1	145	1	4	2	1958
145	1	2	145	1	3	2	1958
145	1	2	145	1	4	2	1958
145	1	3	145	1	4	0	1958
146	1	1	146	1	2	6	2322
146	1	1	146	1	3	7	2322
146	1	1	146	1	4	3	2322
146	1	2	146	1	3	2	2322
146	1	2	146	1	4	6	2322
146	1	3	146	1	4	4	2322
147	1	1	147	1	2	0	1019
147	1	1	147	1	3	0	1019
147	1	1	147	1	4	0	1019
147	1	2	147	1	3	0	1019
147	1	2	147	1	4	0	1019
147	1	3	147	1	4	0	1019
149	1	1	149	1	2	0	1286
149	1	1	149	1	3	0	1286
149	1	1	149	1	4	0	1286
149	1	2	149	1	3	0	1286
149	1	2	149	1	4	0	1286
149	1	3	149	1	4	0	1286
149	2	1	149	2	2	8	1130
149	2	1	149	2	3	8	1130
149	2	1	149	2	4	1	1130
149	2	2	149	2	3	0	1130
149	2	2	149	2	4	7	1130
149	2	3	149	2	4	7	1130
149	3	1	149	3	2	0	1162
149	3	1	149	3	3	0	1162
149	3	1	149	3	4	0	1162
149	3	2	149	3	3	0	1162
149	3	2	149	3	4	0	1162
149	3	3	149	3	4	0	1162
150	1	1	150	1	2	0	1652
150	1	1	150	1	3	3	1652
150	1	1	150	1	4	3	1652
150	1	2	150	1	3	3	1652
150	1	2	150	1	4	3	1652
150	1	3	150	1	4	0	1652
151	1	1	151	1	2	0	1788
151	1	1	151	1	3	0	1788
151	1	1	151	1	4	0	1788
151	1	2	151	1	3	0	1788
151	1	2	151	1	4	0	1788
151	1	3	151	1	4	0	1788
151	2	1	151	2	2	0	1313
151	2	1	151	2	3	5	1313
151	2	1	151	2	4	5	1313
151	2	2	151	2	3	5	1313
151	2	2	151	2	4	5	1313
151	2	3	151	2	4	0	1313
151	3	1	151	3	2	0	200
151	3	1	151	3	3	0	200
151	3	1	151	3	4	0	200
151	3	2	151	3	3	0	200
151	3	2	151	3	4	0	200
151	3	3	151	3	4	0	200
152	1	1	152	1	2	1	1830
152	1	1	152	1	3	1	1830
152	1	1	152	1	4	2	1830
152	1	2	152	1	3	2	1830
152	1	2	152	1	4	2	1830
152	1	3	152	1	4	1	1830
153	1	1	153	1	2	0	2065
153	1	1	153	1	3	4	2065
153	1	1	153	1	4	8	2065
153	1	2	153	1	3	4	2065
153	1	2	153	1	4	8	2065
153	1	3	153	1	4	4	2065
153	2	1	153	2	2	3	1925
153	2	1	153	2	3	3	1925
153	2	1	153	2	4	6	1925
153	2	2	153	2	3	6	1925
153	2	2	153	2	4	3	1925
153	2	3	153	2	4	3	1925
153	3	1	153	3	2	0	1957
153	3	1	153	3	3	0	1957
153	3	1	153	3	4	0	1957
153	3	2	153	3	3	0	1957
153	3	2	153	3	4	0	1957
153	3	3	153	3	4	0	1957
155	1	1	155	1	2	1	1475
155	1	1	155	1	3	1	1475
155	1	1	155	1	4	1	1475
155	1	2	155	1	3	2	1475
155	1	2	155	1	4	2	1475
155	1	3	155	1	4	0	1475
155	2	1	155	2	2	0	1121
155	2	1	155	2	3	0	1121
155	2	1	155	2	4	0	1121
155	2	2	155	2	3	0	1121
155	2	2	155	2	4	0	1121
155	2	3	155	2	4	0	1121
156	1	1	156	1	2	40	1790
156	1	1	156	1	3	35	1790
156	1	1	156	1	4	43	1790
156	1	2	156	1	3	35	1790
156	1	2	156	1	4	24	1790
156	1	3	156	1	4	35	1790
157	1	1	157	1	2	0	2239
157	1	1	157	1	3	0	2239
157	1	1	157	1	4	0	2239
157	1	2	157	1	3	0	2239
157	1	2	157	1	4	0	2239
157	1	3	157	1	4	0	2239
158	1	1	158	1	2	0	2108
158	1	1	158	1	3	0	2108
158	1	1	158	1	4	0	2108
158	1	2	158	1	3	0	2108
158	1	2	158	1	4	0	2108
158	1	3	158	1	4	0	2108
159	1	1	159	1	2	0	2019
159	1	1	159	1	3	0	2019
159	1	1	159	1	4	0	2019
159	1	2	159	1	3	0	2019
159	1	2	159	1	4	0	2019
159	1	3	159	1	4	0	2019
159	2	1	159	2	2	2	861
159	2	1	159	2	3	7	861
159	2	1	159	2	4	12	861
159	2	2	159	2	3	8	861
159	2	2	159	2	4	12	861
159	2	3	159	2	4	11	861
159	3	1	159	3	2	1	1055
159	3	1	159	3	3	2	1055
159	3	1	159	3	4	2	1055
159	3	2	159	3	3	2	1055
159	3	2	159	3	4	2	1055
159	3	3	159	3	4	0	1055
159	4	1	159	4	2	1	567
159	4	1	159	4	3	1	567
159	4	1	159	4	4	1	567
159	4	2	159	4	3	0	567
159	4	2	159	4	4	0	567
159	4	3	159	4	4	0	567
159	5	1	159	5	2	0	647
159	5	1	159	5	3	0	647
159	5	1	159	5	4	0	647
159	5	2	159	5	3	0	647
159	5	2	159	5	4	0	647
159	5	3	159	5	4	0	647
160	1	1	160	1	2	0	1739
160	1	1	160	1	3	0	1739
160	1	1	160	1	4	0	1739
160	1	2	160	1	3	0	1739
160	1	2	160	1	4	0	1739
160	1	3	160	1	4	0	1739
160	2	1	160	2	2	2	1887
160	2	1	160	2	3	1	1887
160	2	1	160	2	4	3	1887
160	2	2	160	2	3	3	1887
160	2	2	160	2	4	1	1887
160	2	3	160	2	4	2	1887
161	1	1	161	1	2	0	1979
161	1	1	161	1	3	1	1979
161	1	1	161	1	4	1	1979
161	1	2	161	1	3	1	1979
161	1	2	161	1	4	1	1979
161	1	3	161	1	4	0	1979
161	2	1	161	2	2	10	780
161	2	1	161	2	3	17	780
161	2	1	161	2	4	16	780
161	2	2	161	2	3	19	780
161	2	2	161	2	4	15	780
161	2	3	161	2	4	16	780
161	3	1	161	3	2	0	748
161	3	1	161	3	3	0	748
161	3	1	161	3	4	0	748
161	3	2	161	3	3	0	748
161	3	2	161	3	4	0	748
161	3	3	161	3	4	0	748
161	4	1	161	4	2	1	579
161	4	1	161	4	3	1	579
161	4	1	161	4	4	1	579
161	4	2	161	4	3	1	579
161	4	2	161	4	4	1	579
161	4	3	161	4	4	0	579
161	5	1	161	5	2	0	322
161	5	1	161	5	3	0	322
161	5	1	161	5	4	0	322
161	5	2	161	5	3	0	322
161	5	2	161	5	4	0	322
161	5	3	161	5	4	0	322
164	1	1	164	1	2	42	3668
164	1	1	164	1	3	47	3668
164	1	1	164	1	4	37	3668
164	1	2	164	1	3	31	3668
164	1	2	164	1	4	38	3668
164	1	3	164	1	4	29	3668
165	1	1	165	1	2	1	1864
165	1	1	165	1	3	2	1864
165	1	1	165	1	4	3	1864
165	1	2	165	1	3	3	1864
165	1	2	165	1	4	2	1864
165	1	3	165	1	4	1	1864
166	1	1	166	1	2	0	2006
166	1	1	166	1	3	1	2006
166	1	1	166	1	4	1	2006
166	1	2	166	1	3	1	2006
166	1	2	166	1	4	1	2006
166	1	3	166	1	4	0	2006
167	1	1	167	1	2	0	1972
167	1	1	167	1	3	1	1972
167	1	1	167	1	4	2	1972
167	1	2	167	1	3	1	1972
167	1	2	167	1	4	2	1972
167	1	3	167	1	4	1	1972
169	1	1	169	1	2	2	1586
169	1	1	169	1	3	2	1586
169	1	1	169	1	4	3	1586
169	1	2	169	1	3	3	1586
169	1	2	169	1	4	2	1586
169	1	3	169	1	4	1	1586
170	1	1	170	1	2	0	2022
170	1	1	170	1	3	0	2022
170	1	1	170	1	4	0	2022
170	1	2	170	1	3	0	2022
170	1	2	170	1	4	0	2022
170	1	3	170	1	4	0	2022
171	1	1	171	1	2	0	1405
171	1	1	171	1	3	2	1405
171	1	1	171	1	4	2	1405
171	1	2	171	1	3	2	1405
171	1	2	171	1	4	2	1405
171	1	3	171	1	4	0	1405
172	1	1	172	1	2	0	1562
172	1	1	172	1	3	1	1562
172	1	1	172	1	4	1	1562
172	1	2	172	1	3	1	1562
172	1	2	172	1	4	1	1562
172	1	3	172	1	4	0	1562
173	1	1	173	1	2	0	1288
173	1	1	173	1	3	0	1288
173	1	1	173	1	4	0	1288
173	1	2	173	1	3	0	1288
173	1	2	173	1	4	0	1288
173	1	3	173	1	4	0	1288
174	1	1	174	1	2	1	2236
174	1	1	174	1	3	2	2236
174	1	1	174	1	4	3	2236
174	1	2	174	1	3	3	2236
174	1	2	174	1	4	2	2236
174	1	3	174	1	4	1	2236
175	1	1	175	1	2	2	2002
175	1	1	175	1	3	2	2002
175	1	1	175	1	4	2	2002
175	1	2	175	1	3	0	2002
175	1	2	175	1	4	0	2002
175	1	3	175	1	4	0	2002
176	1	1	176	1	2	0	2242
176	1	1	176	1	3	1	2242
176	1	1	176	1	4	1	2242
176	1	2	176	1	3	1	2242
176	1	2	176	1	4	1	2242
176	1	3	176	1	4	0	2242
177	1	1	177	1	2	0	1902
177	1	1	177	1	3	0	1902
177	1	1	177	1	4	0	1902
177	1	2	177	1	3	0	1902
177	1	2	177	1	4	0	1902
177	1	3	177	1	4	0	1902
178	1	1	178	1	2	0	1590
178	1	1	178	1	3	0	1590
178	1	1	178	1	4	0	1590
178	1	2	178	1	3	0	1590
178	1	2	178	1	4	0	1590
178	1	3	178	1	4	0	1590
178	2	1	178	2	2	3	1132
178	2	1	178	2	3	2	1132
178	2	1	178	2	4	1	1132
178	2	2	178	2	3	1	1132
178	2	2	178	2	4	2	1132
178	2	3	178	2	4	1	1132
179	1	1	179	1	2	25	2077
179	1	1	179	1	3	24	2077
179	1	1	179	1	4	20	2077
179	1	2	179	1	3	21	2077
179	1	2	179	1	4	31	2077
179	1	3	179	1	4	18	2077
180	1	1	180	1	2	3	2398
180	1	1	180	1	3	1	2398
180	1	1	180	1	4	4	2398
180	1	2	180	1	3	4	2398
180	1	2	180	1	4	1	2398
180	1	3	180	1	4	3	2398
181	1	1	181	1	2	0	2215
181	1	1	181	1	3	2	2215
181	1	1	181	1	4	2	2215
181	1	2	181	1	3	2	2215
181	1	2	181	1	4	2	2215
181	1	3	181	1	4	0	2215
182	1	1	182	1	2	1	1699
182	1	1	182	1	3	1	1699
182	1	1	182	1	4	1	1699
182	1	2	182	1	3	0	1699
182	1	2	182	1	4	0	1699
182	1	3	182	1	4	0	1699
183	1	1	183	1	2	2	1613
183	1	1	183	1	3	2	1613
183	1	1	183	1	4	1	1613
183	1	2	183	1	3	0	1613
183	1	2	183	1	4	1	1613
183	1	3	183	1	4	1	1613
184	1	1	184	1	2	0	2076
184	1	1	184	1	3	1	2076
184	1	1	184	1	4	1	2076
184	1	2	184	1	3	1	2076
184	1	2	184	1	4	1	2076
184	1	3	184	1	4	0	2076
185	1	1	185	1	2	3	2168
185	1	1	185	1	3	2	2168
185	1	1	185	1	4	1	2168
185	1	2	185	1	3	3	2168
185	1	2	185	1	4	4	2168
185	1	3	185	1	4	1	2168
186	1	1	186	1	2	1	1654
186	1	1	186	1	3	3	1654
186	1	1	186	1	4	4	1654
186	1	2	186	1	3	4	1654
186	1	2	186	1	4	3	1654
186	1	3	186	1	4	1	1654
187	1	1	187	1	2	0	1785
187	1	1	187	1	3	0	1785
187	1	1	187	1	4	0	1785
187	1	2	187	1	3	0	1785
187	1	2	187	1	4	0	1785
187	1	3	187	1	4	0	1785
188	1	1	188	1	2	0	2007
188	1	1	188	1	3	2	2007
188	1	1	188	1	4	2	2007
188	1	2	188	1	3	2	2007
188	1	2	188	1	4	2	2007
188	1	3	188	1	4	0	2007
189	1	1	189	1	2	0	1513
189	1	1	189	1	3	1	1513
189	1	1	189	1	4	1	1513
189	1	2	189	1	3	1	1513
189	1	2	189	1	4	1	1513
189	1	3	189	1	4	0	1513
189	2	1	189	2	2	1	1581
189	2	1	189	2	3	2	1581
189	2	1	189	2	4	2	1581
189	2	2	189	2	3	1	1581
189	2	2	189	2	4	3	1581
189	2	3	189	2	4	3	1581
190	1	1	190	1	2	0	1394
190	1	1	190	1	3	1	1394
190	1	1	190	1	4	1	1394
190	1	2	190	1	3	1	1394
190	1	2	190	1	4	1	1394
190	1	3	190	1	4	0	1394
192	1	1	192	1	2	1	2196
192	1	1	192	1	3	2	2196
192	1	1	192	1	4	1	2196
192	1	2	192	1	3	1	2196
192	1	2	192	1	4	2	2196
192	1	3	192	1	4	3	2196
193	1	1	193	1	2	1	1798
193	1	1	193	1	3	4	1798
193	1	1	193	1	4	5	1798
193	1	2	193	1	3	5	1798
193	1	2	193	1	4	4	1798
193	1	3	193	1	4	3	1798
193	2	1	193	2	2	0	1009
193	2	1	193	2	3	5	1009
193	2	1	193	2	4	8	1009
193	2	2	193	2	3	5	1009
193	2	2	193	2	4	8	1009
193	2	3	193	2	4	3	1009
194	1	1	194	1	2	0	1773
194	1	1	194	1	3	0	1773
194	1	1	194	1	4	0	1773
194	1	2	194	1	3	0	1773
194	1	2	194	1	4	0	1773
194	1	3	194	1	4	0	1773
194	2	1	194	2	2	0	901
194	2	1	194	2	3	1	901
194	2	1	194	2	4	1	901
194	2	2	194	2	3	1	901
194	2	2	194	2	4	1	901
194	2	3	194	2	4	0	901
194	3	1	194	3	2	0	777
194	3	1	194	3	3	0	777
194	3	1	194	3	4	0	777
194	3	2	194	3	3	0	777
194	3	2	194	3	4	0	777
194	3	3	194	3	4	0	777
195	1	1	195	1	2	0	1355
195	1	1	195	1	3	2	1355
195	1	1	195	1	4	2	1355
195	1	2	195	1	3	2	1355
195	1	2	195	1	4	2	1355
195	1	3	195	1	4	0	1355
195	2	1	195	2	2	0	826
195	2	1	195	2	3	2	826
195	2	1	195	2	4	2	826
195	2	2	195	2	3	2	826
195	2	2	195	2	4	2	826
195	2	3	195	2	4	0	826
196	1	1	196	1	2	1	1958
196	1	1	196	1	3	2	1958
196	1	1	196	1	4	3	1958
196	1	2	196	1	3	3	1958
196	1	2	196	1	4	2	1958
196	1	3	196	1	4	1	1958
197	1	1	197	1	2	0	1491
197	1	1	197	1	3	1	1491
197	1	1	197	1	4	1	1491
197	1	2	197	1	3	1	1491
197	1	2	197	1	4	1	1491
197	1	3	197	1	4	0	1491
197	2	1	197	2	2	0	1523
197	2	1	197	2	3	1	1523
197	2	1	197	2	4	1	1523
197	2	2	197	2	3	1	1523
197	2	2	197	2	4	1	1523
197	2	3	197	2	4	0	1523
198	1	1	198	1	2	0	1049
198	1	1	198	1	3	0	1049
198	1	1	198	1	4	0	1049
198	1	2	198	1	3	0	1049
198	1	2	198	1	4	0	1049
198	1	3	198	1	4	0	1049
199	1	1	199	1	2	0	1713
199	1	1	199	1	3	5	1713
199	1	1	199	1	4	5	1713
199	1	2	199	1	3	5	1713
199	1	2	199	1	4	5	1713
199	1	3	199	1	4	0	1713
200	1	1	200	1	2	0	1960
200	1	1	200	1	3	3	1960
200	1	1	200	1	4	4	1960
200	1	2	200	1	3	3	1960
200	1	2	200	1	4	4	1960
200	1	3	200	1	4	2	1960
201	1	1	201	1	2	10	2104
201	1	1	201	1	3	8	2104
201	1	1	201	1	4	12	2104
201	1	2	201	1	3	11	2104
201	1	2	201	1	4	13	2104
201	1	3	201	1	4	14	2104
202	1	1	202	1	2	7	2360
202	1	1	202	1	3	7	2360
202	1	1	202	1	4	3	2360
202	1	2	202	1	3	2	2360
202	1	2	202	1	4	6	2360
202	1	3	202	1	4	6	2360
203	1	1	203	1	2	0	1992
203	1	1	203	1	3	4	1992
203	1	1	203	1	4	4	1992
203	1	2	203	1	3	4	1992
203	1	2	203	1	4	4	1992
203	1	3	203	1	4	0	1992
204	1	1	204	1	2	2	1157
204	1	1	204	1	3	4	1157
204	1	1	204	1	4	4	1157
204	1	2	204	1	3	2	1157
204	1	2	204	1	4	2	1157
204	1	3	204	1	4	0	1157
205	1	1	205	1	2	5	1881
205	1	1	205	1	3	5	1881
205	1	1	205	1	4	9	1881
205	1	2	205	1	3	3	1881
205	1	2	205	1	4	8	1881
205	1	3	205	1	4	7	1881
206	1	1	206	1	2	0	2009
206	1	1	206	1	3	6	2009
206	1	1	206	1	4	6	2009
206	1	2	206	1	3	6	2009
206	1	2	206	1	4	6	2009
206	1	3	206	1	4	0	2009
207	1	1	207	1	2	1	2063
207	1	1	207	1	3	1	2063
207	1	1	207	1	4	2	2063
207	1	2	207	1	3	2	2063
207	1	2	207	1	4	1	2063
207	1	3	207	1	4	1	2063
208	1	1	208	1	2	1	2004
208	1	1	208	1	3	1	2004
208	1	1	208	1	4	2	2004
208	1	2	208	1	3	2	2004
208	1	2	208	1	4	1	2004
208	1	3	208	1	4	1	2004
209	1	1	209	1	2	0	1932
209	1	1	209	1	3	7	1932
209	1	1	209	1	4	7	1932
209	1	2	209	1	3	7	1932
209	1	2	209	1	4	7	1932
209	1	3	209	1	4	0	1932
210	1	1	210	1	2	4	2349
210	1	1	210	1	3	10	2349
210	1	1	210	1	4	9	2349
210	1	2	210	1	3	14	2349
210	1	2	210	1	4	7	2349
210	1	3	210	1	4	7	2349
211	1	1	211	1	2	2	2140
211	1	1	211	1	3	4	2140
211	1	1	211	1	4	7	2140
211	1	2	211	1	3	6	2140
211	1	2	211	1	4	7	2140
211	1	3	211	1	4	4	2140
212	1	1	212	1	2	3	1406
212	1	1	212	1	3	4	1406
212	1	1	212	1	4	4	1406
212	1	2	212	1	3	7	1406
212	1	2	212	1	4	7	1406
212	1	3	212	1	4	0	1406
214	1	1	214	1	2	24	1867
214	1	1	214	1	3	17	1867
214	1	1	214	1	4	24	1867
214	1	2	214	1	3	28	1867
214	1	2	214	1	4	21	1867
214	1	3	214	1	4	23	1867
215	1	1	215	1	2	0	2138
215	1	1	215	1	3	0	2138
215	1	1	215	1	4	0	2138
215	1	2	215	1	3	0	2138
215	1	2	215	1	4	0	2138
215	1	3	215	1	4	0	2138
215	2	1	215	2	2	0	960
215	2	1	215	2	3	0	960
215	2	1	215	2	4	0	960
215	2	2	215	2	3	0	960
215	2	2	215	2	4	0	960
215	2	3	215	2	4	0	960
216	1	1	216	1	2	9	1888
216	1	1	216	1	3	2	1888
216	1	1	216	1	4	11	1888
216	1	2	216	1	3	11	1888
216	1	2	216	1	4	2	1888
216	1	3	216	1	4	9	1888
218	1	1	218	1	2	0	1758
218	1	1	218	1	3	1	1758
218	1	1	218	1	4	1	1758
218	1	2	218	1	3	1	1758
218	1	2	218	1	4	1	1758
218	1	3	218	1	4	0	1758
219	1	1	219	1	2	2	2146
219	1	1	219	1	3	3	2146
219	1	1	219	1	4	3	2146
219	1	2	219	1	3	4	2146
219	1	2	219	1	4	3	2146
219	1	3	219	1	4	4	2146
220	1	1	220	1	2	0	1885
220	1	1	220	1	3	0	1885
220	1	1	220	1	4	0	1885
220	1	2	220	1	3	0	1885
220	1	2	220	1	4	0	1885
220	1	3	220	1	4	0	1885
221	1	1	221	1	2	0	1880
221	1	1	221	1	3	0	1880
221	1	1	221	1	4	0	1880
221	1	2	221	1	3	0	1880
221	1	2	221	1	4	0	1880
221	1	3	221	1	4	0	1880
222	1	1	222	1	2	1	2000
222	1	1	222	1	3	1	2000
222	1	1	222	1	4	2	2000
222	1	2	222	1	3	2	2000
222	1	2	222	1	4	1	2000
222	1	3	222	1	4	1	2000
224	1	1	224	1	2	0	1657
224	1	1	224	1	3	0	1657
224	1	1	224	1	4	0	1657
224	1	2	224	1	3	0	1657
224	1	2	224	1	4	0	1657
224	1	3	224	1	4	0	1657
225	1	1	225	1	2	2	2162
225	1	1	225	1	3	1	2162
225	1	1	225	1	4	3	2162
225	1	2	225	1	3	3	2162
225	1	2	225	1	4	1	2162
225	1	3	225	1	4	2	2162
226	1	1	226	1	2	1	1906
226	1	1	226	1	3	2	1906
226	1	1	226	1	4	3	1906
226	1	2	226	1	3	3	1906
226	1	2	226	1	4	2	1906
226	1	3	226	1	4	1	1906
227	1	1	227	1	2	3	1984
227	1	1	227	1	3	3	1984
227	1	1	227	1	4	2	1984
227	1	2	227	1	3	4	1984
227	1	2	227	1	4	5	1984
227	1	3	227	1	4	1	1984
228	1	1	228	1	2	1	2046
228	1	1	228	1	3	2	2046
228	1	1	228	1	4	3	2046
228	1	2	228	1	3	3	2046
228	1	2	228	1	4	2	2046
228	1	3	228	1	4	1	2046
228	2	1	228	2	2	0	945
228	2	1	228	2	3	0	945
228	2	1	228	2	4	0	945
228	2	2	228	2	3	0	945
228	2	2	228	2	4	0	945
228	2	3	228	2	4	0	945
229	1	1	229	1	2	1	2061
229	1	1	229	1	3	4	2061
229	1	1	229	1	4	5	2061
229	1	2	229	1	3	5	2061
229	1	2	229	1	4	4	2061
229	1	3	229	1	4	1	2061
230	1	1	230	1	2	14	2007
230	1	1	230	1	3	5	2007
230	1	1	230	1	4	14	2007
230	1	2	230	1	3	14	2007
230	1	2	230	1	4	7	2007
230	1	3	230	1	4	13	2007
231	1	1	231	1	2	0	1533
231	1	1	231	1	3	1	1533
231	1	1	231	1	4	1	1533
231	1	2	231	1	3	1	1533
231	1	2	231	1	4	1	1533
231	1	3	231	1	4	0	1533
231	2	1	231	2	2	0	894
231	2	1	231	2	3	0	894
231	2	1	231	2	4	0	894
231	2	2	231	2	3	0	894
231	2	2	231	2	4	0	894
231	2	3	231	2	4	0	894
232	1	1	232	1	2	1	1980
232	1	1	232	1	3	2	1980
232	1	1	232	1	4	3	1980
232	1	2	232	1	3	1	1980
232	1	2	232	1	4	4	1980
232	1	3	232	1	4	3	1980
233	1	1	233	1	2	40	1285
233	1	1	233	1	3	38	1285
233	1	1	233	1	4	40	1285
233	1	2	233	1	3	50	1285
233	1	2	233	1	4	34	1285
233	1	3	233	1	4	38	1285
234	1	1	234	1	2	1	2250
234	1	1	234	1	3	3	2250
234	1	1	234	1	4	4	2250
234	1	2	234	1	3	4	2250
234	1	2	234	1	4	3	2250
234	1	3	234	1	4	1	2250
236	1	1	236	1	2	1	2126
236	1	1	236	1	3	2	2126
236	1	1	236	1	4	2	2126
236	1	2	236	1	3	1	2126
236	1	2	236	1	4	1	2126
236	1	3	236	1	4	0	2126
238	1	1	238	1	2	0	2038
238	1	1	238	1	3	0	2038
238	1	1	238	1	4	0	2038
238	1	2	238	1	3	0	2038
238	1	2	238	1	4	0	2038
238	1	3	238	1	4	0	2038
239	1	1	239	1	2	0	2206
239	1	1	239	1	3	1	2206
239	1	1	239	1	4	1	2206
239	1	2	239	1	3	1	2206
239	1	2	239	1	4	1	2206
239	1	3	239	1	4	0	2206
240	1	1	240	1	2	0	2325
240	1	1	240	1	3	0	2325
240	1	1	240	1	4	0	2325
240	1	2	240	1	3	0	2325
240	1	2	240	1	4	0	2325
240	1	3	240	1	4	0	2325
241	1	1	241	1	2	5	1877
241	1	1	241	1	3	4	1877
241	1	1	241	1	4	3	1877
241	1	2	241	1	3	1	1877
241	1	2	241	1	4	2	1877
241	1	3	241	1	4	3	1877
242	1	1	242	1	2	1	1950
242	1	1	242	1	3	1	1950
242	1	1	242	1	4	1	1950
242	1	2	242	1	3	0	1950
242	1	2	242	1	4	0	1950
242	1	3	242	1	4	0	1950
243	1	1	243	1	2	3	1688
243	1	1	243	1	3	3	1688
243	1	1	243	1	4	3	1688
243	1	2	243	1	3	6	1688
243	1	2	243	1	4	6	1688
243	1	3	243	1	4	1	1688
243	2	1	243	2	2	1	1475
243	2	1	243	2	3	3	1475
243	2	1	243	2	4	4	1475
243	2	2	243	2	3	4	1475
243	2	2	243	2	4	3	1475
243	2	3	243	2	4	1	1475
243	3	1	243	3	2	0	728
243	3	1	243	3	3	0	728
243	3	1	243	3	4	0	728
243	3	2	243	3	3	0	728
243	3	2	243	3	4	0	728
243	3	3	243	3	4	0	728
243	4	1	243	4	2	0	828
243	4	1	243	4	3	0	828
243	4	1	243	4	4	0	828
243	4	2	243	4	3	0	828
243	4	2	243	4	4	0	828
243	4	3	243	4	4	0	828
244	1	1	244	1	2	54	751
244	1	1	244	1	3	50	751
244	1	1	244	1	4	47	751
244	1	2	244	1	3	16	751
244	1	2	244	1	4	38	751
244	1	3	244	1	4	45	751
245	1	1	245	1	2	1	1901
245	1	1	245	1	3	2	1901
245	1	1	245	1	4	2	1901
245	1	2	245	1	3	1	1901
245	1	2	245	1	4	1	1901
245	1	3	245	1	4	0	1901
245	2	1	245	2	2	1	2387
245	2	1	245	2	3	2	2387
245	2	1	245	2	4	4	2387
245	2	2	245	2	3	3	2387
245	2	2	245	2	4	3	2387
245	2	3	245	2	4	6	2387
247	1	1	247	1	2	2	1737
247	1	1	247	1	3	6	1737
247	1	1	247	1	4	7	1737
247	1	2	247	1	3	6	1737
247	1	2	247	1	4	5	1737
247	1	3	247	1	4	1	1737
250	1	1	250	1	2	0	2612
250	1	1	250	1	3	2	2612
250	1	1	250	1	4	2	2612
250	1	2	250	1	3	2	2612
250	1	2	250	1	4	2	2612
250	1	3	250	1	4	0	2612
251	1	1	251	1	2	0	2265
251	1	1	251	1	3	0	2265
251	1	1	251	1	4	0	2265
251	1	2	251	1	3	0	2265
251	1	2	251	1	4	0	2265
251	1	3	251	1	4	0	2265
252	1	1	252	1	2	20	2060
252	1	1	252	1	3	20	2060
252	1	1	252	1	4	18	2060
252	1	2	252	1	3	17	2060
252	1	2	252	1	4	14	2060
252	1	3	252	1	4	14	2060
253	1	1	253	1	2	0	1280
253	1	1	253	1	3	0	1280
253	1	1	253	1	4	0	1280
253	1	2	253	1	3	0	1280
253	1	2	253	1	4	0	1280
253	1	3	253	1	4	0	1280
254	1	1	254	1	2	33	1900
254	1	1	254	1	3	37	1900
254	1	1	254	1	4	35	1900
254	1	2	254	1	3	38	1900
254	1	2	254	1	4	47	1900
254	1	3	254	1	4	32	1900
257	1	1	257	1	2	0	1464
257	1	1	257	1	3	2	1464
257	1	1	257	1	4	4	1464
257	1	2	257	1	3	2	1464
257	1	2	257	1	4	4	1464
257	1	3	257	1	4	2	1464
259	1	1	259	1	2	0	1932
259	1	1	259	1	3	2	1932
259	1	1	259	1	4	2	1932
259	1	2	259	1	3	2	1932
259	1	2	259	1	4	2	1932
259	1	3	259	1	4	0	1932
260	1	1	260	1	2	4	2095
260	1	1	260	1	3	1	2095
260	1	1	260	1	4	5	2095
260	1	2	260	1	3	5	2095
260	1	2	260	1	4	1	2095
260	1	3	260	1	4	4	2095
261	1	1	261	1	2	0	1956
261	1	1	261	1	3	1	1956
261	1	1	261	1	4	1	1956
261	1	2	261	1	3	1	1956
261	1	2	261	1	4	1	1956
261	1	3	261	1	4	0	1956
264	1	1	264	1	2	3	1535
264	1	1	264	1	3	3	1535
264	1	1	264	1	4	2	1535
264	1	2	264	1	3	0	1535
264	1	2	264	1	4	4	1535
264	1	3	264	1	4	4	1535
265	1	1	265	1	2	2	1861
265	1	1	265	1	3	3	1861
265	1	1	265	1	4	3	1861
265	1	2	265	1	3	5	1861
265	1	2	265	1	4	5	1861
265	1	3	265	1	4	0	1861
266	1	1	266	1	2	58	1233
266	1	1	266	1	3	57	1233
266	1	1	266	1	4	57	1233
266	1	2	266	1	3	68	1233
266	1	2	266	1	4	60	1233
266	1	3	266	1	4	61	1233
267	1	1	267	1	2	0	2089
267	1	1	267	1	3	2	2089
267	1	1	267	1	4	2	2089
267	1	2	267	1	3	2	2089
267	1	2	267	1	4	2	2089
267	1	3	267	1	4	0	2089
268	1	1	268	1	2	0	1774
268	1	1	268	1	3	0	1774
268	1	1	268	1	4	0	1774
268	1	2	268	1	3	0	1774
268	1	2	268	1	4	0	1774
268	1	3	268	1	4	0	1774
269	1	1	269	1	2	0	2134
269	1	1	269	1	3	1	2134
269	1	1	269	1	4	1	2134
269	1	2	269	1	3	1	2134
269	1	2	269	1	4	1	2134
269	1	3	269	1	4	0	2134
269	2	1	269	2	2	0	1735
269	2	1	269	2	3	0	1735
269	2	1	269	2	4	0	1735
269	2	2	269	2	3	0	1735
269	2	2	269	2	4	0	1735
269	2	3	269	2	4	0	1735
269	3	1	269	3	2	0	723
269	3	1	269	3	3	0	723
269	3	1	269	3	4	0	723
269	3	2	269	3	3	0	723
269	3	2	269	3	4	0	723
269	3	3	269	3	4	0	723
270	1	1	270	1	2	6	1593
270	1	1	270	1	3	11	1593
270	1	1	270	1	4	8	1593
270	1	2	270	1	3	9	1593
270	1	2	270	1	4	12	1593
270	1	3	270	1	4	3	1593
271	1	1	271	1	2	92	1239
271	1	1	271	1	3	99	1239
271	1	1	271	1	4	92	1239
271	1	2	271	1	3	89	1239
271	1	2	271	1	4	82	1239
271	1	3	271	1	4	104	1239
271	2	1	271	2	2	0	1831
271	2	1	271	2	3	0	1831
271	2	1	271	2	4	0	1831
271	2	2	271	2	3	0	1831
271	2	2	271	2	4	0	1831
271	2	3	271	2	4	0	1831
271	3	1	271	3	2	0	930
271	3	1	271	3	3	0	930
271	3	1	271	3	4	0	930
271	3	2	271	3	3	0	930
271	3	2	271	3	4	0	930
271	3	3	271	3	4	0	930
271	4	1	271	4	2	0	1103
271	4	1	271	4	3	0	1103
271	4	1	271	4	4	0	1103
271	4	2	271	4	3	0	1103
271	4	2	271	4	4	0	1103
271	4	3	271	4	4	0	1103
271	5	1	271	5	2	0	564
271	5	1	271	5	3	0	564
271	5	1	271	5	4	0	564
271	5	2	271	5	3	0	564
271	5	2	271	5	4	0	564
271	5	3	271	5	4	0	564
271	6	1	271	6	2	0	780
271	6	1	271	6	3	1	780
271	6	1	271	6	4	1	780
271	6	2	271	6	3	1	780
271	6	2	271	6	4	1	780
271	6	3	271	6	4	0	780
271	7	1	271	7	2	0	896
271	7	1	271	7	3	0	896
271	7	1	271	7	4	0	896
271	7	2	271	7	3	0	896
271	7	2	271	7	4	0	896
271	7	3	271	7	4	0	896
272	1	1	272	1	2	8	1744
272	1	1	272	1	3	4	1744
272	1	1	272	1	4	7	1744
272	1	2	272	1	3	9	1744
272	1	2	272	1	4	6	1744
272	1	3	272	1	4	3	1744
273	1	1	273	1	2	3	2038
273	1	1	273	1	3	4	2038
273	1	1	273	1	4	5	2038
273	1	2	273	1	3	7	2038
273	1	2	273	1	4	2	2038
273	1	3	273	1	4	7	2038
274	1	1	274	1	2	0	1566
274	1	1	274	1	3	0	1566
274	1	1	274	1	4	0	1566
274	1	2	274	1	3	0	1566
274	1	2	274	1	4	0	1566
274	1	3	274	1	4	0	1566
275	1	1	275	1	2	0	1637
275	1	1	275	1	3	0	1637
275	1	1	275	1	4	0	1637
275	1	2	275	1	3	0	1637
275	1	2	275	1	4	0	1637
275	1	3	275	1	4	0	1637
276	1	1	276	1	2	23	1997
276	1	1	276	1	3	17	1997
276	1	1	276	1	4	15	1997
276	1	2	276	1	3	20	1997
276	1	2	276	1	4	27	1997
276	1	3	276	1	4	20	1997
277	1	1	277	1	2	0	1508
277	1	1	277	1	3	6	1508
277	1	1	277	1	4	6	1508
277	1	2	277	1	3	6	1508
277	1	2	277	1	4	6	1508
277	1	3	277	1	4	0	1508
278	1	1	278	1	2	2	1683
278	1	1	278	1	3	2	1683
278	1	1	278	1	4	1	1683
278	1	2	278	1	3	0	1683
278	1	2	278	1	4	1	1683
278	1	3	278	1	4	1	1683
279	1	1	279	1	2	0	1984
279	1	1	279	1	3	0	1984
279	1	1	279	1	4	0	1984
279	1	2	279	1	3	0	1984
279	1	2	279	1	4	0	1984
279	1	3	279	1	4	0	1984
280	1	1	280	1	2	1	1103
280	1	1	280	1	3	1	1103
280	1	1	280	1	4	1	1103
280	1	2	280	1	3	0	1103
280	1	2	280	1	4	0	1103
280	1	3	280	1	4	0	1103
281	1	1	281	1	2	0	2233
281	1	1	281	1	3	0	2233
281	1	1	281	1	4	1	2233
281	1	2	281	1	3	0	2233
281	1	2	281	1	4	1	2233
281	1	3	281	1	4	1	2233
282	1	1	282	1	2	2	1483
282	1	1	282	1	3	2	1483
282	1	1	282	1	4	5	1483
282	1	2	282	1	3	0	1483
282	1	2	282	1	4	6	1483
282	1	3	282	1	4	6	1483
283	1	1	283	1	2	1	2008
283	1	1	283	1	3	3	2008
283	1	1	283	1	4	8	2008
283	1	2	283	1	3	2	2008
283	1	2	283	1	4	9	2008
283	1	3	283	1	4	7	2008
284	1	1	284	1	2	0	2040
284	1	1	284	1	3	1	2040
284	1	1	284	1	4	1	2040
284	1	2	284	1	3	1	2040
284	1	2	284	1	4	1	2040
284	1	3	284	1	4	0	2040
285	1	1	285	1	2	11	1679
285	1	1	285	1	3	18	1679
285	1	1	285	1	4	17	1679
285	1	2	285	1	3	21	1679
285	1	2	285	1	4	21	1679
285	1	3	285	1	4	13	1679
285	2	1	285	2	2	0	1028
285	2	1	285	2	3	1	1028
285	2	1	285	2	4	1	1028
285	2	2	285	2	3	1	1028
285	2	2	285	2	4	1	1028
285	2	3	285	2	4	0	1028
286	1	1	286	1	2	0	1303
286	1	1	286	1	3	1	1303
286	1	1	286	1	4	1	1303
286	1	2	286	1	3	1	1303
286	1	2	286	1	4	1	1303
286	1	3	286	1	4	0	1303
286	2	1	286	2	2	0	870
286	2	1	286	2	3	2	870
286	2	1	286	2	4	2	870
286	2	2	286	2	3	2	870
286	2	2	286	2	4	2	870
286	2	3	286	2	4	0	870
287	1	1	287	1	2	0	1766
287	1	1	287	1	3	0	1766
287	1	1	287	1	4	0	1766
287	1	2	287	1	3	0	1766
287	1	2	287	1	4	0	1766
287	1	3	287	1	4	0	1766
287	2	1	287	2	2	0	271
287	2	1	287	2	3	0	271
287	2	1	287	2	4	0	271
287	2	2	287	2	3	0	271
287	2	2	287	2	4	0	271
287	2	3	287	2	4	0	271
288	1	1	288	1	2	0	2249
288	1	1	288	1	3	1	2249
288	1	1	288	1	4	1	2249
288	1	2	288	1	3	1	2249
288	1	2	288	1	4	1	2249
288	1	3	288	1	4	0	2249
289	1	1	289	1	2	0	2048
289	1	1	289	1	3	0	2048
289	1	1	289	1	4	0	2048
289	1	2	289	1	3	0	2048
289	1	2	289	1	4	0	2048
289	1	3	289	1	4	0	2048
289	2	1	289	2	2	0	1399
289	2	1	289	2	3	6	1399
289	2	1	289	2	4	6	1399
289	2	2	289	2	3	6	1399
289	2	2	289	2	4	6	1399
289	2	3	289	2	4	0	1399
290	1	1	290	1	2	0	2086
290	1	1	290	1	3	11	2086
290	1	1	290	1	4	9	2086
290	1	2	290	1	3	11	2086
290	1	2	290	1	4	9	2086
290	1	3	290	1	4	2	2086
291	1	1	291	1	2	0	1617
291	1	1	291	1	3	0	1617
291	1	1	291	1	4	0	1617
291	1	2	291	1	3	0	1617
291	1	2	291	1	4	0	1617
291	1	3	291	1	4	0	1617
292	1	1	292	1	2	3	1147
292	1	1	292	1	3	6	1147
292	1	1	292	1	4	6	1147
292	1	2	292	1	3	3	1147
292	1	2	292	1	4	4	1147
292	1	3	292	1	4	1	1147
293	1	1	293	1	2	0	1385
293	1	1	293	1	3	0	1385
293	1	1	293	1	4	0	1385
293	1	2	293	1	3	0	1385
293	1	2	293	1	4	0	1385
293	1	3	293	1	4	0	1385
294	1	1	294	1	2	0	1804
294	1	1	294	1	3	2	1804
294	1	1	294	1	4	2	1804
294	1	2	294	1	3	2	1804
294	1	2	294	1	4	2	1804
294	1	3	294	1	4	0	1804
294	2	1	294	2	2	0	1580
294	2	1	294	2	3	4	1580
294	2	1	294	2	4	4	1580
294	2	2	294	2	3	4	1580
294	2	2	294	2	4	4	1580
294	2	3	294	2	4	0	1580
295	1	1	295	1	2	0	2116
295	1	1	295	1	3	1	2116
295	1	1	295	1	4	1	2116
295	1	2	295	1	3	1	2116
295	1	2	295	1	4	1	2116
295	1	3	295	1	4	0	2116
296	1	1	296	1	2	2	2150
296	1	1	296	1	3	4	2150
296	1	1	296	1	4	3	2150
296	1	2	296	1	3	2	2150
296	1	2	296	1	4	5	2150
296	1	3	296	1	4	3	2150
297	1	1	297	1	2	1	1721
297	1	1	297	1	3	1	1721
297	1	1	297	1	4	1	1721
297	1	2	297	1	3	0	1721
297	1	2	297	1	4	0	1721
297	1	3	297	1	4	0	1721
298	1	1	298	1	2	6	1977
298	1	1	298	1	3	1	1977
298	1	1	298	1	4	13	1977
298	1	2	298	1	3	7	1977
298	1	2	298	1	4	7	1977
298	1	3	298	1	4	12	1977
298	2	1	298	2	2	0	603
298	2	1	298	2	3	0	603
298	2	1	298	2	4	0	603
298	2	2	298	2	3	0	603
298	2	2	298	2	4	0	603
298	2	3	298	2	4	0	603
298	3	1	298	3	2	0	270
298	3	1	298	3	3	0	270
298	3	1	298	3	4	0	270
298	3	2	298	3	3	0	270
298	3	2	298	3	4	0	270
298	3	3	298	3	4	0	270
299	1	1	299	1	2	3	1884
299	1	1	299	1	3	3	1884
299	1	1	299	1	4	7	1884
299	1	2	299	1	3	6	1884
299	1	2	299	1	4	4	1884
299	1	3	299	1	4	4	1884
299	2	1	299	2	2	3	1963
299	2	1	299	2	3	1	1963
299	2	1	299	2	4	8	1963
299	2	2	299	2	3	4	1963
299	2	2	299	2	4	5	1963
299	2	3	299	2	4	7	1963
300	1	1	300	1	2	0	2007
300	1	1	300	1	3	0	2007
300	1	1	300	1	4	0	2007
300	1	2	300	1	3	0	2007
300	1	2	300	1	4	0	2007
300	1	3	300	1	4	0	2007
301	1	1	301	1	2	0	2057
301	1	1	301	1	3	0	2057
301	1	1	301	1	4	0	2057
301	1	2	301	1	3	0	2057
301	1	2	301	1	4	0	2057
301	1	3	301	1	4	0	2057
301	2	1	301	2	2	2	1672
301	2	1	301	2	3	4	1672
301	2	1	301	2	4	5	1672
301	2	2	301	2	3	5	1672
301	2	2	301	2	4	4	1672
301	2	3	301	2	4	1	1672
301	3	1	301	3	2	0	1380
301	3	1	301	3	3	0	1380
301	3	1	301	3	4	0	1380
301	3	2	301	3	3	0	1380
301	3	2	301	3	4	0	1380
301	3	3	301	3	4	0	1380
302	1	1	302	1	2	0	1404
302	1	1	302	1	3	0	1404
302	1	1	302	1	4	0	1404
302	1	2	302	1	3	0	1404
302	1	2	302	1	4	0	1404
302	1	3	302	1	4	0	1404
303	1	1	303	1	2	12	2449
303	1	1	303	1	3	14	2449
303	1	1	303	1	4	4	2449
303	1	2	303	1	3	10	2449
303	1	2	303	1	4	11	2449
303	1	3	303	1	4	12	2449
304	1	1	304	1	2	1	1516
304	1	1	304	1	3	1	1516
304	1	1	304	1	4	2	1516
304	1	2	304	1	3	2	1516
304	1	2	304	1	4	1	1516
304	1	3	304	1	4	1	1516
304	2	1	304	2	2	0	1239
304	2	1	304	2	3	1	1239
304	2	1	304	2	4	1	1239
304	2	2	304	2	3	1	1239
304	2	2	304	2	4	1	1239
304	2	3	304	2	4	0	1239
304	3	1	304	3	2	0	635
304	3	1	304	3	3	0	635
304	3	1	304	3	4	0	635
304	3	2	304	3	3	0	635
304	3	2	304	3	4	0	635
304	3	3	304	3	4	0	635
305	1	1	305	1	2	0	1845
305	1	1	305	1	3	0	1845
305	1	1	305	1	4	2	1845
305	1	2	305	1	3	0	1845
305	1	2	305	1	4	2	1845
305	1	3	305	1	4	2	1845
306	1	1	306	1	2	2	2107
306	1	1	306	1	3	3	2107
306	1	1	306	1	4	3	2107
306	1	2	306	1	3	1	2107
306	1	2	306	1	4	1	2107
306	1	3	306	1	4	0	2107
307	1	1	307	1	2	4	1755
307	1	1	307	1	3	7	1755
307	1	1	307	1	4	7	1755
307	1	2	307	1	3	3	1755
307	1	2	307	1	4	3	1755
307	1	3	307	1	4	0	1755
307	2	1	307	2	2	0	1127
307	2	1	307	2	3	0	1127
307	2	1	307	2	4	0	1127
307	2	2	307	2	3	0	1127
307	2	2	307	2	4	0	1127
307	2	3	307	2	4	0	1127
309	1	1	309	1	2	0	2029
309	1	1	309	1	3	1	2029
309	1	1	309	1	4	1	2029
309	1	2	309	1	3	1	2029
309	1	2	309	1	4	1	2029
309	1	3	309	1	4	0	2029
309	2	1	309	2	2	0	1005
309	2	1	309	2	3	0	1005
309	2	1	309	2	4	0	1005
309	2	2	309	2	3	0	1005
309	2	2	309	2	4	0	1005
309	2	3	309	2	4	0	1005
309	3	1	309	3	2	0	407
309	3	1	309	3	3	0	407
309	3	1	309	3	4	0	407
309	3	2	309	3	3	0	407
309	3	2	309	3	4	0	407
309	3	3	309	3	4	0	407
311	1	1	311	1	2	22	2285
311	1	1	311	1	3	24	2285
311	1	1	311	1	4	28	2285
311	1	2	311	1	3	23	2285
311	1	2	311	1	4	25	2285
311	1	3	311	1	4	21	2285
312	1	1	312	1	2	1	1650
312	1	1	312	1	3	1	1650
312	1	1	312	1	4	5	1650
312	1	2	312	1	3	0	1650
312	1	2	312	1	4	6	1650
312	1	3	312	1	4	6	1650
313	1	1	313	1	2	1	1948
313	1	1	313	1	3	10	1948
313	1	1	313	1	4	11	1948
313	1	2	313	1	3	11	1948
313	1	2	313	1	4	10	1948
313	1	3	313	1	4	1	1948
314	1	1	314	1	2	133	2051
314	1	1	314	1	3	133	2051
314	1	1	314	1	4	142	2051
314	1	2	314	1	3	140	2051
314	1	2	314	1	4	129	2051
314	1	3	314	1	4	133	2051
315	1	1	315	1	2	504	2297
315	1	1	315	1	3	496	2297
315	1	1	315	1	4	498	2297
315	1	2	315	1	3	505	2297
315	1	2	315	1	4	509	2297
315	1	3	315	1	4	509	2297
316	1	1	316	1	2	0	1733
316	1	1	316	1	3	0	1733
316	1	1	316	1	4	0	1733
316	1	2	316	1	3	0	1733
316	1	2	316	1	4	0	1733
316	1	3	316	1	4	0	1733
318	1	1	318	1	2	0	1366
318	1	1	318	1	3	1	1366
318	1	1	318	1	4	1	1366
318	1	2	318	1	3	1	1366
318	1	2	318	1	4	1	1366
318	1	3	318	1	4	0	1366
318	2	1	318	2	2	0	758
318	2	1	318	2	3	0	758
318	2	1	318	2	4	0	758
318	2	2	318	2	3	0	758
318	2	2	318	2	4	0	758
318	2	3	318	2	4	0	758
318	3	1	318	3	2	0	1251
318	3	1	318	3	3	1	1251
318	3	1	318	3	4	1	1251
318	3	2	318	3	3	1	1251
318	3	2	318	3	4	1	1251
318	3	3	318	3	4	0	1251
319	1	1	319	1	2	8	2276
319	1	1	319	1	3	7	2276
319	1	1	319	1	4	2	2276
319	1	2	319	1	3	1	2276
319	1	2	319	1	4	6	2276
319	1	3	319	1	4	7	2276
320	1	1	320	1	2	0	1046
320	1	1	320	1	3	0	1046
320	1	1	320	1	4	0	1046
320	1	2	320	1	3	0	1046
320	1	2	320	1	4	0	1046
320	1	3	320	1	4	0	1046
321	1	1	321	1	2	0	1934
321	1	1	321	1	3	6	1934
321	1	1	321	1	4	6	1934
321	1	2	321	1	3	6	1934
321	1	2	321	1	4	6	1934
321	1	3	321	1	4	0	1934
322	1	1	322	1	2	32	996
322	1	1	322	1	3	38	996
322	1	1	322	1	4	41	996
322	1	2	322	1	3	36	996
322	1	2	322	1	4	37	996
322	1	3	322	1	4	45	996
323	1	1	323	1	2	0	1465
323	1	1	323	1	3	0	1465
323	1	1	323	1	4	0	1465
323	1	2	323	1	3	0	1465
323	1	2	323	1	4	0	1465
323	1	3	323	1	4	0	1465
324	1	1	324	1	2	1	1080
324	1	1	324	1	3	2	1080
324	1	1	324	1	4	3	1080
324	1	2	324	1	3	3	1080
324	1	2	324	1	4	2	1080
324	1	3	324	1	4	1	1080
325	1	1	325	1	2	0	1870
325	1	1	325	1	3	2	1870
325	1	1	325	1	4	2	1870
325	1	2	325	1	3	2	1870
325	1	2	325	1	4	2	1870
325	1	3	325	1	4	0	1870
326	1	1	326	1	2	0	1997
326	1	1	326	1	3	0	1997
326	1	1	326	1	4	0	1997
326	1	2	326	1	3	0	1997
326	1	2	326	1	4	0	1997
326	1	3	326	1	4	0	1997
327	1	1	327	1	2	13	2284
327	1	1	327	1	3	18	2284
327	1	1	327	1	4	12	2284
327	1	2	327	1	3	16	2284
327	1	2	327	1	4	16	2284
327	1	3	327	1	4	9	2284
328	1	1	328	1	2	4	1492
328	1	1	328	1	3	8	1492
328	1	1	328	1	4	6	1492
328	1	2	328	1	3	6	1492
328	1	2	328	1	4	8	1492
328	1	3	328	1	4	5	1492
328	2	1	328	2	2	2	1208
328	2	1	328	2	3	2	1208
328	2	1	328	2	4	2	1208
328	2	2	328	2	3	0	1208
328	2	2	328	2	4	0	1208
328	2	3	328	2	4	0	1208
328	3	1	328	3	2	0	694
328	3	1	328	3	3	0	694
328	3	1	328	3	4	0	694
328	3	2	328	3	3	0	694
328	3	2	328	3	4	0	694
328	3	3	328	3	4	0	694
330	1	1	330	1	2	7	1878
330	1	1	330	1	3	6	1878
330	1	1	330	1	4	6	1878
330	1	2	330	1	3	1	1878
330	1	2	330	1	4	6	1878
330	1	3	330	1	4	7	1878
333	1	1	333	1	2	0	2029
333	1	1	333	1	3	0	2029
333	1	1	333	1	4	0	2029
333	1	2	333	1	3	0	2029
333	1	2	333	1	4	0	2029
333	1	3	333	1	4	0	2029
334	1	1	334	1	2	0	1980
334	1	1	334	1	3	0	1980
334	1	1	334	1	4	2	1980
334	1	2	334	1	3	0	1980
334	1	2	334	1	4	2	1980
334	1	3	334	1	4	2	1980
335	1	1	335	1	2	0	1910
335	1	1	335	1	3	5	1910
335	1	1	335	1	4	5	1910
335	1	2	335	1	3	5	1910
335	1	2	335	1	4	5	1910
335	1	3	335	1	4	0	1910
335	2	1	335	2	2	2	1610
335	2	1	335	2	3	2	1610
335	2	1	335	2	4	2	1610
335	2	2	335	2	3	0	1610
335	2	2	335	2	4	0	1610
335	2	3	335	2	4	0	1610
337	1	1	337	1	2	1	1866
337	1	1	337	1	3	2	1866
337	1	1	337	1	4	3	1866
337	1	2	337	1	3	3	1866
337	1	2	337	1	4	2	1866
337	1	3	337	1	4	1	1866
338	1	1	338	1	2	0	2103
338	1	1	338	1	3	2	2103
338	1	1	338	1	4	2	2103
338	1	2	338	1	3	2	2103
338	1	2	338	1	4	2	2103
338	1	3	338	1	4	0	2103
339	1	1	339	1	2	0	1965
339	1	1	339	1	3	0	1965
339	1	1	339	1	4	0	1965
339	1	2	339	1	3	0	1965
339	1	2	339	1	4	0	1965
339	1	3	339	1	4	0	1965
339	2	1	339	2	2	0	731
339	2	1	339	2	3	1	731
339	2	1	339	2	4	1	731
339	2	2	339	2	3	1	731
339	2	2	339	2	4	1	731
339	2	3	339	2	4	0	731
340	1	1	340	1	2	0	1273
340	1	1	340	1	3	0	1273
340	1	1	340	1	4	0	1273
340	1	2	340	1	3	0	1273
340	1	2	340	1	4	0	1273
340	1	3	340	1	4	0	1273
340	2	1	340	2	2	0	1176
340	2	1	340	2	3	3	1176
340	2	1	340	2	4	3	1176
340	2	2	340	2	3	3	1176
340	2	2	340	2	4	3	1176
340	2	3	340	2	4	0	1176
341	1	1	341	1	2	0	1698
341	1	1	341	1	3	12	1698
341	1	1	341	1	4	10	1698
341	1	2	341	1	3	12	1698
341	1	2	341	1	4	10	1698
341	1	3	341	1	4	2	1698
342	1	1	342	1	2	0	2122
342	1	1	342	1	3	3	2122
342	1	1	342	1	4	5	2122
342	1	2	342	1	3	3	2122
342	1	2	342	1	4	5	2122
342	1	3	342	1	4	2	2122
344	1	1	344	1	2	3	1777
344	1	1	344	1	3	6	1777
344	1	1	344	1	4	6	1777
344	1	2	344	1	3	3	1777
344	1	2	344	1	4	3	1777
344	1	3	344	1	4	0	1777
345	1	1	345	1	2	0	1902
345	1	1	345	1	3	0	1902
345	1	1	345	1	4	0	1902
345	1	2	345	1	3	0	1902
345	1	2	345	1	4	0	1902
345	1	3	345	1	4	0	1902
346	1	1	346	1	2	10	2101
346	1	1	346	1	3	10	2101
346	1	1	346	1	4	11	2101
346	1	2	346	1	3	1	2101
346	1	2	346	1	4	11	2101
346	1	3	346	1	4	10	2101
347	1	1	347	1	2	0	1998
347	1	1	347	1	3	1	1998
347	1	1	347	1	4	1	1998
347	1	2	347	1	3	1	1998
347	1	2	347	1	4	1	1998
347	1	3	347	1	4	0	1998
348	1	1	348	1	2	0	1765
348	1	1	348	1	3	5	1765
348	1	1	348	1	4	5	1765
348	1	2	348	1	3	5	1765
348	1	2	348	1	4	5	1765
348	1	3	348	1	4	0	1765
348	2	1	348	2	2	16	1346
348	2	1	348	2	3	16	1346
348	2	1	348	2	4	11	1346
348	2	2	348	2	3	16	1346
348	2	2	348	2	4	25	1346
348	2	3	348	2	4	14	1346
349	1	1	349	1	2	0	1993
349	1	1	349	1	3	6	1993
349	1	1	349	1	4	5	1993
349	1	2	349	1	3	6	1993
349	1	2	349	1	4	5	1993
349	1	3	349	1	4	1	1993
350	1	1	350	1	2	0	1147
350	1	1	350	1	3	2	1147
350	1	1	350	1	4	2	1147
350	1	2	350	1	3	2	1147
350	1	2	350	1	4	2	1147
350	1	3	350	1	4	0	1147
350	2	1	350	2	2	0	1046
350	2	1	350	2	3	0	1046
350	2	1	350	2	4	1	1046
350	2	2	350	2	3	0	1046
350	2	2	350	2	4	1	1046
350	2	3	350	2	4	1	1046
350	3	1	350	3	2	0	1028
350	3	1	350	3	3	0	1028
350	3	1	350	3	4	0	1028
350	3	2	350	3	3	0	1028
350	3	2	350	3	4	0	1028
350	3	3	350	3	4	0	1028
351	1	1	351	1	2	20	1978
351	1	1	351	1	3	25	1978
351	1	1	351	1	4	23	1978
351	1	2	351	1	3	29	1978
351	1	2	351	1	4	21	1978
351	1	3	351	1	4	21	1978
352	1	1	352	1	2	0	2009
352	1	1	352	1	3	0	2009
352	1	1	352	1	4	0	2009
352	1	2	352	1	3	0	2009
352	1	2	352	1	4	0	2009
352	1	3	352	1	4	0	2009
352	2	1	352	2	2	0	826
352	2	1	352	2	3	0	826
352	2	1	352	2	4	0	826
352	2	2	352	2	3	0	826
352	2	2	352	2	4	0	826
352	2	3	352	2	4	0	826
353	1	1	353	1	2	0	1546
353	1	1	353	1	3	0	1546
353	1	1	353	1	4	0	1546
353	1	2	353	1	3	0	1546
353	1	2	353	1	4	0	1546
353	1	3	353	1	4	0	1546
354	1	1	354	1	2	2	1606
354	1	1	354	1	3	12	1606
354	1	1	354	1	4	13	1606
354	1	2	354	1	3	12	1606
354	1	2	354	1	4	13	1606
354	1	3	354	1	4	3	1606
355	1	1	355	1	2	1	2108
355	1	1	355	1	3	1	2108
355	1	1	355	1	4	2	2108
355	1	2	355	1	3	2	2108
355	1	2	355	1	4	1	2108
355	1	3	355	1	4	1	2108
356	1	1	356	1	2	0	1346
356	1	1	356	1	3	4	1346
356	1	1	356	1	4	4	1346
356	1	2	356	1	3	4	1346
356	1	2	356	1	4	4	1346
356	1	3	356	1	4	0	1346
357	1	1	357	1	2	0	2186
357	1	1	357	1	3	0	2186
357	1	1	357	1	4	0	2186
357	1	2	357	1	3	0	2186
357	1	2	357	1	4	0	2186
357	1	3	357	1	4	0	2186
358	1	1	358	1	2	1	1439
358	1	1	358	1	3	3	1439
358	1	1	358	1	4	1	1439
358	1	2	358	1	3	2	1439
358	1	2	358	1	4	2	1439
358	1	3	358	1	4	2	1439
359	1	1	359	1	2	0	1508
359	1	1	359	1	3	2	1508
359	1	1	359	1	4	2	1508
359	1	2	359	1	3	2	1508
359	1	2	359	1	4	2	1508
359	1	3	359	1	4	0	1508
361	1	1	361	1	2	0	2109
361	1	1	361	1	3	0	2109
361	1	1	361	1	4	0	2109
361	1	2	361	1	3	0	2109
361	1	2	361	1	4	0	2109
361	1	3	361	1	4	0	2109
362	1	1	362	1	2	0	1693
362	1	1	362	1	3	0	1693
362	1	1	362	1	4	0	1693
362	1	2	362	1	3	0	1693
362	1	2	362	1	4	0	1693
362	1	3	362	1	4	0	1693
362	2	1	362	2	2	0	1701
362	2	1	362	2	3	2	1701
362	2	1	362	2	4	2	1701
362	2	2	362	2	3	2	1701
362	2	2	362	2	4	2	1701
362	2	3	362	2	4	0	1701
363	1	1	363	1	2	0	1547
363	1	1	363	1	3	0	1547
363	1	1	363	1	4	0	1547
363	1	2	363	1	3	0	1547
363	1	2	363	1	4	0	1547
363	1	3	363	1	4	0	1547
364	1	1	364	1	2	1	2059
364	1	1	364	1	3	6	2059
364	1	1	364	1	4	8	2059
364	1	2	364	1	3	7	2059
364	1	2	364	1	4	7	2059
364	1	3	364	1	4	10	2059
364	2	1	364	2	2	0	542
364	2	1	364	2	3	0	542
364	2	1	364	2	4	0	542
364	2	2	364	2	3	0	542
364	2	2	364	2	4	0	542
364	2	3	364	2	4	0	542
365	1	1	365	1	2	0	1987
365	1	1	365	1	3	2	1987
365	1	1	365	1	4	2	1987
365	1	2	365	1	3	2	1987
365	1	2	365	1	4	2	1987
365	1	3	365	1	4	0	1987
366	1	1	366	1	2	0	1964
366	1	1	366	1	3	0	1964
366	1	1	366	1	4	0	1964
366	1	2	366	1	3	0	1964
366	1	2	366	1	4	0	1964
366	1	3	366	1	4	0	1964
367	1	1	367	1	2	0	2729
367	1	1	367	1	3	0	2729
367	1	1	367	1	4	0	2729
367	1	2	367	1	3	0	2729
367	1	2	367	1	4	0	2729
367	1	3	367	1	4	0	2729
367	2	1	367	2	2	0	729
367	2	1	367	2	3	0	729
367	2	1	367	2	4	0	729
367	2	2	367	2	3	0	729
367	2	2	367	2	4	0	729
367	2	3	367	2	4	0	729
368	1	1	368	1	2	0	1784
368	1	1	368	1	3	1	1784
368	1	1	368	1	4	1	1784
368	1	2	368	1	3	1	1784
368	1	2	368	1	4	1	1784
368	1	3	368	1	4	0	1784
369	1	1	369	1	2	20	1670
369	1	1	369	1	3	23	1670
369	1	1	369	1	4	28	1670
369	1	2	369	1	3	25	1670
369	1	2	369	1	4	27	1670
369	1	3	369	1	4	28	1670
370	1	1	370	1	2	2	1861
370	1	1	370	1	3	1	1861
370	1	1	370	1	4	3	1861
370	1	2	370	1	3	3	1861
370	1	2	370	1	4	1	1861
370	1	3	370	1	4	2	1861
371	1	1	371	1	2	0	1823
371	1	1	371	1	3	0	1823
371	1	1	371	1	4	4	1823
371	1	2	371	1	3	0	1823
371	1	2	371	1	4	4	1823
371	1	3	371	1	4	4	1823
372	1	1	372	1	2	425	2762
372	1	1	372	1	3	426	2762
372	1	1	372	1	4	415	2762
372	1	2	372	1	3	405	2762
372	1	2	372	1	4	416	2762
372	1	3	372	1	4	430	2762
373	1	1	373	1	2	0	3052
373	1	1	373	1	3	0	3052
373	1	1	373	1	4	0	3052
373	1	2	373	1	3	0	3052
373	1	2	373	1	4	0	3052
373	1	3	373	1	4	0	3052
373	2	1	373	2	2	0	731
373	2	1	373	2	3	0	731
373	2	1	373	2	4	0	731
373	2	2	373	2	3	0	731
373	2	2	373	2	4	0	731
373	2	3	373	2	4	0	731
374	1	1	374	1	2	0	1977
374	1	1	374	1	3	0	1977
374	1	1	374	1	4	0	1977
374	1	2	374	1	3	0	1977
374	1	2	374	1	4	0	1977
374	1	3	374	1	4	0	1977
375	1	1	375	1	2	0	2035
375	1	1	375	1	3	0	2035
375	1	1	375	1	4	0	2035
375	1	2	375	1	3	0	2035
375	1	2	375	1	4	0	2035
375	1	3	375	1	4	0	2035
377	1	1	377	1	2	1	1956
377	1	1	377	1	3	1	1956
377	1	1	377	1	4	2	1956
377	1	2	377	1	3	2	1956
377	1	2	377	1	4	1	1956
377	1	3	377	1	4	1	1956
378	1	1	378	1	2	1	1738
378	1	1	378	1	3	1	1738
378	1	1	378	1	4	1	1738
378	1	2	378	1	3	0	1738
378	1	2	378	1	4	0	1738
378	1	3	378	1	4	0	1738
379	1	1	379	1	2	5	1857
379	1	1	379	1	3	2	1857
379	1	1	379	1	4	7	1857
379	1	2	379	1	3	7	1857
379	1	2	379	1	4	2	1857
379	1	3	379	1	4	5	1857
380	1	1	380	1	2	0	1956
380	1	1	380	1	3	4	1956
380	1	1	380	1	4	4	1956
380	1	2	380	1	3	4	1956
380	1	2	380	1	4	4	1956
380	1	3	380	1	4	0	1956
381	1	1	381	1	2	0	2094
381	1	1	381	1	3	1	2094
381	1	1	381	1	4	1	2094
381	1	2	381	1	3	1	2094
381	1	2	381	1	4	1	2094
381	1	3	381	1	4	0	2094
382	1	1	382	1	2	2	1858
382	1	1	382	1	3	1	1858
382	1	1	382	1	4	3	1858
382	1	2	382	1	3	3	1858
382	1	2	382	1	4	1	1858
382	1	3	382	1	4	2	1858
383	1	1	383	1	2	0	1361
383	1	1	383	1	3	0	1361
383	1	1	383	1	4	0	1361
383	1	2	383	1	3	0	1361
383	1	2	383	1	4	0	1361
383	1	3	383	1	4	0	1361
384	1	1	384	1	2	1	1266
384	1	1	384	1	3	1	1266
384	1	1	384	1	4	2	1266
384	1	2	384	1	3	2	1266
384	1	2	384	1	4	1	1266
384	1	3	384	1	4	1	1266
385	1	1	385	1	2	0	1937
385	1	1	385	1	3	0	1937
385	1	1	385	1	4	0	1937
385	1	2	385	1	3	0	1937
385	1	2	385	1	4	0	1937
385	1	3	385	1	4	0	1937
386	1	1	386	1	2	2	2018
386	1	1	386	1	3	2	2018
386	1	1	386	1	4	4	2018
386	1	2	386	1	3	4	2018
386	1	2	386	1	4	2	2018
386	1	3	386	1	4	2	2018
387	1	1	387	1	2	0	1455
387	1	1	387	1	3	1	1455
387	1	1	387	1	4	1	1455
387	1	2	387	1	3	1	1455
387	1	2	387	1	4	1	1455
387	1	3	387	1	4	0	1455
388	1	1	388	1	2	0	1919
388	1	1	388	1	3	1	1919
388	1	1	388	1	4	1	1919
388	1	2	388	1	3	1	1919
388	1	2	388	1	4	1	1919
388	1	3	388	1	4	0	1919
389	1	1	389	1	2	0	1594
389	1	1	389	1	3	3	1594
389	1	1	389	1	4	3	1594
389	1	2	389	1	3	3	1594
389	1	2	389	1	4	3	1594
389	1	3	389	1	4	0	1594
389	2	1	389	2	2	4	1515
389	2	1	389	2	3	3	1515
389	2	1	389	2	4	7	1515
389	2	2	389	2	3	7	1515
389	2	2	389	2	4	3	1515
389	2	3	389	2	4	4	1515
390	1	1	390	1	2	2	2030
390	1	1	390	1	3	4	2030
390	1	1	390	1	4	4	2030
390	1	2	390	1	3	2	2030
390	1	2	390	1	4	2	2030
390	1	3	390	1	4	0	2030
391	1	1	391	1	2	0	2152
391	1	1	391	1	3	1	2152
391	1	1	391	1	4	1	2152
391	1	2	391	1	3	1	2152
391	1	2	391	1	4	1	2152
391	1	3	391	1	4	0	2152
392	1	1	392	1	2	0	1467
392	1	1	392	1	3	5	1467
392	1	1	392	1	4	5	1467
392	1	2	392	1	3	5	1467
392	1	2	392	1	4	5	1467
392	1	3	392	1	4	0	1467
392	2	1	392	2	2	0	1387
392	2	1	392	2	3	3	1387
392	2	1	392	2	4	3	1387
392	2	2	392	2	3	3	1387
392	2	2	392	2	4	3	1387
392	2	3	392	2	4	0	1387
392	3	1	392	3	2	0	887
392	3	1	392	3	3	0	887
392	3	1	392	3	4	0	887
392	3	2	392	3	3	0	887
392	3	2	392	3	4	0	887
392	3	3	392	3	4	0	887
393	1	1	393	1	2	0	1955
393	1	1	393	1	3	3	1955
393	1	1	393	1	4	3	1955
393	1	2	393	1	3	3	1955
393	1	2	393	1	4	3	1955
393	1	3	393	1	4	0	1955
394	1	1	394	1	2	0	1648
394	1	1	394	1	3	0	1648
394	1	1	394	1	4	0	1648
394	1	2	394	1	3	0	1648
394	1	2	394	1	4	0	1648
394	1	3	394	1	4	0	1648
394	2	1	394	2	2	3	1315
394	2	1	394	2	3	3	1315
394	2	1	394	2	4	6	1315
394	2	2	394	2	3	4	1315
394	2	2	394	2	4	3	1315
394	2	3	394	2	4	4	1315
395	1	1	395	1	2	0	2086
395	1	1	395	1	3	1	2086
395	1	1	395	1	4	1	2086
395	1	2	395	1	3	1	2086
395	1	2	395	1	4	1	2086
395	1	3	395	1	4	0	2086
396	1	1	396	1	2	0	2391
396	1	1	396	1	3	0	2391
396	1	1	396	1	4	0	2391
396	1	2	396	1	3	0	2391
396	1	2	396	1	4	0	2391
396	1	3	396	1	4	0	2391
399	1	1	399	1	2	0	2014
399	1	1	399	1	3	3	2014
399	1	1	399	1	4	3	2014
399	1	2	399	1	3	3	2014
399	1	2	399	1	4	3	2014
399	1	3	399	1	4	0	2014
400	1	1	400	1	2	0	2145
400	1	1	400	1	3	0	2145
400	1	1	400	1	4	0	2145
400	1	2	400	1	3	0	2145
400	1	2	400	1	4	0	2145
400	1	3	400	1	4	0	2145
402	1	1	402	1	2	0	844
402	1	1	402	1	3	1	844
402	1	1	402	1	4	1	844
402	1	2	402	1	3	1	844
402	1	2	402	1	4	1	844
402	1	3	402	1	4	0	844
403	1	1	403	1	2	0	1883
403	1	1	403	1	3	1	1883
403	1	1	403	1	4	1	1883
403	1	2	403	1	3	1	1883
403	1	2	403	1	4	1	1883
403	1	3	403	1	4	0	1883
