1	1	1	1	1	2	9	2022
1	1	1	1	1	3	11	2022
1	1	1	1	1	4	9	2022
1	1	2	1	1	3	11	2022
1	1	2	1	1	4	9	2022
1	1	3	1	1	4	10	2022
2	1	1	2	1	2	25	2005
2	1	1	2	1	3	30	2005
2	1	1	2	1	4	24	2005
2	1	2	2	1	3	30	2005
2	1	2	2	1	4	43	2005
2	1	3	2	1	4	29	2005
3	1	1	3	1	2	7	2080
3	1	1	3	1	3	13	2080
3	1	1	3	1	4	8	2080
3	1	2	3	1	3	8	2080
3	1	2	3	1	4	3	2080
3	1	3	3	1	4	5	2080
3	2	1	3	2	2	8	754
3	2	1	3	2	3	5	754
3	2	1	3	2	4	6	754
3	2	2	3	2	3	5	754
3	2	2	3	2	4	2	754
3	2	3	3	2	4	3	754
4	1	1	4	1	2	63	1990
4	1	1	4	1	3	74	1990
4	1	1	4	1	4	65	1990
4	1	2	4	1	3	77	1990
4	1	2	4	1	4	78	1990
4	1	3	4	1	4	57	1990
5	1	1	5	1	2	0	1186
5	1	1	5	1	3	0	1186
5	1	1	5	1	4	3	1186
5	1	2	5	1	3	0	1186
5	1	2	5	1	4	3	1186
5	1	3	5	1	4	3	1186
5	2	1	5	2	2	1	1184
5	2	1	5	2	3	1	1184
5	2	1	5	2	4	1	1184
5	2	2	5	2	3	2	1184
5	2	2	5	2	4	2	1184
5	2	3	5	2	4	0	1184
5	3	1	5	3	2	3	687
5	3	1	5	3	3	3	687
5	3	1	5	3	4	3	687
5	3	2	5	3	3	0	687
5	3	2	5	3	4	0	687
5	3	3	5	3	4	0	687
7	1	1	7	1	2	2	1692
7	1	1	7	1	3	2	1692
7	1	1	7	1	4	1	1692
7	1	2	7	1	3	2	1692
7	1	2	7	1	4	3	1692
7	1	3	7	1	4	2	1692
8	1	1	8	1	2	0	1939
8	1	1	8	1	3	1	1939
8	1	1	8	1	4	1	1939
8	1	2	8	1	3	1	1939
8	1	2	8	1	4	1	1939
8	1	3	8	1	4	0	1939
9	1	1	9	1	2	0	1892
9	1	1	9	1	3	3	1892
9	1	1	9	1	4	3	1892
9	1	2	9	1	3	3	1892
9	1	2	9	1	4	3	1892
9	1	3	9	1	4	0	1892
10	1	1	10	1	2	42	1277
10	1	1	10	1	3	37	1277
10	1	1	10	1	4	61	1277
10	1	2	10	1	3	42	1277
10	1	2	10	1	4	67	1277
10	1	3	10	1	4	68	1277
11	1	1	11	1	2	2	1415
11	1	1	11	1	3	4	1415
11	1	1	11	1	4	2	1415
11	1	2	11	1	3	2	1415
11	1	2	11	1	4	2	1415
11	1	3	11	1	4	4	1415
11	2	1	11	2	2	0	528
11	2	1	11	2	3	0	528
11	2	1	11	2	4	0	528
11	2	2	11	2	3	0	528
11	2	2	11	2	4	0	528
11	2	3	11	2	4	0	528
11	3	1	11	3	2	0	306
11	3	1	11	3	3	0	306
11	3	1	11	3	4	0	306
11	3	2	11	3	3	0	306
11	3	2	11	3	4	0	306
11	3	3	11	3	4	0	306
12	1	1	12	1	2	38	1920
12	1	1	12	1	3	41	1920
12	1	1	12	1	4	41	1920
12	1	2	12	1	3	49	1920
12	1	2	12	1	4	45	1920
12	1	3	12	1	4	24	1920
13	1	1	13	1	2	30	1419
13	1	1	13	1	3	24	1419
13	1	1	13	1	4	24	1419
13	1	2	13	1	3	19	1419
13	1	2	13	1	4	24	1419
13	1	3	13	1	4	20	1419
13	2	1	13	2	2	1	868
13	2	1	13	2	3	1	868
13	2	1	13	2	4	1	868
13	2	2	13	2	3	0	868
13	2	2	13	2	4	0	868
13	2	3	13	2	4	0	868
14	1	1	14	1	2	4	2033
14	1	1	14	1	3	8	2033
14	1	1	14	1	4	3	2033
14	1	2	14	1	3	8	2033
14	1	2	14	1	4	6	2033
14	1	3	14	1	4	5	2033
15	1	1	15	1	2	14	1946
15	1	1	15	1	3	12	1946
15	1	1	15	1	4	17	1946
15	1	2	15	1	3	15	1946
15	1	2	15	1	4	16	1946
15	1	3	15	1	4	15	1946
16	1	1	16	1	2	2	1656
16	1	1	16	1	3	3	1656
16	1	1	16	1	4	6	1656
16	1	2	16	1	3	5	1656
16	1	2	16	1	4	6	1656
16	1	3	16	1	4	3	1656
17	1	1	17	1	2	3	1824
17	1	1	17	1	3	2	1824
17	1	1	17	1	4	2	1824
17	1	2	17	1	3	3	1824
17	1	2	17	1	4	3	1824
17	1	3	17	1	4	0	1824
17	2	1	17	2	2	3	1981
17	2	1	17	2	3	1	1981
17	2	1	17	2	4	4	1981
17	2	2	17	2	3	2	1981
17	2	2	17	2	4	3	1981
17	2	3	17	2	4	3	1981
18	1	1	18	1	2	0	1947
18	1	1	18	1	3	0	1947
18	1	1	18	1	4	1	1947
18	1	2	18	1	3	0	1947
18	1	2	18	1	4	1	1947
18	1	3	18	1	4	1	1947
19	1	1	19	1	2	0	2227
19	1	1	19	1	3	0	2227
19	1	1	19	1	4	0	2227
19	1	2	19	1	3	0	2227
19	1	2	19	1	4	0	2227
19	1	3	19	1	4	0	2227
19	2	1	19	2	2	0	1981
19	2	1	19	2	3	2	1981
19	2	1	19	2	4	2	1981
19	2	2	19	2	3	2	1981
19	2	2	19	2	4	2	1981
19	2	3	19	2	4	0	1981
19	3	1	19	3	2	3	1727
19	3	1	19	3	3	3	1727
19	3	1	19	3	4	6	1727
19	3	2	19	3	3	2	1727
19	3	2	19	3	4	5	1727
19	3	3	19	3	4	3	1727
19	4	1	19	4	2	0	1591
19	4	1	19	4	3	0	1591
19	4	1	19	4	4	0	1591
19	4	2	19	4	3	0	1591
19	4	2	19	4	4	0	1591
19	4	3	19	4	4	0	1591
19	5	1	19	5	2	5	1640
19	5	1	19	5	3	8	1640
19	5	1	19	5	4	4	1640
19	5	2	19	5	3	5	1640
19	5	2	19	5	4	5	1640
19	5	3	19	5	4	6	1640
19	6	1	19	6	2	1	1041
19	6	1	19	6	3	2	1041
19	6	1	19	6	4	2	1041
19	6	2	19	6	3	1	1041
19	6	2	19	6	4	1	1041
19	6	3	19	6	4	0	1041
19	7	1	19	7	2	1	582
19	7	1	19	7	3	1	582
19	7	1	19	7	4	1	582
19	7	2	19	7	3	0	582
19	7	2	19	7	4	1	582
19	7	3	19	7	4	1	582
20	1	1	20	1	2	2	1760
20	1	1	20	1	3	4	1760
20	1	1	20	1	4	3	1760
20	1	2	20	1	3	4	1760
20	1	2	20	1	4	3	1760
20	1	3	20	1	4	1	1760
20	2	1	20	2	2	4	1518
20	2	1	20	2	3	5	1518
20	2	1	20	2	4	6	1518
20	2	2	20	2	3	1	1518
20	2	2	20	2	4	2	1518
20	2	3	20	2	4	1	1518
20	3	1	20	3	2	5	1518
20	3	1	20	3	3	4	1518
20	3	1	20	3	4	4	1518
20	3	2	20	3	3	4	1518
20	3	2	20	3	4	2	1518
20	3	3	20	3	4	4	1518
21	1	1	21	1	2	0	1225
21	1	1	21	1	3	0	1225
21	1	1	21	1	4	0	1225
21	1	2	21	1	3	0	1225
21	1	2	21	1	4	0	1225
21	1	3	21	1	4	0	1225
22	1	1	22	1	2	8	1927
22	1	1	22	1	3	12	1927
22	1	1	22	1	4	12	1927
22	1	2	22	1	3	10	1927
22	1	2	22	1	4	11	1927
22	1	3	22	1	4	7	1927
23	1	1	23	1	2	1239	2524
23	1	1	23	1	3	1273	2524
23	1	1	23	1	4	1240	2524
23	1	2	23	1	3	1270	2524
23	1	2	23	1	4	1245	2524
23	1	3	23	1	4	1266	2524
24	1	1	24	1	2	17	1888
24	1	1	24	1	3	36	1888
24	1	1	24	1	4	43	1888
24	1	2	24	1	3	40	1888
24	1	2	24	1	4	47	1888
24	1	3	24	1	4	14	1888
25	1	1	25	1	2	1	1530
25	1	1	25	1	3	3	1530
25	1	1	25	1	4	4	1530
25	1	2	25	1	3	2	1530
25	1	2	25	1	4	3	1530
25	1	3	25	1	4	1	1530
26	1	1	26	1	2	3	1440
26	1	1	26	1	3	3	1440
26	1	1	26	1	4	3	1440
26	1	2	26	1	3	2	1440
26	1	2	26	1	4	1	1440
26	1	3	26	1	4	2	1440
27	1	1	27	1	2	5	1364
27	1	1	27	1	3	6	1364
27	1	1	27	1	4	8	1364
27	1	2	27	1	3	5	1364
27	1	2	27	1	4	7	1364
27	1	3	27	1	4	4	1364
28	1	1	28	1	2	4	1961
28	1	1	28	1	3	1	1961
28	1	1	28	1	4	2	1961
28	1	2	28	1	3	4	1961
28	1	2	28	1	4	4	1961
28	1	3	28	1	4	1	1961
29	1	1	29	1	2	19	1979
29	1	1	29	1	3	18	1979
29	1	1	29	1	4	17	1979
29	1	2	29	1	3	17	1979
29	1	2	29	1	4	14	1979
29	1	3	29	1	4	11	1979
29	2	1	29	2	2	0	224
29	2	1	29	2	3	0	224
29	2	1	29	2	4	0	224
29	2	2	29	2	3	0	224
29	2	2	29	2	4	0	224
29	2	3	29	2	4	0	224
30	1	1	30	1	2	4	1043
30	1	1	30	1	3	4	1043
30	1	1	30	1	4	5	1043
30	1	2	30	1	3	0	1043
30	1	2	30	1	4	1	1043
30	1	3	30	1	4	1	1043
30	2	1	30	2	2	10	1045
30	2	1	30	2	3	16	1045
30	2	1	30	2	4	24	1045
30	2	2	30	2	3	20	1045
30	2	2	30	2	4	15	1045
30	2	3	30	2	4	9	1045
31	1	1	31	1	2	4	1708
31	1	1	31	1	3	5	1708
31	1	1	31	1	4	2	1708
31	1	2	31	1	3	4	1708
31	1	2	31	1	4	2	1708
31	1	3	31	1	4	3	1708
32	1	1	32	1	2	0	1833
32	1	1	32	1	3	3	1833
32	1	1	32	1	4	2	1833
32	1	2	32	1	3	3	1833
32	1	2	32	1	4	2	1833
32	1	3	32	1	4	4	1833
33	1	1	33	1	2	0	1544
33	1	1	33	1	3	1	1544
33	1	1	33	1	4	2	1544
33	1	2	33	1	3	1	1544
33	1	2	33	1	4	2	1544
33	1	3	33	1	4	1	1544
33	2	1	33	2	2	2	727
33	2	1	33	2	3	2	727
33	2	1	33	2	4	2	727
33	2	2	33	2	3	1	727
33	2	2	33	2	4	2	727
33	2	3	33	2	4	1	727
34	1	1	34	1	2	2	1838
34	1	1	34	1	3	8	1838
34	1	1	34	1	4	4	1838
34	1	2	34	1	3	7	1838
34	1	2	34	1	4	2	1838
34	1	3	34	1	4	7	1838
35	1	1	35	1	2	27	2123
35	1	1	35	1	3	29	2123
35	1	1	35	1	4	27	2123
35	1	2	35	1	3	24	2123
35	1	2	35	1	4	35	2123
35	1	3	35	1	4	32	2123
36	1	1	36	1	2	4	2010
36	1	1	36	1	3	8	2010
36	1	1	36	1	4	8	2010
36	1	2	36	1	3	4	2010
36	1	2	36	1	4	4	2010
36	1	3	36	1	4	0	2010
37	1	1	37	1	2	15	1189
37	1	1	37	1	3	9	1189
37	1	1	37	1	4	12	1189
37	1	2	37	1	3	11	1189
37	1	2	37	1	4	5	1189
37	1	3	37	1	4	10	1189
38	1	1	38	1	2	3	1552
38	1	1	38	1	3	3	1552
38	1	1	38	1	4	1	1552
38	1	2	38	1	3	1	1552
38	1	2	38	1	4	3	1552
38	1	3	38	1	4	2	1552
39	1	1	39	1	2	15	1997
39	1	1	39	1	3	18	1997
39	1	1	39	1	4	23	1997
39	1	2	39	1	3	16	1997
39	1	2	39	1	4	20	1997
39	1	3	39	1	4	18	1997
40	1	1	40	1	2	2	1773
40	1	1	40	1	3	3	1773
40	1	1	40	1	4	4	1773
40	1	2	40	1	3	1	1773
40	1	2	40	1	4	2	1773
40	1	3	40	1	4	1	1773
40	2	1	40	2	2	1	898
40	2	1	40	2	3	1	898
40	2	1	40	2	4	1	898
40	2	2	40	2	3	0	898
40	2	2	40	2	4	0	898
40	2	3	40	2	4	0	898
40	3	1	40	3	2	0	703
40	3	1	40	3	3	0	703
40	3	1	40	3	4	0	703
40	3	2	40	3	3	0	703
40	3	2	40	3	4	0	703
40	3	3	40	3	4	0	703
40	4	1	40	4	2	0	812
40	4	1	40	4	3	0	812
40	4	1	40	4	4	4	812
40	4	2	40	4	3	0	812
40	4	2	40	4	4	4	812
40	4	3	40	4	4	4	812
41	1	1	41	1	2	2	1617
41	1	1	41	1	3	1	1617
41	1	1	41	1	4	1	1617
41	1	2	41	1	3	1	1617
41	1	2	41	1	4	1	1617
41	1	3	41	1	4	0	1617
42	1	1	42	1	2	99	2401
42	1	1	42	1	3	98	2401
42	1	1	42	1	4	101	2401
42	1	2	42	1	3	98	2401
42	1	2	42	1	4	110	2401
42	1	3	42	1	4	91	2401
43	1	1	43	1	2	4	1943
43	1	1	43	1	3	6	1943
43	1	1	43	1	4	4	1943
43	1	2	43	1	3	5	1943
43	1	2	43	1	4	4	1943
43	1	3	43	1	4	4	1943
43	2	1	43	2	2	0	830
43	2	1	43	2	3	1	830
43	2	1	43	2	4	1	830
43	2	2	43	2	3	1	830
43	2	2	43	2	4	1	830
43	2	3	43	2	4	0	830
44	1	1	44	1	2	0	1909
44	1	1	44	1	3	0	1909
44	1	1	44	1	4	1	1909
44	1	2	44	1	3	0	1909
44	1	2	44	1	4	1	1909
44	1	3	44	1	4	1	1909
44	2	1	44	2	2	0	661
44	2	1	44	2	3	4	661
44	2	1	44	2	4	4	661
44	2	2	44	2	3	4	661
44	2	2	44	2	4	4	661
44	2	3	44	2	4	0	661
46	1	1	46	1	2	0	1878
46	1	1	46	1	3	0	1878
46	1	1	46	1	4	0	1878
46	1	2	46	1	3	0	1878
46	1	2	46	1	4	0	1878
46	1	3	46	1	4	0	1878
47	1	1	47	1	2	1	1662
47	1	1	47	1	3	1	1662
47	1	1	47	1	4	1	1662
47	1	2	47	1	3	0	1662
47	1	2	47	1	4	0	1662
47	1	3	47	1	4	0	1662
48	1	1	48	1	2	0	1464
48	1	1	48	1	3	0	1464
48	1	1	48	1	4	0	1464
48	1	2	48	1	3	0	1464
48	1	2	48	1	4	0	1464
48	1	3	48	1	4	0	1464
49	1	1	49	1	2	1	1895
49	1	1	49	1	3	1	1895
49	1	1	49	1	4	2	1895
49	1	2	49	1	3	0	1895
49	1	2	49	1	4	3	1895
49	1	3	49	1	4	3	1895
50	1	1	50	1	2	10	1902
50	1	1	50	1	3	10	1902
50	1	1	50	1	4	2	1902
50	1	2	50	1	3	2	1902
50	1	2	50	1	4	12	1902
50	1	3	50	1	4	10	1902
51	1	1	51	1	2	2	1802
51	1	1	51	1	3	4	1802
51	1	1	51	1	4	4	1802
51	1	2	51	1	3	2	1802
51	1	2	51	1	4	2	1802
51	1	3	51	1	4	2	1802
52	1	1	52	1	2	3	1971
52	1	1	52	1	3	3	1971
52	1	1	52	1	4	4	1971
52	1	2	52	1	3	4	1971
52	1	2	52	1	4	5	1971
52	1	3	52	1	4	1	1971
54	1	1	54	1	2	134	2271
54	1	1	54	1	3	101	2271
54	1	1	54	1	4	134	2271
54	1	2	54	1	3	110	2271
54	1	2	54	1	4	101	2271
54	1	3	54	1	4	108	2271
55	1	1	55	1	2	2	1945
55	1	1	55	1	3	1	1945
55	1	1	55	1	4	1	1945
55	1	2	55	1	3	1	1945
55	1	2	55	1	4	1	1945
55	1	3	55	1	4	0	1945
55	2	1	55	2	2	2	1048
55	2	1	55	2	3	1	1048
55	2	1	55	2	4	1	1048
55	2	2	55	2	3	1	1048
55	2	2	55	2	4	1	1048
55	2	3	55	2	4	0	1048
56	1	1	56	1	2	7	1821
56	1	1	56	1	3	3	1821
56	1	1	56	1	4	3	1821
56	1	2	56	1	3	6	1821
56	1	2	56	1	4	4	1821
56	1	3	56	1	4	2	1821
57	1	1	57	1	2	5	1772
57	1	1	57	1	3	5	1772
57	1	1	57	1	4	5	1772
57	1	2	57	1	3	6	1772
57	1	2	57	1	4	5	1772
57	1	3	57	1	4	2	1772
58	1	1	58	1	2	3	1752
58	1	1	58	1	3	3	1752
58	1	1	58	1	4	2	1752
58	1	2	58	1	3	0	1752
58	1	2	58	1	4	3	1752
58	1	3	58	1	4	3	1752
60	1	1	60	1	2	4	2118
60	1	1	60	1	3	4	2118
60	1	1	60	1	4	5	2118
60	1	2	60	1	3	4	2118
60	1	2	60	1	4	5	2118
60	1	3	60	1	4	7	2118
61	1	1	61	1	2	461	1487
61	1	1	61	1	3	473	1487
61	1	1	61	1	4	437	1487
61	1	2	61	1	3	441	1487
61	1	2	61	1	4	430	1487
61	1	3	61	1	4	462	1487
62	1	1	62	1	2	2	1853
62	1	1	62	1	3	3	1853
62	1	1	62	1	4	3	1853
62	1	2	62	1	3	2	1853
62	1	2	62	1	4	4	1853
62	1	3	62	1	4	2	1853
63	1	1	63	1	2	2	2051
63	1	1	63	1	3	1	2051
63	1	1	63	1	4	2	2051
63	1	2	63	1	3	1	2051
63	1	2	63	1	4	2	2051
63	1	3	63	1	4	1	2051
64	1	1	64	1	2	0	1926
64	1	1	64	1	3	0	1926
64	1	1	64	1	4	0	1926
64	1	2	64	1	3	0	1926
64	1	2	64	1	4	0	1926
64	1	3	64	1	4	0	1926
65	1	1	65	1	2	0	1971
65	1	1	65	1	3	0	1971
65	1	1	65	1	4	0	1971
65	1	2	65	1	3	0	1971
65	1	2	65	1	4	0	1971
65	1	3	65	1	4	0	1971
65	2	1	65	2	2	0	479
65	2	1	65	2	3	0	479
65	2	1	65	2	4	0	479
65	2	2	65	2	3	0	479
65	2	2	65	2	4	0	479
65	2	3	65	2	4	0	479
66	1	1	66	1	2	292	1396
66	1	1	66	1	3	265	1396
66	1	1	66	1	4	271	1396
66	1	2	66	1	3	279	1396
66	1	2	66	1	4	275	1396
66	1	3	66	1	4	269	1396
67	1	1	67	1	2	1	2079
67	1	1	67	1	3	1	2079
67	1	1	67	1	4	1	2079
67	1	2	67	1	3	0	2079
67	1	2	67	1	4	0	2079
67	1	3	67	1	4	0	2079
68	1	1	68	1	2	0	1466
68	1	1	68	1	3	1	1466
68	1	1	68	1	4	1	1466
68	1	2	68	1	3	1	1466
68	1	2	68	1	4	1	1466
68	1	3	68	1	4	2	1466
68	2	1	68	2	2	0	1396
68	2	1	68	2	3	1	1396
68	2	1	68	2	4	1	1396
68	2	2	68	2	3	1	1396
68	2	2	68	2	4	1	1396
68	2	3	68	2	4	0	1396
69	1	1	69	1	2	2	1720
69	1	1	69	1	3	3	1720
69	1	1	69	1	4	4	1720
69	1	2	69	1	3	4	1720
69	1	2	69	1	4	3	1720
69	1	3	69	1	4	3	1720
69	2	1	69	2	2	1	1148
69	2	1	69	2	3	1	1148
69	2	1	69	2	4	1	1148
69	2	2	69	2	3	0	1148
69	2	2	69	2	4	0	1148
69	2	3	69	2	4	0	1148
69	3	1	69	3	2	0	894
69	3	1	69	3	3	0	894
69	3	1	69	3	4	0	894
69	3	2	69	3	3	0	894
69	3	2	69	3	4	0	894
69	3	3	69	3	4	0	894
70	1	1	70	1	2	0	832
70	1	1	70	1	3	0	832
70	1	1	70	1	4	0	832
70	1	2	70	1	3	0	832
70	1	2	70	1	4	0	832
70	1	3	70	1	4	0	832
71	1	1	71	1	2	0	1560
71	1	1	71	1	3	0	1560
71	1	1	71	1	4	0	1560
71	1	2	71	1	3	0	1560
71	1	2	71	1	4	0	1560
71	1	3	71	1	4	0	1560
72	1	1	72	1	2	0	1476
72	1	1	72	1	3	0	1476
72	1	1	72	1	4	1	1476
72	1	2	72	1	3	0	1476
72	1	2	72	1	4	1	1476
72	1	3	72	1	4	1	1476
73	1	1	73	1	2	1	1760
73	1	1	73	1	3	1	1760
73	1	1	73	1	4	2	1760
73	1	2	73	1	3	0	1760
73	1	2	73	1	4	1	1760
73	1	3	73	1	4	1	1760
74	1	1	74	1	2	1	750
74	1	1	74	1	3	1	750
74	1	1	74	1	4	2	750
74	1	2	74	1	3	0	750
74	1	2	74	1	4	1	750
74	1	3	74	1	4	1	750
75	1	1	75	1	2	41	3052
75	1	1	75	1	3	36	3052
75	1	1	75	1	4	50	3052
75	1	2	75	1	3	31	3052
75	1	2	75	1	4	49	3052
75	1	3	75	1	4	47	3052
75	2	1	75	2	2	2	1039
75	2	1	75	2	3	2	1039
75	2	1	75	2	4	2	1039
75	2	2	75	2	3	0	1039
75	2	2	75	2	4	0	1039
75	2	3	75	2	4	0	1039
76	1	1	76	1	2	4	1957
76	1	1	76	1	3	4	1957
76	1	1	76	1	4	2	1957
76	1	2	76	1	3	0	1957
76	1	2	76	1	4	2	1957
76	1	3	76	1	4	2	1957
78	1	1	78	1	2	2	1584
78	1	1	78	1	3	5	1584
78	1	1	78	1	4	3	1584
78	1	2	78	1	3	5	1584
78	1	2	78	1	4	5	1584
78	1	3	78	1	4	4	1584
78	2	1	78	2	2	1	684
78	2	1	78	2	3	2	684
78	2	1	78	2	4	2	684
78	2	2	78	2	3	1	684
78	2	2	78	2	4	2	684
78	2	3	78	2	4	1	684
80	1	1	80	1	2	15	1229
80	1	1	80	1	3	22	1229
80	1	1	80	1	4	16	1229
80	1	2	80	1	3	14	1229
80	1	2	80	1	4	17	1229
80	1	3	80	1	4	21	1229
81	1	1	81	1	2	0	1980
81	1	1	81	1	3	0	1980
81	1	1	81	1	4	1	1980
81	1	2	81	1	3	0	1980
81	1	2	81	1	4	1	1980
81	1	3	81	1	4	1	1980
82	1	1	82	1	2	41	1858
82	1	1	82	1	3	26	1858
82	1	1	82	1	4	41	1858
82	1	2	82	1	3	37	1858
82	1	2	82	1	4	28	1858
82	1	3	82	1	4	37	1858
83	1	1	83	1	2	2	1424
83	1	1	83	1	3	4	1424
83	1	1	83	1	4	4	1424
83	1	2	83	1	3	4	1424
83	1	2	83	1	4	4	1424
83	1	3	83	1	4	0	1424
84	1	1	84	1	2	3	2175
84	1	1	84	1	3	1	2175
84	1	1	84	1	4	2	2175
84	1	2	84	1	3	2	2175
84	1	2	84	1	4	3	2175
84	1	3	84	1	4	1	2175
84	2	1	84	2	2	0	1496
84	2	1	84	2	3	0	1496
84	2	1	84	2	4	1	1496
84	2	2	84	2	3	0	1496
84	2	2	84	2	4	1	1496
84	2	3	84	2	4	1	1496
84	3	1	84	3	2	0	1181
84	3	1	84	3	3	0	1181
84	3	1	84	3	4	0	1181
84	3	2	84	3	3	0	1181
84	3	2	84	3	4	0	1181
84	3	3	84	3	4	0	1181
85	1	1	85	1	2	5	1583
85	1	1	85	1	3	4	1583
85	1	1	85	1	4	4	1583
85	1	2	85	1	3	3	1583
85	1	2	85	1	4	3	1583
85	1	3	85	1	4	0	1583
86	1	1	86	1	2	2	2078
86	1	1	86	1	3	10	2078
86	1	1	86	1	4	8	2078
86	1	2	86	1	3	8	2078
86	1	2	86	1	4	6	2078
86	1	3	86	1	4	6	2078
88	1	1	88	1	2	3	1130
88	1	1	88	1	3	5	1130
88	1	1	88	1	4	2	1130
88	1	2	88	1	3	2	1130
88	1	2	88	1	4	4	1130
88	1	3	88	1	4	5	1130
88	2	1	88	2	2	42	1007
88	2	1	88	2	3	41	1007
88	2	1	88	2	4	41	1007
88	2	2	88	2	3	41	1007
88	2	2	88	2	4	46	1007
88	2	3	88	2	4	57	1007
88	3	1	88	3	2	3	706
88	3	1	88	3	3	3	706
88	3	1	88	3	4	4	706
88	3	2	88	3	3	2	706
88	3	2	88	3	4	1	706
88	3	3	88	3	4	1	706
88	4	1	88	4	2	0	714
88	4	1	88	4	3	0	714
88	4	1	88	4	4	0	714
88	4	2	88	4	3	0	714
88	4	2	88	4	4	0	714
88	4	3	88	4	4	0	714
88	5	1	88	5	2	0	411
88	5	1	88	5	3	0	411
88	5	1	88	5	4	0	411
88	5	2	88	5	3	0	411
88	5	2	88	5	4	0	411
88	5	3	88	5	4	0	411
88	6	1	88	6	2	0	459
88	6	1	88	6	3	0	459
88	6	1	88	6	4	0	459
88	6	2	88	6	3	0	459
88	6	2	88	6	4	0	459
88	6	3	88	6	4	0	459
88	7	1	88	7	2	0	392
88	7	1	88	7	3	0	392
88	7	1	88	7	4	0	392
88	7	2	88	7	3	0	392
88	7	2	88	7	4	0	392
88	7	3	88	7	4	0	392
89	1	1	89	1	2	2	1405
89	1	1	89	1	3	1	1405
89	1	1	89	1	4	2	1405
89	1	2	89	1	3	1	1405
89	1	2	89	1	4	4	1405
89	1	3	89	1	4	3	1405
90	1	1	90	1	2	1	1624
90	1	1	90	1	3	2	1624
90	1	1	90	1	4	2	1624
90	1	2	90	1	3	3	1624
90	1	2	90	1	4	3	1624
90	1	3	90	1	4	2	1624
91	1	1	91	1	2	15	2071
91	1	1	91	1	3	16	2071
91	1	1	91	1	4	16	2071
91	1	2	91	1	3	10	2071
91	1	2	91	1	4	9	2071
91	1	3	91	1	4	13	2071
92	1	1	92	1	2	176	2038
92	1	1	92	1	3	190	2038
92	1	1	92	1	4	197	2038
92	1	2	92	1	3	200	2038
92	1	2	92	1	4	162	2038
92	1	3	92	1	4	191	2038
93	1	1	93	1	2	0	1650
93	1	1	93	1	3	0	1650
93	1	1	93	1	4	0	1650
93	1	2	93	1	3	0	1650
93	1	2	93	1	4	0	1650
93	1	3	93	1	4	0	1650
94	1	1	94	1	2	20	1777
94	1	1	94	1	3	19	1777
94	1	1	94	1	4	22	1777
94	1	2	94	1	3	19	1777
94	1	2	94	1	4	16	1777
94	1	3	94	1	4	9	1777
95	1	1	95	1	2	3	1985
95	1	1	95	1	3	2	1985
95	1	1	95	1	4	2	1985
95	1	2	95	1	3	1	1985
95	1	2	95	1	4	1	1985
95	1	3	95	1	4	0	1985
96	1	1	96	1	2	1	1808
96	1	1	96	1	3	3	1808
96	1	1	96	1	4	1	1808
96	1	2	96	1	3	2	1808
96	1	2	96	1	4	2	1808
96	1	3	96	1	4	4	1808
98	1	1	98	1	2	38	1670
98	1	1	98	1	3	54	1670
98	1	1	98	1	4	40	1670
98	1	2	98	1	3	32	1670
98	1	2	98	1	4	43	1670
98	1	3	98	1	4	37	1670
98	2	1	98	2	2	0	781
98	2	1	98	2	3	0	781
98	2	1	98	2	4	0	781
98	2	2	98	2	3	0	781
98	2	2	98	2	4	0	781
98	2	3	98	2	4	0	781
99	1	1	99	1	2	3	1866
99	1	1	99	1	3	3	1866
99	1	1	99	1	4	2	1866
99	1	2	99	1	3	0	1866
99	1	2	99	1	4	1	1866
99	1	3	99	1	4	1	1866
100	1	1	100	1	2	42	1941
100	1	1	100	1	3	35	1941
100	1	1	100	1	4	53	1941
100	1	2	100	1	3	36	1941
100	1	2	100	1	4	45	1941
100	1	3	100	1	4	37	1941
101	1	1	101	1	2	10	2187
101	1	1	101	1	3	9	2187
101	1	1	101	1	4	10	2187
101	1	2	101	1	3	9	2187
101	1	2	101	1	4	10	2187
101	1	3	101	1	4	5	2187
102	1	1	102	1	2	45	2219
102	1	1	102	1	3	55	2219
102	1	1	102	1	4	49	2219
102	1	2	102	1	3	57	2219
102	1	2	102	1	4	62	2219
102	1	3	102	1	4	53	2219
102	2	1	102	2	2	6	680
102	2	1	102	2	3	9	680
102	2	1	102	2	4	9	680
102	2	2	102	2	3	5	680
102	2	2	102	2	4	9	680
102	2	3	102	2	4	4	680
103	1	1	103	1	2	8	871
103	1	1	103	1	3	8	871
103	1	1	103	1	4	8	871
103	1	2	103	1	3	1	871
103	1	2	103	1	4	1	871
103	1	3	103	1	4	0	871
104	1	1	104	1	2	1	1735
104	1	1	104	1	3	2	1735
104	1	1	104	1	4	3	1735
104	1	2	104	1	3	1	1735
104	1	2	104	1	4	4	1735
104	1	3	104	1	4	4	1735
104	2	1	104	2	2	0	821
104	2	1	104	2	3	0	821
104	2	1	104	2	4	0	821
104	2	2	104	2	3	0	821
104	2	2	104	2	4	0	821
104	2	3	104	2	4	0	821
105	1	1	105	1	2	17	1602
105	1	1	105	1	3	7	1602
105	1	1	105	1	4	20	1602
105	1	2	105	1	3	16	1602
105	1	2	105	1	4	14	1602
105	1	3	105	1	4	18	1602
107	1	1	107	1	2	1109	3366
107	1	1	107	1	3	1130	3366
107	1	1	107	1	4	1129	3366
107	1	2	107	1	3	1146	3366
107	1	2	107	1	4	1126	3366
107	1	3	107	1	4	1123	3366
108	1	1	108	1	2	37	1130
108	1	1	108	1	3	31	1130
108	1	1	108	1	4	26	1130
108	1	2	108	1	3	28	1130
108	1	2	108	1	4	24	1130
108	1	3	108	1	4	31	1130
108	2	1	108	2	2	0	883
108	2	1	108	2	3	0	883
108	2	1	108	2	4	0	883
108	2	2	108	2	3	0	883
108	2	2	108	2	4	0	883
108	2	3	108	2	4	0	883
109	1	1	109	1	2	3	1245
109	1	1	109	1	3	3	1245
109	1	1	109	1	4	5	1245
109	1	2	109	1	3	0	1245
109	1	2	109	1	4	4	1245
109	1	3	109	1	4	4	1245
110	1	1	110	1	2	6	1981
110	1	1	110	1	3	3	1981
110	1	1	110	1	4	10	1981
110	1	2	110	1	3	5	1981
110	1	2	110	1	4	9	1981
110	1	3	110	1	4	9	1981
111	1	1	111	1	2	2	1124
111	1	1	111	1	3	3	1124
111	1	1	111	1	4	2	1124
111	1	2	111	1	3	3	1124
111	1	2	111	1	4	2	1124
111	1	3	111	1	4	1	1124
112	1	1	112	1	2	8	1559
112	1	1	112	1	3	6	1559
112	1	1	112	1	4	7	1559
112	1	2	112	1	3	2	1559
112	1	2	112	1	4	4	1559
112	1	3	112	1	4	2	1559
113	1	1	113	1	2	2	1060
113	1	1	113	1	3	2	1060
113	1	1	113	1	4	2	1060
113	1	2	113	1	3	0	1060
113	1	2	113	1	4	2	1060
113	1	3	113	1	4	2	1060
114	1	1	114	1	2	6	1686
114	1	1	114	1	3	6	1686
114	1	1	114	1	4	6	1686
114	1	2	114	1	3	6	1686
114	1	2	114	1	4	4	1686
114	1	3	114	1	4	6	1686
115	1	1	115	1	2	2	1552
115	1	1	115	1	3	4	1552
115	1	1	115	1	4	3	1552
115	1	2	115	1	3	2	1552
115	1	2	115	1	4	4	1552
115	1	3	115	1	4	2	1552
118	1	1	118	1	2	0	1967
118	1	1	118	1	3	0	1967
118	1	1	118	1	4	1	1967
118	1	2	118	1	3	0	1967
118	1	2	118	1	4	1	1967
118	1	3	118	1	4	1	1967
119	1	1	119	1	2	5	1996
119	1	1	119	1	3	10	1996
119	1	1	119	1	4	12	1996
119	1	2	119	1	3	11	1996
119	1	2	119	1	4	9	1996
119	1	3	119	1	4	2	1996
121	1	1	121	1	2	1	1540
121	1	1	121	1	3	2	1540
121	1	1	121	1	4	2	1540
121	1	2	121	1	3	1	1540
121	1	2	121	1	4	1	1540
121	1	3	121	1	4	2	1540
122	1	1	122	1	2	7	1889
122	1	1	122	1	3	5	1889
122	1	1	122	1	4	6	1889
122	1	2	122	1	3	6	1889
122	1	2	122	1	4	7	1889
122	1	3	122	1	4	1	1889
123	1	1	123	1	2	1	1280
123	1	1	123	1	3	1	1280
123	1	1	123	1	4	1	1280
123	1	2	123	1	3	0	1280
123	1	2	123	1	4	0	1280
123	1	3	123	1	4	0	1280
124	1	1	124	1	2	9	2069
124	1	1	124	1	3	2	2069
124	1	1	124	1	4	3	2069
124	1	2	124	1	3	11	2069
124	1	2	124	1	4	10	2069
124	1	3	124	1	4	1	2069
125	1	1	125	1	2	0	1867
125	1	1	125	1	3	3	1867
125	1	1	125	1	4	3	1867
125	1	2	125	1	3	3	1867
125	1	2	125	1	4	3	1867
125	1	3	125	1	4	2	1867
126	1	1	126	1	2	0	2505
126	1	1	126	1	3	0	2505
126	1	1	126	1	4	1	2505
126	1	2	126	1	3	0	2505
126	1	2	126	1	4	1	2505
126	1	3	126	1	4	1	2505
127	1	1	127	1	2	2	1413
127	1	1	127	1	3	2	1413
127	1	1	127	1	4	3	1413
127	1	2	127	1	3	0	1413
127	1	2	127	1	4	1	1413
127	1	3	127	1	4	1	1413
128	1	1	128	1	2	0	2007
128	1	1	128	1	3	0	2007
128	1	1	128	1	4	0	2007
128	1	2	128	1	3	0	2007
128	1	2	128	1	4	0	2007
128	1	3	128	1	4	0	2007
129	1	1	129	1	2	178	2298
129	1	1	129	1	3	185	2298
129	1	1	129	1	4	180	2298
129	1	2	129	1	3	178	2298
129	1	2	129	1	4	191	2298
129	1	3	129	1	4	193	2298
130	1	1	130	1	2	4	2266
130	1	1	130	1	3	4	2266
130	1	1	130	1	4	5	2266
130	1	2	130	1	3	2	2266
130	1	2	130	1	4	3	2266
130	1	3	130	1	4	3	2266
131	1	1	131	1	2	3	1585
131	1	1	131	1	3	2	1585
131	1	1	131	1	4	5	1585
131	1	2	131	1	3	3	1585
131	1	2	131	1	4	2	1585
131	1	3	131	1	4	4	1585
132	1	1	132	1	2	3	1165
132	1	1	132	1	3	4	1165
132	1	1	132	1	4	7	1165
132	1	2	132	1	3	3	1165
132	1	2	132	1	4	6	1165
132	1	3	132	1	4	7	1165
133	1	1	133	1	2	0	1358
133	1	1	133	1	3	1	1358
133	1	1	133	1	4	1	1358
133	1	2	133	1	3	1	1358
133	1	2	133	1	4	1	1358
133	1	3	133	1	4	0	1358
135	1	1	135	1	2	0	2158
135	1	1	135	1	3	1	2158
135	1	1	135	1	4	3	2158
135	1	2	135	1	3	1	2158
135	1	2	135	1	4	3	2158
135	1	3	135	1	4	2	2158
136	1	1	136	1	2	1	1478
136	1	1	136	1	3	1	1478
136	1	1	136	1	4	1	1478
136	1	2	136	1	3	0	1478
136	1	2	136	1	4	0	1478
136	1	3	136	1	4	0	1478
137	1	1	137	1	2	8	1930
137	1	1	137	1	3	12	1930
137	1	1	137	1	4	12	1930
137	1	2	137	1	3	11	1930
137	1	2	137	1	4	10	1930
137	1	3	137	1	4	6	1930
137	2	1	137	2	2	0	1185
137	2	1	137	2	3	1	1185
137	2	1	137	2	4	2	1185
137	2	2	137	2	3	1	1185
137	2	2	137	2	4	2	1185
137	2	3	137	2	4	1	1185
140	1	1	140	1	2	28	1733
140	1	1	140	1	3	31	1733
140	1	1	140	1	4	26	1733
140	1	2	140	1	3	27	1733
140	1	2	140	1	4	32	1733
140	1	3	140	1	4	29	1733
141	1	1	141	1	2	5	1655
141	1	1	141	1	3	4	1655
141	1	1	141	1	4	5	1655
141	1	2	141	1	3	5	1655
141	1	2	141	1	4	4	1655
141	1	3	141	1	4	3	1655
143	1	1	143	1	2	0	1833
143	1	1	143	1	3	3	1833
143	1	1	143	1	4	3	1833
143	1	2	143	1	3	3	1833
143	1	2	143	1	4	3	1833
143	1	3	143	1	4	2	1833
144	1	1	144	1	2	5	1712
144	1	1	144	1	3	3	1712
144	1	1	144	1	4	1	1712
144	1	2	144	1	3	2	1712
144	1	2	144	1	4	4	1712
144	1	3	144	1	4	2	1712
145	1	1	145	1	2	2	1843
145	1	1	145	1	3	2	1843
145	1	1	145	1	4	2	1843
145	1	2	145	1	3	2	1843
145	1	2	145	1	4	2	1843
145	1	3	145	1	4	2	1843
146	1	1	146	1	2	4	2155
146	1	1	146	1	3	4	2155
146	1	1	146	1	4	9	2155
146	1	2	146	1	3	4	2155
146	1	2	146	1	4	7	2155
146	1	3	146	1	4	5	2155
147	1	1	147	1	2	0	967
147	1	1	147	1	3	1	967
147	1	1	147	1	4	1	967
147	1	2	147	1	3	1	967
147	1	2	147	1	4	1	967
147	1	3	147	1	4	0	967
149	1	1	149	1	2	2	1279
149	1	1	149	1	3	2	1279
149	1	1	149	1	4	1	1279
149	1	2	149	1	3	0	1279
149	1	2	149	1	4	1	1279
149	1	3	149	1	4	1	1279
149	2	1	149	2	2	3	1145
149	2	1	149	2	3	5	1145
149	2	1	149	2	4	5	1145
149	2	2	149	2	3	6	1145
149	2	2	149	2	4	6	1145
149	2	3	149	2	4	2	1145
149	3	1	149	3	2	0	699
149	3	1	149	3	3	0	699
149	3	1	149	3	4	1	699
149	3	2	149	3	3	0	699
149	3	2	149	3	4	1	699
149	3	3	149	3	4	1	699
150	1	1	150	1	2	2	1620
150	1	1	150	1	3	3	1620
150	1	1	150	1	4	1	1620
150	1	2	150	1	3	1	1620
150	1	2	150	1	4	1	1620
150	1	3	150	1	4	2	1620
151	1	1	151	1	2	1	1572
151	1	1	151	1	3	2	1572
151	1	1	151	1	4	2	1572
151	1	2	151	1	3	1	1572
151	1	2	151	1	4	1	1572
151	1	3	151	1	4	0	1572
151	2	1	151	2	2	0	1007
151	2	1	151	2	3	0	1007
151	2	1	151	2	4	0	1007
151	2	2	151	2	3	0	1007
151	2	2	151	2	4	0	1007
151	2	3	151	2	4	0	1007
152	1	1	152	1	2	1	1977
152	1	1	152	1	3	2	1977
152	1	1	152	1	4	3	1977
152	1	2	152	1	3	2	1977
152	1	2	152	1	4	2	1977
152	1	3	152	1	4	3	1977
153	1	1	153	1	2	7	2020
153	1	1	153	1	3	7	2020
153	1	1	153	1	4	7	2020
153	1	2	153	1	3	2	2020
153	1	2	153	1	4	2	2020
153	1	3	153	1	4	0	2020
153	2	1	153	2	2	1	1848
153	2	1	153	2	3	1	1848
153	2	1	153	2	4	1	1848
153	2	2	153	2	3	0	1848
153	2	2	153	2	4	0	1848
153	2	3	153	2	4	0	1848
153	3	1	153	3	2	1	1158
153	3	1	153	3	3	2	1158
153	3	1	153	3	4	2	1158
153	3	2	153	3	3	3	1158
153	3	2	153	3	4	3	1158
153	3	3	153	3	4	0	1158
154	1	1	154	1	2	0	382
154	1	1	154	1	3	0	382
154	1	1	154	1	4	0	382
154	1	2	154	1	3	0	382
154	1	2	154	1	4	0	382
154	1	3	154	1	4	0	382
155	1	1	155	1	2	1	1469
155	1	1	155	1	3	1	1469
155	1	1	155	1	4	3	1469
155	1	2	155	1	3	0	1469
155	1	2	155	1	4	2	1469
155	1	3	155	1	4	2	1469
155	2	1	155	2	2	0	904
155	2	1	155	2	3	0	904
155	2	1	155	2	4	1	904
155	2	2	155	2	3	0	904
155	2	2	155	2	4	1	904
155	2	3	155	2	4	1	904
156	1	1	156	1	2	2	1729
156	1	1	156	1	3	6	1729
156	1	1	156	1	4	4	1729
156	1	2	156	1	3	5	1729
156	1	2	156	1	4	2	1729
156	1	3	156	1	4	7	1729
157	1	1	157	1	2	0	2003
157	1	1	157	1	3	2	2003
157	1	1	157	1	4	1	2003
157	1	2	157	1	3	2	2003
157	1	2	157	1	4	1	2003
157	1	3	157	1	4	1	2003
158	1	1	158	1	2	3	1760
158	1	1	158	1	3	2	1760
158	1	1	158	1	4	3	1760
158	1	2	158	1	3	1	1760
158	1	2	158	1	4	3	1760
158	1	3	158	1	4	3	1760
159	1	1	159	1	2	0	1905
159	1	1	159	1	3	1	1905
159	1	1	159	1	4	1	1905
159	1	2	159	1	3	1	1905
159	1	2	159	1	4	1	1905
159	1	3	159	1	4	0	1905
159	2	1	159	2	2	3	890
159	2	1	159	2	3	3	890
159	2	1	159	2	4	8	890
159	2	2	159	2	3	3	890
159	2	2	159	2	4	8	890
159	2	3	159	2	4	5	890
159	3	1	159	3	2	0	623
159	3	1	159	3	3	1	623
159	3	1	159	3	4	1	623
159	3	2	159	3	3	1	623
159	3	2	159	3	4	1	623
159	3	3	159	3	4	1	623
160	1	1	160	1	2	1	1845
160	1	1	160	1	3	1	1845
160	1	1	160	1	4	2	1845
160	1	2	160	1	3	2	1845
160	1	2	160	1	4	3	1845
160	1	3	160	1	4	1	1845
160	2	1	160	2	2	1	1983
160	2	1	160	2	3	1	1983
160	2	1	160	2	4	1	1983
160	2	2	160	2	3	0	1983
160	2	2	160	2	4	0	1983
160	2	3	160	2	4	0	1983
161	1	1	161	1	2	1	2042
161	1	1	161	1	3	1	2042
161	1	1	161	1	4	2	2042
161	1	2	161	1	3	0	2042
161	1	2	161	1	4	1	2042
161	1	3	161	1	4	1	2042
161	2	1	161	2	2	0	828
161	2	1	161	2	3	0	828
161	2	1	161	2	4	1	828
161	2	2	161	2	3	0	828
161	2	2	161	2	4	1	828
161	2	3	161	2	4	1	828
161	3	1	161	3	2	0	788
161	3	1	161	3	3	0	788
161	3	1	161	3	4	0	788
161	3	2	161	3	3	0	788
161	3	2	161	3	4	0	788
161	3	3	161	3	4	0	788
161	4	1	161	4	2	0	505
161	4	1	161	4	3	0	505
161	4	1	161	4	4	0	505
161	4	2	161	4	3	0	505
161	4	2	161	4	4	0	505
161	4	3	161	4	4	0	505
164	1	1	164	1	2	71	3375
164	1	1	164	1	3	62	3375
164	1	1	164	1	4	61	3375
164	1	2	164	1	3	65	3375
164	1	2	164	1	4	58	3375
164	1	3	164	1	4	65	3375
165	1	1	165	1	2	4	1783
165	1	1	165	1	3	5	1783
165	1	1	165	1	4	3	1783
165	1	2	165	1	3	5	1783
165	1	2	165	1	4	3	1783
165	1	3	165	1	4	2	1783
166	1	1	166	1	2	4	1785
166	1	1	166	1	3	4	1785
166	1	1	166	1	4	4	1785
166	1	2	166	1	3	2	1785
166	1	2	166	1	4	4	1785
166	1	3	166	1	4	3	1785
167	1	1	167	1	2	0	1899
167	1	1	167	1	3	0	1899
167	1	1	167	1	4	0	1899
167	1	2	167	1	3	0	1899
167	1	2	167	1	4	0	1899
167	1	3	167	1	4	0	1899
169	1	1	169	1	2	2	1594
169	1	1	169	1	3	1	1594
169	1	1	169	1	4	2	1594
169	1	2	169	1	3	1	1594
169	1	2	169	1	4	2	1594
169	1	3	169	1	4	1	1594
170	1	1	170	1	2	1	1978
170	1	1	170	1	3	2	1978
170	1	1	170	1	4	2	1978
170	1	2	170	1	3	1	1978
170	1	2	170	1	4	1	1978
170	1	3	170	1	4	0	1978
171	1	1	171	1	2	0	1420
171	1	1	171	1	3	1	1420
171	1	1	171	1	4	2	1420
171	1	2	171	1	3	1	1420
171	1	2	171	1	4	2	1420
171	1	3	171	1	4	3	1420
172	1	1	172	1	2	3	1874
172	1	1	172	1	3	1	1874
172	1	1	172	1	4	2	1874
172	1	2	172	1	3	4	1874
172	1	2	172	1	4	3	1874
172	1	3	172	1	4	1	1874
173	1	1	173	1	2	43	1276
173	1	1	173	1	3	56	1276
173	1	1	173	1	4	57	1276
173	1	2	173	1	3	56	1276
173	1	2	173	1	4	75	1276
173	1	3	173	1	4	60	1276
174	1	1	174	1	2	0	1975
174	1	1	174	1	3	2	1975
174	1	1	174	1	4	2	1975
174	1	2	174	1	3	2	1975
174	1	2	174	1	4	2	1975
174	1	3	174	1	4	0	1975
175	1	1	175	1	2	1	1907
175	1	1	175	1	3	1	1907
175	1	1	175	1	4	1	1907
175	1	2	175	1	3	0	1907
175	1	2	175	1	4	0	1907
175	1	3	175	1	4	0	1907
176	1	1	176	1	2	1	2037
176	1	1	176	1	3	1	2037
176	1	1	176	1	4	1	2037
176	1	2	176	1	3	0	2037
176	1	2	176	1	4	0	2037
176	1	3	176	1	4	0	2037
177	1	1	177	1	2	4	1912
177	1	1	177	1	3	2	1912
177	1	1	177	1	4	1	1912
177	1	2	177	1	3	2	1912
177	1	2	177	1	4	3	1912
177	1	3	177	1	4	1	1912
178	1	1	178	1	2	0	1530
178	1	1	178	1	3	0	1530
178	1	1	178	1	4	0	1530
178	1	2	178	1	3	0	1530
178	1	2	178	1	4	0	1530
178	1	3	178	1	4	0	1530
178	2	1	178	2	2	2	910
178	2	1	178	2	3	4	910
178	2	1	178	2	4	4	910
178	2	2	178	2	3	4	910
178	2	2	178	2	4	2	910
178	2	3	178	2	4	2	910
179	1	1	179	1	2	6	2077
179	1	1	179	1	3	8	2077
179	1	1	179	1	4	3	2077
179	1	2	179	1	3	8	2077
179	1	2	179	1	4	7	2077
179	1	3	179	1	4	9	2077
180	1	1	180	1	2	2	2077
180	1	1	180	1	3	1	2077
180	1	1	180	1	4	6	2077
180	1	2	180	1	3	1	2077
180	1	2	180	1	4	4	2077
180	1	3	180	1	4	5	2077
181	1	1	181	1	2	4	1926
181	1	1	181	1	3	5	1926
181	1	1	181	1	4	6	1926
181	1	2	181	1	3	7	1926
181	1	2	181	1	4	4	1926
181	1	3	181	1	4	3	1926
182	1	1	182	1	2	0	1627
182	1	1	182	1	3	0	1627
182	1	1	182	1	4	1	1627
182	1	2	182	1	3	0	1627
182	1	2	182	1	4	1	1627
182	1	3	182	1	4	1	1627
183	1	1	183	1	2	0	1562
183	1	1	183	1	3	2	1562
183	1	1	183	1	4	1	1562
183	1	2	183	1	3	2	1562
183	1	2	183	1	4	1	1562
183	1	3	183	1	4	1	1562
184	1	1	184	1	2	4	1967
184	1	1	184	1	3	3	1967
184	1	1	184	1	4	4	1967
184	1	2	184	1	3	3	1967
184	1	2	184	1	4	2	1967
184	1	3	184	1	4	1	1967
185	1	1	185	1	2	1	1992
185	1	1	185	1	3	1	1992
185	1	1	185	1	4	2	1992
185	1	2	185	1	3	0	1992
185	1	2	185	1	4	1	1992
185	1	3	185	1	4	1	1992
186	1	1	186	1	2	2	1412
186	1	1	186	1	3	2	1412
186	1	1	186	1	4	5	1412
186	1	2	186	1	3	0	1412
186	1	2	186	1	4	3	1412
186	1	3	186	1	4	3	1412
187	1	1	187	1	2	0	1608
187	1	1	187	1	3	0	1608
187	1	1	187	1	4	0	1608
187	1	2	187	1	3	0	1608
187	1	2	187	1	4	0	1608
187	1	3	187	1	4	0	1608
188	1	1	188	1	2	1	2038
188	1	1	188	1	3	2	2038
188	1	1	188	1	4	2	2038
188	1	2	188	1	3	1	2038
188	1	2	188	1	4	1	2038
188	1	3	188	1	4	0	2038
189	1	1	189	1	2	0	1488
189	1	1	189	1	3	0	1488
189	1	1	189	1	4	0	1488
189	1	2	189	1	3	0	1488
189	1	2	189	1	4	0	1488
189	1	3	189	1	4	0	1488
189	2	1	189	2	2	3	1510
189	2	1	189	2	3	5	1510
189	2	1	189	2	4	5	1510
189	2	2	189	2	3	6	1510
189	2	2	189	2	4	6	1510
189	2	3	189	2	4	0	1510
190	1	1	190	1	2	0	1320
190	1	1	190	1	3	0	1320
190	1	1	190	1	4	0	1320
190	1	2	190	1	3	0	1320
190	1	2	190	1	4	0	1320
190	1	3	190	1	4	0	1320
192	1	1	192	1	2	2	2055
192	1	1	192	1	3	2	2055
192	1	1	192	1	4	2	2055
192	1	2	192	1	3	0	2055
192	1	2	192	1	4	0	2055
192	1	3	192	1	4	0	2055
193	1	1	193	1	2	2	1740
193	1	1	193	1	3	4	1740
193	1	1	193	1	4	4	1740
193	1	2	193	1	3	4	1740
193	1	2	193	1	4	4	1740
193	1	3	193	1	4	0	1740
194	1	1	194	1	2	4	1696
194	1	1	194	1	3	3	1696
194	1	1	194	1	4	2	1696
194	1	2	194	1	3	3	1696
194	1	2	194	1	4	4	1696
194	1	3	194	1	4	1	1696
194	2	1	194	2	2	0	623
194	2	1	194	2	3	0	623
194	2	1	194	2	4	0	623
194	2	2	194	2	3	0	623
194	2	2	194	2	4	0	623
194	2	3	194	2	4	0	623
194	3	1	194	3	2	0	513
194	3	1	194	3	3	0	513
194	3	1	194	3	4	0	513
194	3	2	194	3	3	0	513
194	3	2	194	3	4	0	513
194	3	3	194	3	4	0	513
195	1	1	195	1	2	0	1392
195	1	1	195	1	3	2	1392
195	1	1	195	1	4	2	1392
195	1	2	195	1	3	2	1392
195	1	2	195	1	4	2	1392
195	1	3	195	1	4	0	1392
195	2	1	195	2	2	0	434
195	2	1	195	2	3	0	434
195	2	1	195	2	4	0	434
195	2	2	195	2	3	0	434
195	2	2	195	2	4	0	434
195	2	3	195	2	4	0	434
196	1	1	196	1	2	1	1934
196	1	1	196	1	3	1	1934
196	1	1	196	1	4	1	1934
196	1	2	196	1	3	2	1934
196	1	2	196	1	4	2	1934
196	1	3	196	1	4	0	1934
197	1	1	197	1	2	0	1473
197	1	1	197	1	3	1	1473
197	1	1	197	1	4	2	1473
197	1	2	197	1	3	1	1473
197	1	2	197	1	4	2	1473
197	1	3	197	1	4	1	1473
197	2	1	197	2	2	0	1469
197	2	1	197	2	3	0	1469
197	2	1	197	2	4	1	1469
197	2	2	197	2	3	0	1469
197	2	2	197	2	4	1	1469
197	2	3	197	2	4	1	1469
198	1	1	198	1	2	0	1059
198	1	1	198	1	3	0	1059
198	1	1	198	1	4	1	1059
198	1	2	198	1	3	0	1059
198	1	2	198	1	4	1	1059
198	1	3	198	1	4	1	1059
199	1	1	199	1	2	7	1728
199	1	1	199	1	3	10	1728
199	1	1	199	1	4	10	1728
199	1	2	199	1	3	7	1728
199	1	2	199	1	4	5	1728
199	1	3	199	1	4	2	1728
200	1	1	200	1	2	4	1932
200	1	1	200	1	3	2	1932
200	1	1	200	1	4	4	1932
200	1	2	200	1	3	4	1932
200	1	2	200	1	4	4	1932
200	1	3	200	1	4	4	1932
201	1	1	201	1	2	0	2111
201	1	1	201	1	3	4	2111
201	1	1	201	1	4	2	2111
201	1	2	201	1	3	4	2111
201	1	2	201	1	4	2	2111
201	1	3	201	1	4	4	2111
202	1	1	202	1	2	4	2333
202	1	1	202	1	3	7	2333
202	1	1	202	1	4	8	2333
202	1	2	202	1	3	10	2333
202	1	2	202	1	4	11	2333
202	1	3	202	1	4	1	2333
203	1	1	203	1	2	5	2016
203	1	1	203	1	3	1	2016
203	1	1	203	1	4	4	2016
203	1	2	203	1	3	6	2016
203	1	2	203	1	4	5	2016
203	1	3	203	1	4	3	2016
204	1	1	204	1	2	3	965
204	1	1	204	1	3	3	965
204	1	1	204	1	4	4	965
204	1	2	204	1	3	2	965
204	1	2	204	1	4	1	965
204	1	3	204	1	4	3	965
205	1	1	205	1	2	6	2043
205	1	1	205	1	3	4	2043
205	1	1	205	1	4	5	2043
205	1	2	205	1	3	3	2043
205	1	2	205	1	4	4	2043
205	1	3	205	1	4	1	2043
206	1	1	206	1	2	190	938
206	1	1	206	1	3	190	938
206	1	1	206	1	4	185	938
206	1	2	206	1	3	183	938
206	1	2	206	1	4	152	938
206	1	3	206	1	4	180	938
207	1	1	207	1	2	2	2079
207	1	1	207	1	3	6	2079
207	1	1	207	1	4	8	2079
207	1	2	207	1	3	6	2079
207	1	2	207	1	4	6	2079
207	1	3	207	1	4	2	2079
208	1	1	208	1	2	2	2126
208	1	1	208	1	3	4	2126
208	1	1	208	1	4	3	2126
208	1	2	208	1	3	2	2126
208	1	2	208	1	4	3	2126
208	1	3	208	1	4	1	2126
209	1	1	209	1	2	5	1900
209	1	1	209	1	3	12	1900
209	1	1	209	1	4	5	1900
209	1	2	209	1	3	11	1900
209	1	2	209	1	4	4	1900
209	1	3	209	1	4	9	1900
210	1	1	210	1	2	8	2035
210	1	1	210	1	3	6	2035
210	1	1	210	1	4	5	2035
210	1	2	210	1	3	4	2035
210	1	2	210	1	4	5	2035
210	1	3	210	1	4	3	2035
211	1	1	211	1	2	3	2032
211	1	1	211	1	3	3	2032
211	1	1	211	1	4	5	2032
211	1	2	211	1	3	2	2032
211	1	2	211	1	4	2	2032
211	1	3	211	1	4	2	2032
212	1	1	212	1	2	3	1389
212	1	1	212	1	3	4	1389
212	1	1	212	1	4	2	1389
212	1	2	212	1	3	7	1389
212	1	2	212	1	4	5	1389
212	1	3	212	1	4	4	1389
214	1	1	214	1	2	3	1722
214	1	1	214	1	3	1	1722
214	1	1	214	1	4	4	1722
214	1	2	214	1	3	4	1722
214	1	2	214	1	4	4	1722
214	1	3	214	1	4	3	1722
215	1	1	215	1	2	2	1455
215	1	1	215	1	3	1	1455
215	1	1	215	1	4	3	1455
215	1	2	215	1	3	3	1455
215	1	2	215	1	4	3	1455
215	1	3	215	1	4	2	1455
215	2	1	215	2	2	0	2047
215	2	1	215	2	3	2	2047
215	2	1	215	2	4	1	2047
215	2	2	215	2	3	2	2047
215	2	2	215	2	4	1	2047
215	2	3	215	2	4	3	2047
216	1	1	216	1	2	8	1959
216	1	1	216	1	3	5	1959
216	1	1	216	1	4	5	1959
216	1	2	216	1	3	5	1959
216	1	2	216	1	4	5	1959
216	1	3	216	1	4	2	1959
218	1	1	218	1	2	4	1602
218	1	1	218	1	3	3	1602
218	1	1	218	1	4	3	1602
218	1	2	218	1	3	1	1602
218	1	2	218	1	4	1	1602
218	1	3	218	1	4	0	1602
219	1	1	219	1	2	0	1880
219	1	1	219	1	3	1	1880
219	1	1	219	1	4	1	1880
219	1	2	219	1	3	1	1880
219	1	2	219	1	4	1	1880
219	1	3	219	1	4	2	1880
220	1	1	220	1	2	6	1759
220	1	1	220	1	3	3	1759
220	1	1	220	1	4	6	1759
220	1	2	220	1	3	5	1759
220	1	2	220	1	4	6	1759
220	1	3	220	1	4	5	1759
221	1	1	221	1	2	1	1861
221	1	1	221	1	3	1	1861
221	1	1	221	1	4	1	1861
221	1	2	221	1	3	0	1861
221	1	2	221	1	4	0	1861
221	1	3	221	1	4	0	1861
222	1	1	222	1	2	0	1892
222	1	1	222	1	3	0	1892
222	1	1	222	1	4	0	1892
222	1	2	222	1	3	0	1892
222	1	2	222	1	4	0	1892
222	1	3	222	1	4	0	1892
224	1	1	224	1	2	4	1547
224	1	1	224	1	3	1	1547
224	1	1	224	1	4	6	1547
224	1	2	224	1	3	3	1547
224	1	2	224	1	4	4	1547
224	1	3	224	1	4	5	1547
225	1	1	225	1	2	0	2007
225	1	1	225	1	3	3	2007
225	1	1	225	1	4	3	2007
225	1	2	225	1	3	3	2007
225	1	2	225	1	4	3	2007
225	1	3	225	1	4	6	2007
226	1	1	226	1	2	0	1860
226	1	1	226	1	3	1	1860
226	1	1	226	1	4	1	1860
226	1	2	226	1	3	1	1860
226	1	2	226	1	4	1	1860
226	1	3	226	1	4	0	1860
227	1	1	227	1	2	5	1942
227	1	1	227	1	3	7	1942
227	1	1	227	1	4	7	1942
227	1	2	227	1	3	2	1942
227	1	2	227	1	4	2	1942
227	1	3	227	1	4	0	1942
228	1	1	228	1	2	1	2058
228	1	1	228	1	3	12	2058
228	1	1	228	1	4	7	2058
228	1	2	228	1	3	11	2058
228	1	2	228	1	4	6	2058
228	1	3	228	1	4	5	2058
228	2	1	228	2	2	13	933
228	2	1	228	2	3	15	933
228	2	1	228	2	4	14	933
228	2	2	228	2	3	9	933
228	2	2	228	2	4	17	933
228	2	3	228	2	4	14	933
229	1	1	229	1	2	6	1998
229	1	1	229	1	3	8	1998
229	1	1	229	1	4	11	1998
229	1	2	229	1	3	9	1998
229	1	2	229	1	4	9	1998
229	1	3	229	1	4	8	1998
230	1	1	230	1	2	8	1828
230	1	1	230	1	3	8	1828
230	1	1	230	1	4	10	1828
230	1	2	230	1	3	6	1828
230	1	2	230	1	4	6	1828
230	1	3	230	1	4	8	1828
231	1	1	231	1	2	1	1400
231	1	1	231	1	3	2	1400
231	1	1	231	1	4	2	1400
231	1	2	231	1	3	1	1400
231	1	2	231	1	4	1	1400
231	1	3	231	1	4	0	1400
231	2	1	231	2	2	0	652
231	2	1	231	2	3	0	652
231	2	1	231	2	4	0	652
231	2	2	231	2	3	0	652
231	2	2	231	2	4	0	652
231	2	3	231	2	4	0	652
232	1	1	232	1	2	2	2073
232	1	1	232	1	3	5	2073
232	1	1	232	1	4	5	2073
232	1	2	232	1	3	5	2073
232	1	2	232	1	4	5	2073
232	1	3	232	1	4	0	2073
233	1	1	233	1	2	0	1259
233	1	1	233	1	3	1	1259
233	1	1	233	1	4	4	1259
233	1	2	233	1	3	1	1259
233	1	2	233	1	4	4	1259
233	1	3	233	1	4	3	1259
234	1	1	234	1	2	6	2169
234	1	1	234	1	3	5	2169
234	1	1	234	1	4	3	2169
234	1	2	234	1	3	7	2169
234	1	2	234	1	4	7	2169
234	1	3	234	1	4	4	2169
236	1	1	236	1	2	2	2176
236	1	1	236	1	3	3	2176
236	1	1	236	1	4	3	2176
236	1	2	236	1	3	1	2176
236	1	2	236	1	4	3	2176
236	1	3	236	1	4	3	2176
238	1	1	238	1	2	1	1911
238	1	1	238	1	3	4	1911
238	1	1	238	1	4	2	1911
238	1	2	238	1	3	3	1911
238	1	2	238	1	4	3	1911
238	1	3	238	1	4	2	1911
239	1	1	239	1	2	0	2224
239	1	1	239	1	3	0	2224
239	1	1	239	1	4	0	2224
239	1	2	239	1	3	0	2224
239	1	2	239	1	4	0	2224
239	1	3	239	1	4	0	2224
240	1	1	240	1	2	0	2348
240	1	1	240	1	3	0	2348
240	1	1	240	1	4	2	2348
240	1	2	240	1	3	0	2348
240	1	2	240	1	4	2	2348
240	1	3	240	1	4	2	2348
241	1	1	241	1	2	5	1921
241	1	1	241	1	3	3	1921
241	1	1	241	1	4	5	1921
241	1	2	241	1	3	2	1921
241	1	2	241	1	4	6	1921
241	1	3	241	1	4	4	1921
242	1	1	242	1	2	5	1989
242	1	1	242	1	3	2	1989
242	1	1	242	1	4	4	1989
242	1	2	242	1	3	3	1989
242	1	2	242	1	4	3	1989
242	1	3	242	1	4	2	1989
243	1	1	243	1	2	1	1681
243	1	1	243	1	3	2	1681
243	1	1	243	1	4	2	1681
243	1	2	243	1	3	3	1681
243	1	2	243	1	4	1	1681
243	1	3	243	1	4	2	1681
243	2	1	243	2	2	6	1008
243	2	1	243	2	3	6	1008
243	2	1	243	2	4	5	1008
243	2	2	243	2	3	8	1008
243	2	2	243	2	4	6	1008
243	2	3	243	2	4	7	1008
243	3	1	243	3	2	0	1065
243	3	1	243	3	3	0	1065
243	3	1	243	3	4	0	1065
243	3	2	243	3	3	0	1065
243	3	2	243	3	4	0	1065
243	3	3	243	3	4	0	1065
243	4	1	243	4	2	0	523
243	4	1	243	4	3	0	523
243	4	1	243	4	4	0	523
243	4	2	243	4	3	0	523
243	4	2	243	4	4	0	523
243	4	3	243	4	4	0	523
244	1	1	244	1	2	865	1568
244	1	1	244	1	3	871	1568
244	1	1	244	1	4	888	1568
244	1	2	244	1	3	828	1568
244	1	2	244	1	4	846	1568
244	1	3	244	1	4	878	1568
245	1	1	245	1	2	2	2139
245	1	1	245	1	3	2	2139
245	1	1	245	1	4	4	2139
245	1	2	245	1	3	0	2139
245	1	2	245	1	4	2	2139
245	1	3	245	1	4	2	2139
245	2	1	245	2	2	2	1971
245	2	1	245	2	3	2	1971
245	2	1	245	2	4	4	1971
245	2	2	245	2	3	1	1971
245	2	2	245	2	4	3	1971
245	2	3	245	2	4	2	1971
247	1	1	247	1	2	3	1743
247	1	1	247	1	3	3	1743
247	1	1	247	1	4	4	1743
247	1	2	247	1	3	3	1743
247	1	2	247	1	4	4	1743
247	1	3	247	1	4	4	1743
250	1	1	250	1	2	5	2505
250	1	1	250	1	3	3	2505
250	1	1	250	1	4	2	2505
250	1	2	250	1	3	4	2505
250	1	2	250	1	4	3	2505
250	1	3	250	1	4	1	2505
251	1	1	251	1	2	2	2234
251	1	1	251	1	3	6	2234
251	1	1	251	1	4	7	2234
251	1	2	251	1	3	4	2234
251	1	2	251	1	4	5	2234
251	1	3	251	1	4	6	2234
252	1	1	252	1	2	3	2013
252	1	1	252	1	3	2	2013
252	1	1	252	1	4	5	2013
252	1	2	252	1	3	1	2013
252	1	2	252	1	4	2	2013
252	1	3	252	1	4	3	2013
253	1	1	253	1	2	0	1187
253	1	1	253	1	3	0	1187
253	1	1	253	1	4	1	1187
253	1	2	253	1	3	0	1187
253	1	2	253	1	4	1	1187
253	1	3	253	1	4	1	1187
254	1	1	254	1	2	0	1841
254	1	1	254	1	3	5	1841
254	1	1	254	1	4	4	1841
254	1	2	254	1	3	5	1841
254	1	2	254	1	4	4	1841
254	1	3	254	1	4	7	1841
257	1	1	257	1	2	81	1353
257	1	1	257	1	3	84	1353
257	1	1	257	1	4	59	1353
257	1	2	257	1	3	83	1353
257	1	2	257	1	4	75	1353
257	1	3	257	1	4	92	1353
259	1	1	259	1	2	11	1979
259	1	1	259	1	3	18	1979
259	1	1	259	1	4	9	1979
259	1	2	259	1	3	12	1979
259	1	2	259	1	4	16	1979
259	1	3	259	1	4	13	1979
260	1	1	260	1	2	0	2079
260	1	1	260	1	3	5	2079
260	1	1	260	1	4	5	2079
260	1	2	260	1	3	5	2079
260	1	2	260	1	4	5	2079
260	1	3	260	1	4	0	2079
261	1	1	261	1	2	10	1855
261	1	1	261	1	3	15	1855
261	1	1	261	1	4	15	1855
261	1	2	261	1	3	7	1855
261	1	2	261	1	4	11	1855
261	1	3	261	1	4	10	1855
264	1	1	264	1	2	4	1412
264	1	1	264	1	3	3	1412
264	1	1	264	1	4	3	1412
264	1	2	264	1	3	1	1412
264	1	2	264	1	4	1	1412
264	1	3	264	1	4	0	1412
265	1	1	265	1	2	3	1613
265	1	1	265	1	3	6	1613
265	1	1	265	1	4	8	1613
265	1	2	265	1	3	7	1613
265	1	2	265	1	4	9	1613
265	1	3	265	1	4	4	1613
266	1	1	266	1	2	6	1197
266	1	1	266	1	3	11	1197
266	1	1	266	1	4	11	1197
266	1	2	266	1	3	9	1197
266	1	2	266	1	4	9	1197
266	1	3	266	1	4	2	1197
267	1	1	267	1	2	2	1977
267	1	1	267	1	3	2	1977
267	1	1	267	1	4	2	1977
267	1	2	267	1	3	0	1977
267	1	2	267	1	4	0	1977
267	1	3	267	1	4	0	1977
268	1	1	268	1	2	4	1740
268	1	1	268	1	3	6	1740
268	1	1	268	1	4	10	1740
268	1	2	268	1	3	7	1740
268	1	2	268	1	4	6	1740
268	1	3	268	1	4	9	1740
269	1	1	269	1	2	12	2248
269	1	1	269	1	3	16	2248
269	1	1	269	1	4	17	2248
269	1	2	269	1	3	19	2248
269	1	2	269	1	4	18	2248
269	1	3	269	1	4	8	2248
269	2	1	269	2	2	0	1011
269	2	1	269	2	3	0	1011
269	2	1	269	2	4	0	1011
269	2	2	269	2	3	0	1011
269	2	2	269	2	4	0	1011
269	2	3	269	2	4	0	1011
269	3	1	269	3	2	0	300
269	3	1	269	3	3	0	300
269	3	1	269	3	4	0	300
269	3	2	269	3	3	0	300
269	3	2	269	3	4	0	300
269	3	3	269	3	4	0	300
270	1	1	270	1	2	9	1605
270	1	1	270	1	3	9	1605
270	1	1	270	1	4	5	1605
270	1	2	270	1	3	10	1605
270	1	2	270	1	4	10	1605
270	1	3	270	1	4	8	1605
271	1	1	271	1	2	406	2223
271	1	1	271	1	3	402	2223
271	1	1	271	1	4	392	2223
271	1	2	271	1	3	380	2223
271	1	2	271	1	4	424	2223
271	1	3	271	1	4	383	2223
271	2	1	271	2	2	8	1913
271	2	1	271	2	3	4	1913
271	2	1	271	2	4	10	1913
271	2	2	271	2	3	6	1913
271	2	2	271	2	4	8	1913
271	2	3	271	2	4	8	1913
271	3	1	271	3	2	0	1275
271	3	1	271	3	3	0	1275
271	3	1	271	3	4	0	1275
271	3	2	271	3	3	0	1275
271	3	2	271	3	4	0	1275
271	3	3	271	3	4	0	1275
271	4	1	271	4	2	0	874
271	4	1	271	4	3	1	874
271	4	1	271	4	4	1	874
271	4	2	271	4	3	1	874
271	4	2	271	4	4	1	874
271	4	3	271	4	4	0	874
271	5	1	271	5	2	2	560
271	5	1	271	5	3	2	560
271	5	1	271	5	4	2	560
271	5	2	271	5	3	0	560
271	5	2	271	5	4	0	560
271	5	3	271	5	4	0	560
271	6	1	271	6	2	0	527
271	6	1	271	6	3	0	527
271	6	1	271	6	4	0	527
271	6	2	271	6	3	0	527
271	6	2	271	6	4	0	527
271	6	3	271	6	4	0	527
272	1	1	272	1	2	14	1714
272	1	1	272	1	3	18	1714
272	1	1	272	1	4	20	1714
272	1	2	272	1	3	24	1714
272	1	2	272	1	4	20	1714
272	1	3	272	1	4	23	1714
273	1	1	273	1	2	4	2020
273	1	1	273	1	3	6	2020
273	1	1	273	1	4	5	2020
273	1	2	273	1	3	2	2020
273	1	2	273	1	4	9	2020
273	1	3	273	1	4	9	2020
274	1	1	274	1	2	1	1512
274	1	1	274	1	3	16	1512
274	1	1	274	1	4	17	1512
274	1	2	274	1	3	15	1512
274	1	2	274	1	4	16	1512
274	1	3	274	1	4	9	1512
275	1	1	275	1	2	6	1697
275	1	1	275	1	3	6	1697
275	1	1	275	1	4	7	1697
275	1	2	275	1	3	2	1697
275	1	2	275	1	4	8	1697
275	1	3	275	1	4	10	1697
276	1	1	276	1	2	5	1945
276	1	1	276	1	3	12	1945
276	1	1	276	1	4	9	1945
276	1	2	276	1	3	13	1945
276	1	2	276	1	4	10	1945
276	1	3	276	1	4	7	1945
277	1	1	277	1	2	4	1378
277	1	1	277	1	3	5	1378
277	1	1	277	1	4	5	1378
277	1	2	277	1	3	5	1378
277	1	2	277	1	4	5	1378
277	1	3	277	1	4	0	1378
278	1	1	278	1	2	0	1659
278	1	1	278	1	3	1	1659
278	1	1	278	1	4	3	1659
278	1	2	278	1	3	1	1659
278	1	2	278	1	4	3	1659
278	1	3	278	1	4	2	1659
279	1	1	279	1	2	0	2032
279	1	1	279	1	3	1	2032
279	1	1	279	1	4	1	2032
279	1	2	279	1	3	1	2032
279	1	2	279	1	4	1	2032
279	1	3	279	1	4	0	2032
280	1	1	280	1	2	0	1171
280	1	1	280	1	3	2	1171
280	1	1	280	1	4	3	1171
280	1	2	280	1	3	2	1171
280	1	2	280	1	4	3	1171
280	1	3	280	1	4	5	1171
281	1	1	281	1	2	1	1933
281	1	1	281	1	3	4	1933
281	1	1	281	1	4	5	1933
281	1	2	281	1	3	3	1933
281	1	2	281	1	4	4	1933
281	1	3	281	1	4	1	1933
282	1	1	282	1	2	1	1489
282	1	1	282	1	3	1	1489
282	1	1	282	1	4	1	1489
282	1	2	282	1	3	0	1489
282	1	2	282	1	4	0	1489
282	1	3	282	1	4	0	1489
283	1	1	283	1	2	2	2032
283	1	1	283	1	3	4	2032
283	1	1	283	1	4	4	2032
283	1	2	283	1	3	2	2032
283	1	2	283	1	4	2	2032
283	1	3	283	1	4	4	2032
284	1	1	284	1	2	0	1916
284	1	1	284	1	3	2	1916
284	1	1	284	1	4	2	1916
284	1	2	284	1	3	2	1916
284	1	2	284	1	4	2	1916
284	1	3	284	1	4	0	1916
285	1	1	285	1	2	5	1740
285	1	1	285	1	3	16	1740
285	1	1	285	1	4	12	1740
285	1	2	285	1	3	15	1740
285	1	2	285	1	4	12	1740
285	1	3	285	1	4	11	1740
285	2	1	285	2	2	0	1054
285	2	1	285	2	3	4	1054
285	2	1	285	2	4	4	1054
285	2	2	285	2	3	4	1054
285	2	2	285	2	4	4	1054
285	2	3	285	2	4	0	1054
286	1	1	286	1	2	0	1456
286	1	1	286	1	3	0	1456
286	1	1	286	1	4	0	1456
286	1	2	286	1	3	0	1456
286	1	2	286	1	4	0	1456
286	1	3	286	1	4	0	1456
286	2	1	286	2	2	1	756
286	2	1	286	2	3	4	756
286	2	1	286	2	4	3	756
286	2	2	286	2	3	3	756
286	2	2	286	2	4	2	756
286	2	3	286	2	4	1	756
287	1	1	287	1	2	1	1199
287	1	1	287	1	3	1	1199
287	1	1	287	1	4	1	1199
287	1	2	287	1	3	0	1199
287	1	2	287	1	4	0	1199
287	1	3	287	1	4	0	1199
288	1	1	288	1	2	1	2267
288	1	1	288	1	3	4	2267
288	1	1	288	1	4	4	2267
288	1	2	288	1	3	5	2267
288	1	2	288	1	4	5	2267
288	1	3	288	1	4	2	2267
289	1	1	289	1	2	7	2037
289	1	1	289	1	3	7	2037
289	1	1	289	1	4	8	2037
289	1	2	289	1	3	11	2037
289	1	2	289	1	4	3	2037
289	1	3	289	1	4	9	2037
289	2	1	289	2	2	2	1210
289	2	1	289	2	3	1	1210
289	2	1	289	2	4	1	1210
289	2	2	289	2	3	3	1210
289	2	2	289	2	4	3	1210
289	2	3	289	2	4	0	1210
290	1	1	290	1	2	3	1928
290	1	1	290	1	3	11	1928
290	1	1	290	1	4	6	1928
290	1	2	290	1	3	10	1928
290	1	2	290	1	4	9	1928
290	1	3	290	1	4	9	1928
291	1	1	291	1	2	0	1536
291	1	1	291	1	3	0	1536
291	1	1	291	1	4	0	1536
291	1	2	291	1	3	0	1536
291	1	2	291	1	4	0	1536
291	1	3	291	1	4	0	1536
292	1	1	292	1	2	11	1275
292	1	1	292	1	3	12	1275
292	1	1	292	1	4	15	1275
292	1	2	292	1	3	14	1275
292	1	2	292	1	4	10	1275
292	1	3	292	1	4	14	1275
293	1	1	293	1	2	1	1289
293	1	1	293	1	3	1	1289
293	1	1	293	1	4	1	1289
293	1	2	293	1	3	0	1289
293	1	2	293	1	4	0	1289
293	1	3	293	1	4	0	1289
294	1	1	294	1	2	13	1556
294	1	1	294	1	3	10	1556
294	1	1	294	1	4	5	1556
294	1	2	294	1	3	13	1556
294	1	2	294	1	4	12	1556
294	1	3	294	1	4	10	1556
294	2	1	294	2	2	0	1585
294	2	1	294	2	3	0	1585
294	2	1	294	2	4	2	1585
294	2	2	294	2	3	0	1585
294	2	2	294	2	4	2	1585
294	2	3	294	2	4	2	1585
295	1	1	295	1	2	8	1899
295	1	1	295	1	3	4	1899
295	1	1	295	1	4	2	1899
295	1	2	295	1	3	4	1899
295	1	2	295	1	4	6	1899
295	1	3	295	1	4	4	1899
296	1	1	296	1	2	9	2012
296	1	1	296	1	3	9	2012
296	1	1	296	1	4	4	2012
296	1	2	296	1	3	10	2012
296	1	2	296	1	4	9	2012
296	1	3	296	1	4	5	2012
297	1	1	297	1	2	9	1670
297	1	1	297	1	3	9	1670
297	1	1	297	1	4	9	1670
297	1	2	297	1	3	7	1670
297	1	2	297	1	4	7	1670
297	1	3	297	1	4	6	1670
298	1	1	298	1	2	43	2002
298	1	1	298	1	3	44	2002
298	1	1	298	1	4	37	2002
298	1	2	298	1	3	45	2002
298	1	2	298	1	4	47	2002
298	1	3	298	1	4	43	2002
299	1	1	299	1	2	10	1717
299	1	1	299	1	3	5	1717
299	1	1	299	1	4	5	1717
299	1	2	299	1	3	7	1717
299	1	2	299	1	4	8	1717
299	1	3	299	1	4	3	1717
299	2	1	299	2	2	0	1949
299	2	1	299	2	3	0	1949
299	2	1	299	2	4	0	1949
299	2	2	299	2	3	0	1949
299	2	2	299	2	4	0	1949
299	2	3	299	2	4	0	1949
300	1	1	300	1	2	3	1926
300	1	1	300	1	3	1	1926
300	1	1	300	1	4	3	1926
300	1	2	300	1	3	2	1926
300	1	2	300	1	4	3	1926
300	1	3	300	1	4	2	1926
301	1	1	301	1	2	0	1969
301	1	1	301	1	3	0	1969
301	1	1	301	1	4	1	1969
301	1	2	301	1	3	0	1969
301	1	2	301	1	4	1	1969
301	1	3	301	1	4	1	1969
301	2	1	301	2	2	4	1801
301	2	1	301	2	3	1	1801
301	2	1	301	2	4	7	1801
301	2	2	301	2	3	5	1801
301	2	2	301	2	4	5	1801
301	2	3	301	2	4	6	1801
301	3	1	301	3	2	0	990
301	3	1	301	3	3	0	990
301	3	1	301	3	4	0	990
301	3	2	301	3	3	0	990
301	3	2	301	3	4	0	990
301	3	3	301	3	4	0	990
302	1	1	302	1	2	13	1370
302	1	1	302	1	3	8	1370
302	1	1	302	1	4	9	1370
302	1	2	302	1	3	8	1370
302	1	2	302	1	4	8	1370
302	1	3	302	1	4	6	1370
303	1	1	303	1	2	0	2102
303	1	1	303	1	3	1	2102
303	1	1	303	1	4	1	2102
303	1	2	303	1	3	1	2102
303	1	2	303	1	4	1	2102
303	1	3	303	1	4	0	2102
304	1	1	304	1	2	1	1460
304	1	1	304	1	3	1	1460
304	1	1	304	1	4	2	1460
304	1	2	304	1	3	2	1460
304	1	2	304	1	4	3	1460
304	1	3	304	1	4	1	1460
304	2	1	304	2	2	1	1024
304	2	1	304	2	3	2	1024
304	2	1	304	2	4	2	1024
304	2	2	304	2	3	1	1024
304	2	2	304	2	4	2	1024
304	2	3	304	2	4	3	1024
305	1	1	305	1	2	0	1945
305	1	1	305	1	3	1	1945
305	1	1	305	1	4	1	1945
305	1	2	305	1	3	1	1945
305	1	2	305	1	4	1	1945
305	1	3	305	1	4	2	1945
306	1	1	306	1	2	0	2122
306	1	1	306	1	3	0	2122
306	1	1	306	1	4	0	2122
306	1	2	306	1	3	0	2122
306	1	2	306	1	4	0	2122
306	1	3	306	1	4	0	2122
307	1	1	307	1	2	36	1903
307	1	1	307	1	3	33	1903
307	1	1	307	1	4	27	1903
307	1	2	307	1	3	39	1903
307	1	2	307	1	4	46	1903
307	1	3	307	1	4	36	1903
307	2	1	307	2	2	1	1059
307	2	1	307	2	3	1	1059
307	2	1	307	2	4	1	1059
307	2	2	307	2	3	0	1059
307	2	2	307	2	4	0	1059
307	2	3	307	2	4	0	1059
309	1	1	309	1	2	4	1881
309	1	1	309	1	3	1	1881
309	1	1	309	1	4	2	1881
309	1	2	309	1	3	3	1881
309	1	2	309	1	4	4	1881
309	1	3	309	1	4	1	1881
309	2	1	309	2	2	1	929
309	2	1	309	2	3	1	929
309	2	1	309	2	4	1	929
309	2	2	309	2	3	0	929
309	2	2	309	2	4	0	929
309	2	3	309	2	4	0	929
311	1	1	311	1	2	10	2336
311	1	1	311	1	3	5	2336
311	1	1	311	1	4	13	2336
311	1	2	311	1	3	13	2336
311	1	2	311	1	4	13	2336
311	1	3	311	1	4	13	2336
312	1	1	312	1	2	113	1731
312	1	1	312	1	3	109	1731
312	1	1	312	1	4	101	1731
312	1	2	312	1	3	123	1731
312	1	2	312	1	4	114	1731
312	1	3	312	1	4	112	1731
313	1	1	313	1	2	3	1848
313	1	1	313	1	3	13	1848
313	1	1	313	1	4	13	1848
313	1	2	313	1	3	12	1848
313	1	2	313	1	4	12	1848
313	1	3	313	1	4	8	1848
314	1	1	314	1	2	120	2113
314	1	1	314	1	3	76	2113
314	1	1	314	1	4	125	2113
314	1	2	314	1	3	126	2113
314	1	2	314	1	4	101	2113
314	1	3	314	1	4	132	2113
315	1	1	315	1	2	177	1798
315	1	1	315	1	3	181	1798
315	1	1	315	1	4	178	1798
315	1	2	315	1	3	181	1798
315	1	2	315	1	4	175	1798
315	1	3	315	1	4	166	1798
316	1	1	316	1	2	3	1824
316	1	1	316	1	3	4	1824
316	1	1	316	1	4	4	1824
316	1	2	316	1	3	3	1824
316	1	2	316	1	4	3	1824
316	1	3	316	1	4	2	1824
316	2	1	316	2	2	0	778
316	2	1	316	2	3	0	778
316	2	1	316	2	4	2	778
316	2	2	316	2	3	0	778
316	2	2	316	2	4	2	778
316	2	3	316	2	4	2	778
318	1	1	318	1	2	2	1467
318	1	1	318	1	3	2	1467
318	1	1	318	1	4	4	1467
318	1	2	318	1	3	0	1467
318	1	2	318	1	4	2	1467
318	1	3	318	1	4	2	1467
318	2	1	318	2	2	1	851
318	2	1	318	2	3	1	851
318	2	1	318	2	4	1	851
318	2	2	318	2	3	0	851
318	2	2	318	2	4	0	851
318	2	3	318	2	4	0	851
319	1	1	319	1	2	11	2199
319	1	1	319	1	3	12	2199
319	1	1	319	1	4	10	2199
319	1	2	319	1	3	8	2199
319	1	2	319	1	4	7	2199
319	1	3	319	1	4	5	2199
320	1	1	320	1	2	2	1053
320	1	1	320	1	3	5	1053
320	1	1	320	1	4	4	1053
320	1	2	320	1	3	3	1053
320	1	2	320	1	4	3	1053
320	1	3	320	1	4	6	1053
321	1	1	321	1	2	12	2015
321	1	1	321	1	3	12	2015
321	1	1	321	1	4	18	2015
321	1	2	321	1	3	14	2015
321	1	2	321	1	4	12	2015
321	1	3	321	1	4	17	2015
322	1	1	322	1	2	0	893
322	1	1	322	1	3	6	893
322	1	1	322	1	4	5	893
322	1	2	322	1	3	6	893
322	1	2	322	1	4	5	893
322	1	3	322	1	4	3	893
323	1	1	323	1	2	0	1352
323	1	1	323	1	3	0	1352
323	1	1	323	1	4	0	1352
323	1	2	323	1	3	0	1352
323	1	2	323	1	4	0	1352
323	1	3	323	1	4	0	1352
324	1	1	324	1	2	4	1113
324	1	1	324	1	3	3	1113
324	1	1	324	1	4	5	1113
324	1	2	324	1	3	5	1113
324	1	2	324	1	4	8	1113
324	1	3	324	1	4	5	1113
325	1	1	325	1	2	1	1848
325	1	1	325	1	3	1	1848
325	1	1	325	1	4	3	1848
325	1	2	325	1	3	2	1848
325	1	2	325	1	4	4	1848
325	1	3	325	1	4	2	1848
326	1	1	326	1	2	4	2003
326	1	1	326	1	3	4	2003
326	1	1	326	1	4	4	2003
326	1	2	326	1	3	4	2003
326	1	2	326	1	4	2	2003
326	1	3	326	1	4	4	2003
327	1	1	327	1	2	10	2220
327	1	1	327	1	3	10	2220
327	1	1	327	1	4	12	2220
327	1	2	327	1	3	17	2220
327	1	2	327	1	4	8	2220
327	1	3	327	1	4	13	2220
328	1	1	328	1	2	3	1350
328	1	1	328	1	3	3	1350
328	1	1	328	1	4	3	1350
328	1	2	328	1	3	0	1350
328	1	2	328	1	4	4	1350
328	1	3	328	1	4	4	1350
328	2	1	328	2	2	0	465
328	2	1	328	2	3	0	465
328	2	1	328	2	4	0	465
328	2	2	328	2	3	0	465
328	2	2	328	2	4	0	465
328	2	3	328	2	4	0	465
330	1	1	330	1	2	12	1748
330	1	1	330	1	3	12	1748
330	1	1	330	1	4	17	1748
330	1	2	330	1	3	14	1748
330	1	2	330	1	4	7	1748
330	1	3	330	1	4	11	1748
333	1	1	333	1	2	0	1355
333	1	1	333	1	3	2	1355
333	1	1	333	1	4	2	1355
333	1	2	333	1	3	2	1355
333	1	2	333	1	4	2	1355
333	1	3	333	1	4	0	1355
334	1	1	334	1	2	2	1947
334	1	1	334	1	3	5	1947
334	1	1	334	1	4	2	1947
334	1	2	334	1	3	3	1947
334	1	2	334	1	4	3	1947
334	1	3	334	1	4	6	1947
335	1	1	335	1	2	2	1878
335	1	1	335	1	3	4	1878
335	1	1	335	1	4	3	1878
335	1	2	335	1	3	3	1878
335	1	2	335	1	4	1	1878
335	1	3	335	1	4	2	1878
335	2	1	335	2	2	0	1759
335	2	1	335	2	3	0	1759
335	2	1	335	2	4	1	1759
335	2	2	335	2	3	0	1759
335	2	2	335	2	4	1	1759
335	2	3	335	2	4	1	1759
337	1	1	337	1	2	6	1697
337	1	1	337	1	3	3	1697
337	1	1	337	1	4	5	1697
337	1	2	337	1	3	3	1697
337	1	2	337	1	4	5	1697
337	1	3	337	1	4	4	1697
338	1	1	338	1	2	1	2122
338	1	1	338	1	3	5	2122
338	1	1	338	1	4	6	2122
338	1	2	338	1	3	4	2122
338	1	2	338	1	4	5	2122
338	1	3	338	1	4	1	2122
339	1	1	339	1	2	1475	3548
339	1	1	339	1	3	1451	3548
339	1	1	339	1	4	1424	3548
339	1	2	339	1	3	1478	3548
339	1	2	339	1	4	1472	3548
339	1	3	339	1	4	1476	3548
339	2	1	339	2	2	0	720
339	2	1	339	2	3	0	720
339	2	1	339	2	4	0	720
339	2	2	339	2	3	0	720
339	2	2	339	2	4	0	720
339	2	3	339	2	4	0	720
340	1	1	340	1	2	4	1337
340	1	1	340	1	3	5	1337
340	1	1	340	1	4	1	1337
340	1	2	340	1	3	1	1337
340	1	2	340	1	4	5	1337
340	1	3	340	1	4	6	1337
340	2	1	340	2	2	2	1235
340	2	1	340	2	3	2	1235
340	2	1	340	2	4	2	1235
340	2	2	340	2	3	0	1235
340	2	2	340	2	4	0	1235
340	2	3	340	2	4	0	1235
341	1	1	341	1	2	1	1720
341	1	1	341	1	3	2	1720
341	1	1	341	1	4	2	1720
341	1	2	341	1	3	1	1720
341	1	2	341	1	4	1	1720
341	1	3	341	1	4	0	1720
342	1	1	342	1	2	1	1974
342	1	1	342	1	3	1	1974
342	1	1	342	1	4	3	1974
342	1	2	342	1	3	0	1974
342	1	2	342	1	4	2	1974
342	1	3	342	1	4	2	1974
344	1	1	344	1	2	5	1636
344	1	1	344	1	3	8	1636
344	1	1	344	1	4	9	1636
344	1	2	344	1	3	7	1636
344	1	2	344	1	4	4	1636
344	1	3	344	1	4	7	1636
345	1	1	345	1	2	13	2297
345	1	1	345	1	3	22	2297
345	1	1	345	1	4	20	2297
345	1	2	345	1	3	19	2297
345	1	2	345	1	4	21	2297
345	1	3	345	1	4	15	2297
346	1	1	346	1	2	31	2242
346	1	1	346	1	3	29	2242
346	1	1	346	1	4	23	2242
346	1	2	346	1	3	32	2242
346	1	2	346	1	4	30	2242
346	1	3	346	1	4	32	2242
347	1	1	347	1	2	11	2030
347	1	1	347	1	3	13	2030
347	1	1	347	1	4	9	2030
347	1	2	347	1	3	13	2030
347	1	2	347	1	4	14	2030
347	1	3	347	1	4	10	2030
348	1	1	348	1	2	8	1614
348	1	1	348	1	3	3	1614
348	1	1	348	1	4	7	1614
348	1	2	348	1	3	9	1614
348	1	2	348	1	4	11	1614
348	1	3	348	1	4	8	1614
348	2	1	348	2	2	9	1372
348	2	1	348	2	3	14	1372
348	2	1	348	2	4	15	1372
348	2	2	348	2	3	15	1372
348	2	2	348	2	4	20	1372
348	2	3	348	2	4	19	1372
349	1	1	349	1	2	10	1910
349	1	1	349	1	3	9	1910
349	1	1	349	1	4	12	1910
349	1	2	349	1	3	9	1910
349	1	2	349	1	4	8	1910
349	1	3	349	1	4	9	1910
350	1	1	350	1	2	0	1098
350	1	1	350	1	3	2	1098
350	1	1	350	1	4	4	1098
350	1	2	350	1	3	2	1098
350	1	2	350	1	4	4	1098
350	1	3	350	1	4	4	1098
350	2	1	350	2	2	2	959
350	2	1	350	2	3	5	959
350	2	1	350	2	4	4	959
350	2	2	350	2	3	4	959
350	2	2	350	2	4	3	959
350	2	3	350	2	4	1	959
350	3	1	350	3	2	0	855
350	3	1	350	3	3	1	855
350	3	1	350	3	4	1	855
350	3	2	350	3	3	1	855
350	3	2	350	3	4	1	855
350	3	3	350	3	4	0	855
351	1	1	351	1	2	194	1767
351	1	1	351	1	3	207	1767
351	1	1	351	1	4	213	1767
351	1	2	351	1	3	200	1767
351	1	2	351	1	4	208	1767
351	1	3	351	1	4	178	1767
352	1	1	352	1	2	1	2039
352	1	1	352	1	3	1	2039
352	1	1	352	1	4	2	2039
352	1	2	352	1	3	2	2039
352	1	2	352	1	4	1	2039
352	1	3	352	1	4	1	2039
353	1	1	353	1	2	4	1527
353	1	1	353	1	3	1	1527
353	1	1	353	1	4	1	1527
353	1	2	353	1	3	3	1527
353	1	2	353	1	4	3	1527
353	1	3	353	1	4	0	1527
354	1	1	354	1	2	19	1573
354	1	1	354	1	3	5	1573
354	1	1	354	1	4	14	1573
354	1	2	354	1	3	18	1573
354	1	2	354	1	4	10	1573
354	1	3	354	1	4	18	1573
355	1	1	355	1	2	2	1885
355	1	1	355	1	3	6	1885
355	1	1	355	1	4	6	1885
355	1	2	355	1	3	8	1885
355	1	2	355	1	4	8	1885
355	1	3	355	1	4	0	1885
356	1	1	356	1	2	34	1454
356	1	1	356	1	3	29	1454
356	1	1	356	1	4	33	1454
356	1	2	356	1	3	41	1454
356	1	2	356	1	4	34	1454
356	1	3	356	1	4	26	1454
357	1	1	357	1	2	1	2042
357	1	1	357	1	3	1	2042
357	1	1	357	1	4	2	2042
357	1	2	357	1	3	0	2042
357	1	2	357	1	4	3	2042
357	1	3	357	1	4	3	2042
358	1	1	358	1	2	3	1354
358	1	1	358	1	3	11	1354
358	1	1	358	1	4	6	1354
358	1	2	358	1	3	11	1354
358	1	2	358	1	4	8	1354
358	1	3	358	1	4	10	1354
359	1	1	359	1	2	0	1465
359	1	1	359	1	3	5	1465
359	1	1	359	1	4	5	1465
359	1	2	359	1	3	5	1465
359	1	2	359	1	4	5	1465
359	1	3	359	1	4	0	1465
361	1	1	361	1	2	5	2054
361	1	1	361	1	3	2	2054
361	1	1	361	1	4	3	2054
361	1	2	361	1	3	3	2054
361	1	2	361	1	4	6	2054
361	1	3	361	1	4	3	2054
362	1	1	362	1	2	1	1664
362	1	1	362	1	3	3	1664
362	1	1	362	1	4	4	1664
362	1	2	362	1	3	4	1664
362	1	2	362	1	4	3	1664
362	1	3	362	1	4	1	1664
362	2	1	362	2	2	2	1604
362	2	1	362	2	3	2	1604
362	2	1	362	2	4	3	1604
362	2	2	362	2	3	0	1604
362	2	2	362	2	4	1	1604
362	2	3	362	2	4	1	1604
363	1	1	363	1	2	1	1464
363	1	1	363	1	3	1	1464
363	1	1	363	1	4	2	1464
363	1	2	363	1	3	0	1464
363	1	2	363	1	4	1	1464
363	1	3	363	1	4	1	1464
364	1	1	364	1	2	1	2014
364	1	1	364	1	3	1	2014
364	1	1	364	1	4	2	2014
364	1	2	364	1	3	0	2014
364	1	2	364	1	4	1	2014
364	1	3	364	1	4	1	2014
364	2	1	364	2	2	0	366
364	2	1	364	2	3	0	366
364	2	1	364	2	4	0	366
364	2	2	364	2	3	0	366
364	2	2	364	2	4	0	366
364	2	3	364	2	4	0	366
365	1	1	365	1	2	0	2008
365	1	1	365	1	3	1	2008
365	1	1	365	1	4	1	2008
365	1	2	365	1	3	1	2008
365	1	2	365	1	4	1	2008
365	1	3	365	1	4	0	2008
366	1	1	366	1	2	0	1861
366	1	1	366	1	3	2	1861
366	1	1	366	1	4	2	1861
366	1	2	366	1	3	2	1861
366	1	2	366	1	4	2	1861
366	1	3	366	1	4	0	1861
367	1	1	367	1	2	2	2267
367	1	1	367	1	3	1	2267
367	1	1	367	1	4	1	2267
367	1	2	367	1	3	1	2267
367	1	2	367	1	4	1	2267
367	1	3	367	1	4	0	2267
367	2	1	367	2	2	0	706
367	2	1	367	2	3	0	706
367	2	1	367	2	4	0	706
367	2	2	367	2	3	0	706
367	2	2	367	2	4	0	706
367	2	3	367	2	4	0	706
368	1	1	368	1	2	1	1634
368	1	1	368	1	3	1	1634
368	1	1	368	1	4	1	1634
368	1	2	368	1	3	0	1634
368	1	2	368	1	4	2	1634
368	1	3	368	1	4	2	1634
369	1	1	369	1	2	2	1677
369	1	1	369	1	3	3	1677
369	1	1	369	1	4	5	1677
369	1	2	369	1	3	1	1677
369	1	2	369	1	4	4	1677
369	1	3	369	1	4	4	1677
370	1	1	370	1	2	0	1878
370	1	1	370	1	3	1	1878
370	1	1	370	1	4	2	1878
370	1	2	370	1	3	1	1878
370	1	2	370	1	4	2	1878
370	1	3	370	1	4	1	1878
371	1	1	371	1	2	1	1816
371	1	1	371	1	3	1	1816
371	1	1	371	1	4	1	1816
371	1	2	371	1	3	0	1816
371	1	2	371	1	4	2	1816
371	1	3	371	1	4	2	1816
372	1	1	372	1	2	1	1944
372	1	1	372	1	3	2	1944
372	1	1	372	1	4	3	1944
372	1	2	372	1	3	1	1944
372	1	2	372	1	4	2	1944
372	1	3	372	1	4	1	1944
373	1	1	373	1	2	2	2939
373	1	1	373	1	3	3	2939
373	1	1	373	1	4	2	2939
373	1	2	373	1	3	3	2939
373	1	2	373	1	4	2	2939
373	1	3	373	1	4	3	2939
373	2	1	373	2	2	0	783
373	2	1	373	2	3	0	783
373	2	1	373	2	4	0	783
373	2	2	373	2	3	0	783
373	2	2	373	2	4	0	783
373	2	3	373	2	4	0	783
374	1	1	374	1	2	0	2117
374	1	1	374	1	3	0	2117
374	1	1	374	1	4	0	2117
374	1	2	374	1	3	0	2117
374	1	2	374	1	4	0	2117
374	1	3	374	1	4	0	2117
375	1	1	375	1	2	2	1865
375	1	1	375	1	3	2	1865
375	1	1	375	1	4	6	1865
375	1	2	375	1	3	4	1865
375	1	2	375	1	4	8	1865
375	1	3	375	1	4	8	1865
377	1	1	377	1	2	2	2012
377	1	1	377	1	3	1	2012
377	1	1	377	1	4	1	2012
377	1	2	377	1	3	1	2012
377	1	2	377	1	4	1	2012
377	1	3	377	1	4	0	2012
378	1	1	378	1	2	1	1731
378	1	1	378	1	3	1	1731
378	1	1	378	1	4	1	1731
378	1	2	378	1	3	0	1731
378	1	2	378	1	4	0	1731
378	1	3	378	1	4	0	1731
379	1	1	379	1	2	71	1811
379	1	1	379	1	3	85	1811
379	1	1	379	1	4	74	1811
379	1	2	379	1	3	88	1811
379	1	2	379	1	4	51	1811
379	1	3	379	1	4	98	1811
380	1	1	380	1	2	1	2000
380	1	1	380	1	3	1	2000
380	1	1	380	1	4	2	2000
380	1	2	380	1	3	0	2000
380	1	2	380	1	4	3	2000
380	1	3	380	1	4	3	2000
381	1	1	381	1	2	1	2156
381	1	1	381	1	3	2	2156
381	1	1	381	1	4	2	2156
381	1	2	381	1	3	1	2156
381	1	2	381	1	4	1	2156
381	1	3	381	1	4	2	2156
382	1	1	382	1	2	1	1933
382	1	1	382	1	3	2	1933
382	1	1	382	1	4	2	1933
382	1	2	382	1	3	1	1933
382	1	2	382	1	4	1	1933
382	1	3	382	1	4	2	1933
383	1	1	383	1	2	0	1305
383	1	1	383	1	3	0	1305
383	1	1	383	1	4	0	1305
383	1	2	383	1	3	0	1305
383	1	2	383	1	4	0	1305
383	1	3	383	1	4	0	1305
384	1	1	384	1	2	0	1374
384	1	1	384	1	3	1	1374
384	1	1	384	1	4	1	1374
384	1	2	384	1	3	1	1374
384	1	2	384	1	4	1	1374
384	1	3	384	1	4	0	1374
385	1	1	385	1	2	0	1962
385	1	1	385	1	3	0	1962
385	1	1	385	1	4	0	1962
385	1	2	385	1	3	0	1962
385	1	2	385	1	4	0	1962
385	1	3	385	1	4	0	1962
386	1	1	386	1	2	5	2069
386	1	1	386	1	3	3	2069
386	1	1	386	1	4	4	2069
386	1	2	386	1	3	2	2069
386	1	2	386	1	4	5	2069
386	1	3	386	1	4	3	2069
387	1	1	387	1	2	22	1671
387	1	1	387	1	3	28	1671
387	1	1	387	1	4	27	1671
387	1	2	387	1	3	28	1671
387	1	2	387	1	4	24	1671
387	1	3	387	1	4	25	1671
388	1	1	388	1	2	3	1981
388	1	1	388	1	3	13	1981
388	1	1	388	1	4	16	1981
388	1	2	388	1	3	14	1981
388	1	2	388	1	4	19	1981
388	1	3	388	1	4	13	1981
389	1	1	389	1	2	1	1651
389	1	1	389	1	3	3	1651
389	1	1	389	1	4	3	1651
389	1	2	389	1	3	2	1651
389	1	2	389	1	4	2	1651
389	1	3	389	1	4	4	1651
389	2	1	389	2	2	44	1676
389	2	1	389	2	3	67	1676
389	2	1	389	2	4	60	1676
389	2	2	389	2	3	63	1676
389	2	2	389	2	4	58	1676
389	2	3	389	2	4	66	1676
390	1	1	390	1	2	1	1918
390	1	1	390	1	3	32	1918
390	1	1	390	1	4	25	1918
390	1	2	390	1	3	33	1918
390	1	2	390	1	4	26	1918
390	1	3	390	1	4	9	1918
391	1	1	391	1	2	18	2139
391	1	1	391	1	3	24	2139
391	1	1	391	1	4	20	2139
391	1	2	391	1	3	21	2139
391	1	2	391	1	4	23	2139
391	1	3	391	1	4	22	2139
392	1	1	392	1	2	3	1439
392	1	1	392	1	3	2	1439
392	1	1	392	1	4	3	1439
392	1	2	392	1	3	1	1439
392	1	2	392	1	4	2	1439
392	1	3	392	1	4	1	1439
392	2	1	392	2	2	0	1226
392	2	1	392	2	3	0	1226
392	2	1	392	2	4	3	1226
392	2	2	392	2	3	0	1226
392	2	2	392	2	4	3	1226
392	2	3	392	2	4	3	1226
392	3	1	392	3	2	0	676
392	3	1	392	3	3	0	676
392	3	1	392	3	4	0	676
392	3	2	392	3	3	0	676
392	3	2	392	3	4	0	676
392	3	3	392	3	4	0	676
393	1	1	393	1	2	4	1963
393	1	1	393	1	3	3	1963
393	1	1	393	1	4	1	1963
393	1	2	393	1	3	1	1963
393	1	2	393	1	4	3	1963
393	1	3	393	1	4	2	1963
394	1	1	394	1	2	6	1502
394	1	1	394	1	3	5	1502
394	1	1	394	1	4	3	1502
394	1	2	394	1	3	2	1502
394	1	2	394	1	4	3	1502
394	1	3	394	1	4	2	1502
394	2	1	394	2	2	6	1134
394	2	1	394	2	3	18	1134
394	2	1	394	2	4	15	1134
394	2	2	394	2	3	16	1134
394	2	2	394	2	4	11	1134
394	2	3	394	2	4	6	1134
395	1	1	395	1	2	0	1909
395	1	1	395	1	3	1	1909
395	1	1	395	1	4	1	1909
395	1	2	395	1	3	1	1909
395	1	2	395	1	4	1	1909
395	1	3	395	1	4	2	1909
396	1	1	396	1	2	5	2346
396	1	1	396	1	3	8	2346
396	1	1	396	1	4	5	2346
396	1	2	396	1	3	9	2346
396	1	2	396	1	4	6	2346
396	1	3	396	1	4	7	2346
399	1	1	399	1	2	3	1989
399	1	1	399	1	3	4	1989
399	1	1	399	1	4	4	1989
399	1	2	399	1	3	5	1989
399	1	2	399	1	4	5	1989
399	1	3	399	1	4	5	1989
400	1	1	400	1	2	0	2034
400	1	1	400	1	3	0	2034
400	1	1	400	1	4	0	2034
400	1	2	400	1	3	0	2034
400	1	2	400	1	4	0	2034
400	1	3	400	1	4	0	2034
402	1	1	402	1	2	0	664
402	1	1	402	1	3	0	664
402	1	1	402	1	4	0	664
402	1	2	402	1	3	0	664
402	1	2	402	1	4	0	664
402	1	3	402	1	4	0	664
403	1	1	403	1	2	24	1659
403	1	1	403	1	3	33	1659
403	1	1	403	1	4	32	1659
403	1	2	403	1	3	25	1659
403	1	2	403	1	4	27	1659
403	1	3	403	1	4	15	1659
