1	1	1	1	1	2	5	2026
1	1	1	1	1	3	5	2026
1	1	1	1	1	4	7	2026
1	1	2	1	1	3	6	2026
1	1	2	1	1	4	2	2026
1	1	3	1	1	4	4	2026
2	1	1	2	1	2	29	2069
2	1	1	2	1	3	27	2069
2	1	1	2	1	4	33	2069
2	1	2	2	1	3	43	2069
2	1	2	2	1	4	33	2069
2	1	3	2	1	4	43	2069
3	1	1	3	1	2	36	2194
3	1	1	3	1	3	53	2194
3	1	1	3	1	4	41	2194
3	1	2	3	1	3	40	2194
3	1	2	3	1	4	40	2194
3	1	3	3	1	4	39	2194
4	1	1	4	1	2	13	2029
4	1	1	4	1	3	11	2029
4	1	1	4	1	4	18	2029
4	1	2	4	1	3	6	2029
4	1	2	4	1	4	18	2029
4	1	3	4	1	4	15	2029
5	1	1	5	1	2	3	1262
5	1	1	5	1	3	5	1262
5	1	1	5	1	4	3	1262
5	1	2	5	1	3	4	1262
5	1	2	5	1	4	2	1262
5	1	3	5	1	4	6	1262
5	2	1	5	2	2	0	1408
5	2	1	5	2	3	3	1408
5	2	1	5	2	4	4	1408
5	2	2	5	2	3	3	1408
5	2	2	5	2	4	4	1408
5	2	3	5	2	4	3	1408
5	3	1	5	3	2	5	986
5	3	1	5	3	3	3	986
5	3	1	5	3	4	1	986
5	3	2	5	3	3	3	986
5	3	2	5	3	4	4	986
5	3	3	5	3	4	2	986
5	4	1	5	4	2	0	375
5	4	1	5	4	3	0	375
5	4	1	5	4	4	0	375
5	4	2	5	4	3	0	375
5	4	2	5	4	4	0	375
5	4	3	5	4	4	0	375
7	1	1	7	1	2	13	1822
7	1	1	7	1	3	4	1822
7	1	1	7	1	4	12	1822
7	1	2	7	1	3	15	1822
7	1	2	7	1	4	16	1822
7	1	3	7	1	4	12	1822
8	1	1	8	1	2	4	1937
8	1	1	8	1	3	3	1937
8	1	1	8	1	4	2	1937
8	1	2	8	1	3	3	1937
8	1	2	8	1	4	4	1937
8	1	3	8	1	4	5	1937
9	1	1	9	1	2	5	1874
9	1	1	9	1	3	5	1874
9	1	1	9	1	4	5	1874
9	1	2	9	1	3	0	1874
9	1	2	9	1	4	0	1874
9	1	3	9	1	4	0	1874
10	1	1	10	1	2	11	1214
10	1	1	10	1	3	34	1214
10	1	1	10	1	4	24	1214
10	1	2	10	1	3	26	1214
10	1	2	10	1	4	21	1214
10	1	3	10	1	4	29	1214
11	1	1	11	1	2	1	1193
11	1	1	11	1	3	1	1193
11	1	1	11	1	4	1	1193
11	1	2	11	1	3	0	1193
11	1	2	11	1	4	2	1193
11	1	3	11	1	4	2	1193
11	2	1	11	2	2	0	726
11	2	1	11	2	3	0	726
11	2	1	11	2	4	0	726
11	2	2	11	2	3	0	726
11	2	2	11	2	4	0	726
11	2	3	11	2	4	0	726
12	1	1	12	1	2	12	1782
12	1	1	12	1	3	15	1782
12	1	1	12	1	4	14	1782
12	1	2	12	1	3	14	1782
12	1	2	12	1	4	10	1782
12	1	3	12	1	4	7	1782
13	1	1	13	1	2	20	1328
13	1	1	13	1	3	15	1328
13	1	1	13	1	4	16	1328
13	1	2	13	1	3	14	1328
13	1	2	13	1	4	13	1328
13	1	3	13	1	4	15	1328
13	2	1	13	2	2	1	808
13	2	1	13	2	3	2	808
13	2	1	13	2	4	2	808
13	2	2	13	2	3	3	808
13	2	2	13	2	4	3	808
13	2	3	13	2	4	0	808
13	3	1	13	3	2	0	254
13	3	1	13	3	3	0	254
13	3	1	13	3	4	0	254
13	3	2	13	3	3	0	254
13	3	2	13	3	4	0	254
13	3	3	13	3	4	0	254
14	1	1	14	1	2	4	2184
14	1	1	14	1	3	6	2184
14	1	1	14	1	4	5	2184
14	1	2	14	1	3	6	2184
14	1	2	14	1	4	9	2184
14	1	3	14	1	4	3	2184
15	1	1	15	1	2	23	1929
15	1	1	15	1	3	16	1929
15	1	1	15	1	4	30	1929
15	1	2	15	1	3	21	1929
15	1	2	15	1	4	12	1929
15	1	3	15	1	4	20	1929
16	1	1	16	1	2	23	1880
16	1	1	16	1	3	16	1880
16	1	1	16	1	4	24	1880
16	1	2	16	1	3	24	1880
16	1	2	16	1	4	15	1880
16	1	3	16	1	4	22	1880
17	1	1	17	1	2	2	2193
17	1	1	17	1	3	1	2193
17	1	1	17	1	4	2	2193
17	1	2	17	1	3	1	2193
17	1	2	17	1	4	2	2193
17	1	3	17	1	4	1	2193
17	2	1	17	2	2	4	1805
17	2	1	17	2	3	5	1805
17	2	1	17	2	4	8	1805
17	2	2	17	2	3	1	1805
17	2	2	17	2	4	4	1805
17	2	3	17	2	4	5	1805
18	1	1	18	1	2	0	1375
18	1	1	18	1	3	0	1375
18	1	1	18	1	4	1	1375
18	1	2	18	1	3	0	1375
18	1	2	18	1	4	1	1375
18	1	3	18	1	4	1	1375
19	1	1	19	1	2	4	2200
19	1	1	19	1	3	5	2200
19	1	1	19	1	4	3	2200
19	1	2	19	1	3	1	2200
19	1	2	19	1	4	3	2200
19	1	3	19	1	4	4	2200
19	2	1	19	2	2	4	1823
19	2	1	19	2	3	5	1823
19	2	1	19	2	4	5	1823
19	2	2	19	2	3	1	1823
19	2	2	19	2	4	3	1823
19	2	3	19	2	4	2	1823
19	3	1	19	3	2	3	1796
19	3	1	19	3	3	2	1796
19	3	1	19	3	4	3	1796
19	3	2	19	3	3	4	1796
19	3	2	19	3	4	1	1796
19	3	3	19	3	4	3	1796
19	4	1	19	4	2	0	1638
19	4	1	19	4	3	0	1638
19	4	1	19	4	4	0	1638
19	4	2	19	4	3	0	1638
19	4	2	19	4	4	0	1638
19	4	3	19	4	4	0	1638
19	5	1	19	5	2	3	1789
19	5	1	19	5	3	3	1789
19	5	1	19	5	4	6	1789
19	5	2	19	5	3	4	1789
19	5	2	19	5	4	5	1789
19	5	3	19	5	4	3	1789
19	6	1	19	6	2	9	1702
19	6	1	19	6	3	7	1702
19	6	1	19	6	4	5	1702
19	6	2	19	6	3	5	1702
19	6	2	19	6	4	6	1702
19	6	3	19	6	4	4	1702
19	7	1	19	7	2	1	1022
19	7	1	19	7	3	1	1022
19	7	1	19	7	4	1	1022
19	7	2	19	7	3	0	1022
19	7	2	19	7	4	0	1022
19	7	3	19	7	4	0	1022
19	8	1	19	8	2	0	933
19	8	1	19	8	3	1	933
19	8	1	19	8	4	1	933
19	8	2	19	8	3	1	933
19	8	2	19	8	4	1	933
19	8	3	19	8	4	0	933
20	1	1	20	1	2	7	1761
20	1	1	20	1	3	4	1761
20	1	1	20	1	4	5	1761
20	1	2	20	1	3	3	1761
20	1	2	20	1	4	6	1761
20	1	3	20	1	4	5	1761
20	2	1	20	2	2	3	1797
20	2	1	20	2	3	2	1797
20	2	1	20	2	4	4	1797
20	2	2	20	2	3	5	1797
20	2	2	20	2	4	1	1797
20	2	3	20	2	4	4	1797
20	3	1	20	3	2	2	1461
20	3	1	20	3	3	4	1461
20	3	1	20	3	4	1	1461
20	3	2	20	3	3	4	1461
20	3	2	20	3	4	3	1461
20	3	3	20	3	4	4	1461
21	1	1	21	1	2	1	1584
21	1	1	21	1	3	4	1584
21	1	1	21	1	4	2	1584
21	1	2	21	1	3	3	1584
21	1	2	21	1	4	2	1584
21	1	3	21	1	4	5	1584
22	1	1	22	1	2	13	2006
22	1	1	22	1	3	11	2006
22	1	1	22	1	4	18	2006
22	1	2	22	1	3	11	2006
22	1	2	22	1	4	14	2006
22	1	3	22	1	4	12	2006
23	1	1	23	1	2	480	948
23	1	1	23	1	3	466	948
23	1	1	23	1	4	468	948
23	1	2	23	1	3	474	948
23	1	2	23	1	4	468	948
23	1	3	23	1	4	464	948
24	1	1	24	1	2	4	1827
24	1	1	24	1	3	5	1827
24	1	1	24	1	4	5	1827
24	1	2	24	1	3	5	1827
24	1	2	24	1	4	5	1827
24	1	3	24	1	4	2	1827
25	1	1	25	1	2	1	1538
25	1	1	25	1	3	3	1538
25	1	1	25	1	4	4	1538
25	1	2	25	1	3	2	1538
25	1	2	25	1	4	3	1538
25	1	3	25	1	4	1	1538
26	1	1	26	1	2	14	1566
26	1	1	26	1	3	16	1566
26	1	1	26	1	4	21	1566
26	1	2	26	1	3	8	1566
26	1	2	26	1	4	15	1566
26	1	3	26	1	4	13	1566
27	1	1	27	1	2	0	1391
27	1	1	27	1	3	0	1391
27	1	1	27	1	4	5	1391
27	1	2	27	1	3	0	1391
27	1	2	27	1	4	5	1391
27	1	3	27	1	4	5	1391
28	1	1	28	1	2	0	1851
28	1	1	28	1	3	2	1851
28	1	1	28	1	4	2	1851
28	1	2	28	1	3	2	1851
28	1	2	28	1	4	2	1851
28	1	3	28	1	4	4	1851
29	1	1	29	1	2	10	2136
29	1	1	29	1	3	5	2136
29	1	1	29	1	4	15	2136
29	1	2	29	1	3	11	2136
29	1	2	29	1	4	7	2136
29	1	3	29	1	4	18	2136
30	1	1	30	1	2	6	1149
30	1	1	30	1	3	8	1149
30	1	1	30	1	4	7	1149
30	1	2	30	1	3	8	1149
30	1	2	30	1	4	7	1149
30	1	3	30	1	4	1	1149
30	2	1	30	2	2	5	735
30	2	1	30	2	3	4	735
30	2	1	30	2	4	5	735
30	2	2	30	2	3	2	735
30	2	2	30	2	4	5	735
30	2	3	30	2	4	5	735
31	1	1	31	1	2	9	1828
31	1	1	31	1	3	9	1828
31	1	1	31	1	4	1	1828
31	1	2	31	1	3	0	1828
31	1	2	31	1	4	8	1828
31	1	3	31	1	4	8	1828
32	1	1	32	1	2	3	1735
32	1	1	32	1	3	1	1735
32	1	1	32	1	4	1	1735
32	1	2	32	1	3	2	1735
32	1	2	32	1	4	2	1735
32	1	3	32	1	4	0	1735
33	1	1	33	1	2	593	3565
33	1	1	33	1	3	584	3565
33	1	1	33	1	4	560	3565
33	1	2	33	1	3	562	3565
33	1	2	33	1	4	568	3565
33	1	3	33	1	4	566	3565
33	2	1	33	2	2	5	1951
33	2	1	33	2	3	3	1951
33	2	1	33	2	4	2	1951
33	2	2	33	2	3	2	1951
33	2	2	33	2	4	5	1951
33	2	3	33	2	4	3	1951
34	1	1	34	1	2	0	1087
34	1	1	34	1	3	2	1087
34	1	1	34	1	4	2	1087
34	1	2	34	1	3	2	1087
34	1	2	34	1	4	2	1087
34	1	3	34	1	4	2	1087
35	1	1	35	1	2	4	1873
35	1	1	35	1	3	1	1873
35	1	1	35	1	4	4	1873
35	1	2	35	1	3	5	1873
35	1	2	35	1	4	2	1873
35	1	3	35	1	4	3	1873
36	1	1	36	1	2	7	2229
36	1	1	36	1	3	10	2229
36	1	1	36	1	4	10	2229
36	1	2	36	1	3	11	2229
36	1	2	36	1	4	11	2229
36	1	3	36	1	4	4	2229
37	1	1	37	1	2	3	1139
37	1	1	37	1	3	3	1139
37	1	1	37	1	4	3	1139
37	1	2	37	1	3	2	1139
37	1	2	37	1	4	1	1139
37	1	3	37	1	4	1	1139
38	1	1	38	1	2	5	1555
38	1	1	38	1	3	3	1555
38	1	1	38	1	4	2	1555
38	1	2	38	1	3	4	1555
38	1	2	38	1	4	3	1555
38	1	3	38	1	4	1	1555
39	1	1	39	1	2	5	1911
39	1	1	39	1	3	5	1911
39	1	1	39	1	4	6	1911
39	1	2	39	1	3	6	1911
39	1	2	39	1	4	5	1911
39	1	3	39	1	4	5	1911
40	1	1	40	1	2	453	1003
40	1	1	40	1	3	459	1003
40	1	1	40	1	4	466	1003
40	1	2	40	1	3	462	1003
40	1	2	40	1	4	449	1003
40	1	3	40	1	4	467	1003
40	2	1	40	2	2	0	1012
40	2	1	40	2	3	2	1012
40	2	1	40	2	4	2	1012
40	2	2	40	2	3	2	1012
40	2	2	40	2	4	2	1012
40	2	3	40	2	4	0	1012
40	3	1	40	3	2	1	1969
40	3	1	40	3	3	2	1969
40	3	1	40	3	4	4	1969
40	3	2	40	3	3	1	1969
40	3	2	40	3	4	3	1969
40	3	3	40	3	4	2	1969
40	4	1	40	4	2	0	805
40	4	1	40	4	3	0	805
40	4	1	40	4	4	2	805
40	4	2	40	4	3	0	805
40	4	2	40	4	4	2	805
40	4	3	40	4	4	2	805
41	1	1	41	1	2	1	1780
41	1	1	41	1	3	1	1780
41	1	1	41	1	4	1	1780
41	1	2	41	1	3	0	1780
41	1	2	41	1	4	0	1780
41	1	3	41	1	4	0	1780
42	1	1	42	1	2	107	2368
42	1	1	42	1	3	132	2368
42	1	1	42	1	4	133	2368
42	1	2	42	1	3	139	2368
42	1	2	42	1	4	147	2368
42	1	3	42	1	4	129	2368
42	2	1	42	2	2	0	782
42	2	1	42	2	3	0	782
42	2	1	42	2	4	0	782
42	2	2	42	2	3	0	782
42	2	2	42	2	4	0	782
42	2	3	42	2	4	0	782
43	1	1	43	1	2	6	2005
43	1	1	43	1	3	17	2005
43	1	1	43	1	4	11	2005
43	1	2	43	1	3	11	2005
43	1	2	43	1	4	9	2005
43	1	3	43	1	4	18	2005
43	2	1	43	2	2	0	758
43	2	1	43	2	3	0	758
43	2	1	43	2	4	0	758
43	2	2	43	2	3	0	758
43	2	2	43	2	4	0	758
43	2	3	43	2	4	0	758
44	1	1	44	1	2	6	2133
44	1	1	44	1	3	5	2133
44	1	1	44	1	4	2	2133
44	1	2	44	1	3	10	2133
44	1	2	44	1	4	7	2133
44	1	3	44	1	4	5	2133
44	2	1	44	2	2	1	925
44	2	1	44	2	3	3	925
44	2	1	44	2	4	2	925
44	2	2	44	2	3	2	925
44	2	2	44	2	4	3	925
44	2	3	44	2	4	3	925
46	1	1	46	1	2	0	2016
46	1	1	46	1	3	2	2016
46	1	1	46	1	4	1	2016
46	1	2	46	1	3	2	2016
46	1	2	46	1	4	1	2016
46	1	3	46	1	4	3	2016
47	1	1	47	1	2	0	1905
47	1	1	47	1	3	2	1905
47	1	1	47	1	4	2	1905
47	1	2	47	1	3	2	1905
47	1	2	47	1	4	2	1905
47	1	3	47	1	4	2	1905
48	1	1	48	1	2	0	1663
48	1	1	48	1	3	10	1663
48	1	1	48	1	4	1	1663
48	1	2	48	1	3	10	1663
48	1	2	48	1	4	1	1663
48	1	3	48	1	4	11	1663
49	1	1	49	1	2	0	1992
49	1	1	49	1	3	2	1992
49	1	1	49	1	4	2	1992
49	1	2	49	1	3	2	1992
49	1	2	49	1	4	2	1992
49	1	3	49	1	4	0	1992
50	1	1	50	1	2	15	2048
50	1	1	50	1	3	15	2048
50	1	1	50	1	4	13	2048
50	1	2	50	1	3	8	2048
50	1	2	50	1	4	14	2048
50	1	3	50	1	4	8	2048
51	1	1	51	1	2	10	2075
51	1	1	51	1	3	9	2075
51	1	1	51	1	4	5	2075
51	1	2	51	1	3	9	2075
51	1	2	51	1	4	7	2075
51	1	3	51	1	4	8	2075
52	1	1	52	1	2	2	2225
52	1	1	52	1	3	3	2225
52	1	1	52	1	4	4	2225
52	1	2	52	1	3	5	2225
52	1	2	52	1	4	6	2225
52	1	3	52	1	4	3	2225
54	1	1	54	1	2	245	1199
54	1	1	54	1	3	241	1199
54	1	1	54	1	4	250	1199
54	1	2	54	1	3	237	1199
54	1	2	54	1	4	246	1199
54	1	3	54	1	4	219	1199
55	1	1	55	1	2	0	1747
55	1	1	55	1	3	0	1747
55	1	1	55	1	4	1	1747
55	1	2	55	1	3	0	1747
55	1	2	55	1	4	1	1747
55	1	3	55	1	4	1	1747
55	2	1	55	2	2	0	1543
55	2	1	55	2	3	0	1543
55	2	1	55	2	4	0	1543
55	2	2	55	2	3	0	1543
55	2	2	55	2	4	0	1543
55	2	3	55	2	4	0	1543
56	1	1	56	1	2	7	2022
56	1	1	56	1	3	5	2022
56	1	1	56	1	4	3	2022
56	1	2	56	1	3	5	2022
56	1	2	56	1	4	4	2022
56	1	3	56	1	4	4	2022
57	1	1	57	1	2	308	2230
57	1	1	57	1	3	318	2230
57	1	1	57	1	4	320	2230
57	1	2	57	1	3	315	2230
57	1	2	57	1	4	301	2230
57	1	3	57	1	4	330	2230
58	1	1	58	1	2	6	1699
58	1	1	58	1	3	7	1699
58	1	1	58	1	4	9	1699
58	1	2	58	1	3	9	1699
58	1	2	58	1	4	11	1699
58	1	3	58	1	4	2	1699
60	1	1	60	1	2	13	2046
60	1	1	60	1	3	14	2046
60	1	1	60	1	4	14	2046
60	1	2	60	1	3	15	2046
60	1	2	60	1	4	7	2046
60	1	3	60	1	4	12	2046
61	1	1	61	1	2	0	2087
61	1	1	61	1	3	2	2087
61	1	1	61	1	4	1	2087
61	1	2	61	1	3	2	2087
61	1	2	61	1	4	1	2087
61	1	3	61	1	4	3	2087
62	1	1	62	1	2	2	1996
62	1	1	62	1	3	1	1996
62	1	1	62	1	4	1	1996
62	1	2	62	1	3	1	1996
62	1	2	62	1	4	1	1996
62	1	3	62	1	4	0	1996
63	1	1	63	1	2	4	2030
63	1	1	63	1	3	2	2030
63	1	1	63	1	4	1	2030
63	1	2	63	1	3	4	2030
63	1	2	63	1	4	5	2030
63	1	3	63	1	4	1	2030
64	1	1	64	1	2	0	2031
64	1	1	64	1	3	0	2031
64	1	1	64	1	4	0	2031
64	1	2	64	1	3	0	2031
64	1	2	64	1	4	0	2031
64	1	3	64	1	4	0	2031
65	1	1	65	1	2	1	2029
65	1	1	65	1	3	1	2029
65	1	1	65	1	4	1	2029
65	1	2	65	1	3	0	2029
65	1	2	65	1	4	0	2029
65	1	3	65	1	4	0	2029
65	2	1	65	2	2	0	833
65	2	1	65	2	3	1	833
65	2	1	65	2	4	1	833
65	2	2	65	2	3	1	833
65	2	2	65	2	4	1	833
65	2	3	65	2	4	1	833
65	3	1	65	3	2	0	460
65	3	1	65	3	3	0	460
65	3	1	65	3	4	0	460
65	3	2	65	3	3	0	460
65	3	2	65	3	4	0	460
65	3	3	65	3	4	0	460
66	1	1	66	1	2	48	1318
66	1	1	66	1	3	59	1318
66	1	1	66	1	4	75	1318
66	1	2	66	1	3	66	1318
66	1	2	66	1	4	71	1318
66	1	3	66	1	4	67	1318
67	1	1	67	1	2	2	2021
67	1	1	67	1	3	3	2021
67	1	1	67	1	4	4	2021
67	1	2	67	1	3	1	2021
67	1	2	67	1	4	2	2021
67	1	3	67	1	4	1	2021
68	1	1	68	1	2	1	1547
68	1	1	68	1	3	2	1547
68	1	1	68	1	4	3	1547
68	1	2	68	1	3	1	1547
68	1	2	68	1	4	2	1547
68	1	3	68	1	4	1	1547
68	2	1	68	2	2	2	1460
68	2	1	68	2	3	4	1460
68	2	1	68	2	4	3	1460
68	2	2	68	2	3	2	1460
68	2	2	68	2	4	1	1460
68	2	3	68	2	4	1	1460
68	3	1	68	3	2	0	456
68	3	1	68	3	3	0	456
68	3	1	68	3	4	0	456
68	3	2	68	3	3	0	456
68	3	2	68	3	4	0	456
68	3	3	68	3	4	0	456
69	1	1	69	1	2	2	2113
69	1	1	69	1	3	2	2113
69	1	1	69	1	4	4	2113
69	1	2	69	1	3	4	2113
69	1	2	69	1	4	4	2113
69	1	3	69	1	4	6	2113
69	2	1	69	2	2	0	1292
69	2	1	69	2	3	0	1292
69	2	1	69	2	4	0	1292
69	2	2	69	2	3	0	1292
69	2	2	69	2	4	0	1292
69	2	3	69	2	4	0	1292
69	3	1	69	3	2	1	1091
69	3	1	69	3	3	1	1091
69	3	1	69	3	4	1	1091
69	3	2	69	3	3	0	1091
69	3	2	69	3	4	0	1091
69	3	3	69	3	4	0	1091
70	1	1	70	1	2	0	899
70	1	1	70	1	3	0	899
70	1	1	70	1	4	0	899
70	1	2	70	1	3	0	899
70	1	2	70	1	4	0	899
70	1	3	70	1	4	0	899
71	1	1	71	1	2	15	1581
71	1	1	71	1	3	9	1581
71	1	1	71	1	4	18	1581
71	1	2	71	1	3	11	1581
71	1	2	71	1	4	15	1581
71	1	3	71	1	4	15	1581
71	2	1	71	2	2	2	1366
71	2	1	71	2	3	2	1366
71	2	1	71	2	4	2	1366
71	2	2	71	2	3	0	1366
71	2	2	71	2	4	0	1366
71	2	3	71	2	4	0	1366
72	1	1	72	1	2	2	1652
72	1	1	72	1	3	4	1652
72	1	1	72	1	4	1	1652
72	1	2	72	1	3	4	1652
72	1	2	72	1	4	3	1652
72	1	3	72	1	4	3	1652
73	1	1	73	1	2	4	2056
73	1	1	73	1	3	1	2056
73	1	1	73	1	4	3	2056
73	1	2	73	1	3	5	2056
73	1	2	73	1	4	6	2056
73	1	3	73	1	4	2	2056
74	1	1	74	1	2	1	847
74	1	1	74	1	3	1	847
74	1	1	74	1	4	1	847
74	1	2	74	1	3	0	847
74	1	2	74	1	4	0	847
74	1	3	74	1	4	0	847
74	2	1	74	2	2	0	629
74	2	1	74	2	3	0	629
74	2	1	74	2	4	0	629
74	2	2	74	2	3	0	629
74	2	2	74	2	4	0	629
74	2	3	74	2	4	0	629
75	1	1	75	1	2	3	2046
75	1	1	75	1	3	5	2046
75	1	1	75	1	4	7	2046
75	1	2	75	1	3	6	2046
75	1	2	75	1	4	6	2046
75	1	3	75	1	4	7	2046
75	2	1	75	2	2	10	1066
75	2	1	75	2	3	11	1066
75	2	1	75	2	4	9	1066
75	2	2	75	2	3	8	1066
75	2	2	75	2	4	13	1066
75	2	3	75	2	4	9	1066
75	3	1	75	3	2	9	793
75	3	1	75	3	3	9	793
75	3	1	75	3	4	12	793
75	3	2	75	3	3	13	793
75	3	2	75	3	4	5	793
75	3	3	75	3	4	17	793
76	1	1	76	1	2	5	2001
76	1	1	76	1	3	6	2001
76	1	1	76	1	4	4	2001
76	1	2	76	1	3	3	2001
76	1	2	76	1	4	5	2001
76	1	3	76	1	4	4	2001
78	1	1	78	1	2	0	1707
78	1	1	78	1	3	1	1707
78	1	1	78	1	4	1	1707
78	1	2	78	1	3	1	1707
78	1	2	78	1	4	1	1707
78	1	3	78	1	4	0	1707
78	2	1	78	2	2	0	902
78	2	1	78	2	3	0	902
78	2	1	78	2	4	0	902
78	2	2	78	2	3	0	902
78	2	2	78	2	4	0	902
78	2	3	78	2	4	0	902
80	1	1	80	1	2	193	1792
80	1	1	80	1	3	189	1792
80	1	1	80	1	4	198	1792
80	1	2	80	1	3	195	1792
80	1	2	80	1	4	194	1792
80	1	3	80	1	4	189	1792
81	1	1	81	1	2	2	2196
81	1	1	81	1	3	6	2196
81	1	1	81	1	4	4	2196
81	1	2	81	1	3	4	2196
81	1	2	81	1	4	2	2196
81	1	3	81	1	4	4	2196
82	1	1	82	1	2	36	1920
82	1	1	82	1	3	24	1920
82	1	1	82	1	4	38	1920
82	1	2	82	1	3	45	1920
82	1	2	82	1	4	34	1920
82	1	3	82	1	4	28	1920
83	1	1	83	1	2	10	1554
83	1	1	83	1	3	6	1554
83	1	1	83	1	4	7	1554
83	1	2	83	1	3	6	1554
83	1	2	83	1	4	10	1554
83	1	3	83	1	4	6	1554
84	1	1	84	1	2	6	2154
84	1	1	84	1	3	8	2154
84	1	1	84	1	4	9	2154
84	1	2	84	1	3	8	2154
84	1	2	84	1	4	6	2154
84	1	3	84	1	4	6	2154
84	2	1	84	2	2	20	1579
84	2	1	84	2	3	25	1579
84	2	1	84	2	4	26	1579
84	2	2	84	2	3	21	1579
84	2	2	84	2	4	24	1579
84	2	3	84	2	4	18	1579
84	3	1	84	3	2	1	1031
84	3	1	84	3	3	1	1031
84	3	1	84	3	4	1	1031
84	3	2	84	3	3	0	1031
84	3	2	84	3	4	0	1031
84	3	3	84	3	4	0	1031
85	1	1	85	1	2	8	1619
85	1	1	85	1	3	10	1619
85	1	1	85	1	4	8	1619
85	1	2	85	1	3	8	1619
85	1	2	85	1	4	4	1619
85	1	3	85	1	4	6	1619
86	1	1	86	1	2	5	2158
86	1	1	86	1	3	5	2158
86	1	1	86	1	4	3	2158
86	1	2	86	1	3	4	2158
86	1	2	86	1	4	4	2158
86	1	3	86	1	4	4	2158
88	1	1	88	1	2	0	1260
88	1	1	88	1	3	3	1260
88	1	1	88	1	4	1	1260
88	1	2	88	1	3	3	1260
88	1	2	88	1	4	1	1260
88	1	3	88	1	4	4	1260
88	2	1	88	2	2	5	1081
88	2	1	88	2	3	9	1081
88	2	1	88	2	4	8	1081
88	2	2	88	2	3	8	1081
88	2	2	88	2	4	12	1081
88	2	3	88	2	4	6	1081
88	3	1	88	3	2	0	705
88	3	1	88	3	3	0	705
88	3	1	88	3	4	0	705
88	3	2	88	3	3	0	705
88	3	2	88	3	4	0	705
88	3	3	88	3	4	0	705
88	4	1	88	4	2	0	739
88	4	1	88	4	3	0	739
88	4	1	88	4	4	0	739
88	4	2	88	4	3	0	739
88	4	2	88	4	4	0	739
88	4	3	88	4	4	0	739
88	5	1	88	5	2	0	321
88	5	1	88	5	3	0	321
88	5	1	88	5	4	0	321
88	5	2	88	5	3	0	321
88	5	2	88	5	4	0	321
88	5	3	88	5	4	0	321
89	1	1	89	1	2	1	1274
89	1	1	89	1	3	1	1274
89	1	1	89	1	4	1	1274
89	1	2	89	1	3	0	1274
89	1	2	89	1	4	0	1274
89	1	3	89	1	4	0	1274
90	1	1	90	1	2	1	1988
90	1	1	90	1	3	3	1988
90	1	1	90	1	4	3	1988
90	1	2	90	1	3	4	1988
90	1	2	90	1	4	4	1988
90	1	3	90	1	4	2	1988
91	1	1	91	1	2	14	2026
91	1	1	91	1	3	7	2026
91	1	1	91	1	4	15	2026
91	1	2	91	1	3	9	2026
91	1	2	91	1	4	7	2026
91	1	3	91	1	4	10	2026
92	1	1	92	1	2	299	2538
92	1	1	92	1	3	304	2538
92	1	1	92	1	4	286	2538
92	1	2	92	1	3	304	2538
92	1	2	92	1	4	307	2538
92	1	3	92	1	4	281	2538
93	1	1	93	1	2	0	1807
93	1	1	93	1	3	1	1807
93	1	1	93	1	4	1	1807
93	1	2	93	1	3	1	1807
93	1	2	93	1	4	1	1807
93	1	3	93	1	4	0	1807
94	1	1	94	1	2	18	1903
94	1	1	94	1	3	21	1903
94	1	1	94	1	4	25	1903
94	1	2	94	1	3	14	1903
94	1	2	94	1	4	16	1903
94	1	3	94	1	4	15	1903
95	1	1	95	1	2	9	2206
95	1	1	95	1	3	9	2206
95	1	1	95	1	4	10	2206
95	1	2	95	1	3	5	2206
95	1	2	95	1	4	3	2206
95	1	3	95	1	4	8	2206
96	1	1	96	1	2	0	1222
96	1	1	96	1	3	3	1222
96	1	1	96	1	4	3	1222
96	1	2	96	1	3	3	1222
96	1	2	96	1	4	3	1222
96	1	3	96	1	4	0	1222
96	2	1	96	2	2	1	1461
96	2	1	96	2	3	5	1461
96	2	1	96	2	4	2	1461
96	2	2	96	2	3	6	1461
96	2	2	96	2	4	3	1461
96	2	3	96	2	4	3	1461
98	1	1	98	1	2	36	2032
98	1	1	98	1	3	42	2032
98	1	1	98	1	4	27	2032
98	1	2	98	1	3	32	2032
98	1	2	98	1	4	30	2032
98	1	3	98	1	4	34	2032
98	2	1	98	2	2	0	858
98	2	1	98	2	3	1	858
98	2	1	98	2	4	2	858
98	2	2	98	2	3	1	858
98	2	2	98	2	4	2	858
98	2	3	98	2	4	1	858
99	1	1	99	1	2	1	1867
99	1	1	99	1	3	3	1867
99	1	1	99	1	4	2	1867
99	1	2	99	1	3	2	1867
99	1	2	99	1	4	1	1867
99	1	3	99	1	4	1	1867
100	1	1	100	1	2	320	2946
100	1	1	100	1	3	307	2946
100	1	1	100	1	4	297	2946
100	1	2	100	1	3	265	2946
100	1	2	100	1	4	275	2946
100	1	3	100	1	4	296	2946
101	1	1	101	1	2	15	2185
101	1	1	101	1	3	18	2185
101	1	1	101	1	4	7	2185
101	1	2	101	1	3	11	2185
101	1	2	101	1	4	14	2185
101	1	3	101	1	4	17	2185
102	1	1	102	1	2	1	2097
102	1	1	102	1	3	4	2097
102	1	1	102	1	4	5	2097
102	1	2	102	1	3	5	2097
102	1	2	102	1	4	5	2097
102	1	3	102	1	4	1	2097
103	1	1	103	1	2	5	812
103	1	1	103	1	3	5	812
103	1	1	103	1	4	3	812
103	1	2	103	1	3	4	812
103	1	2	103	1	4	8	812
103	1	3	103	1	4	6	812
104	1	1	104	1	2	4	1697
104	1	1	104	1	3	2	1697
104	1	1	104	1	4	4	1697
104	1	2	104	1	3	2	1697
104	1	2	104	1	4	5	1697
104	1	3	104	1	4	3	1697
104	2	1	104	2	2	1	1157
104	2	1	104	2	3	1	1157
104	2	1	104	2	4	2	1157
104	2	2	104	2	3	2	1157
104	2	2	104	2	4	2	1157
104	2	3	104	2	4	1	1157
105	1	1	105	1	2	21	1753
105	1	1	105	1	3	26	1753
105	1	1	105	1	4	33	1753
105	1	2	105	1	3	17	1753
105	1	2	105	1	4	28	1753
105	1	3	105	1	4	21	1753
107	1	1	107	1	2	5	1658
107	1	1	107	1	3	7	1658
107	1	1	107	1	4	8	1658
107	1	2	107	1	3	7	1658
107	1	2	107	1	4	6	1658
107	1	3	107	1	4	9	1658
108	1	1	108	1	2	65	1189
108	1	1	108	1	3	64	1189
108	1	1	108	1	4	64	1189
108	1	2	108	1	3	59	1189
108	1	2	108	1	4	84	1189
108	1	3	108	1	4	63	1189
108	2	1	108	2	2	0	1035
108	2	1	108	2	3	1	1035
108	2	1	108	2	4	2	1035
108	2	2	108	2	3	1	1035
108	2	2	108	2	4	2	1035
108	2	3	108	2	4	1	1035
109	1	1	109	1	2	0	1328
109	1	1	109	1	3	5	1328
109	1	1	109	1	4	5	1328
109	1	2	109	1	3	5	1328
109	1	2	109	1	4	5	1328
109	1	3	109	1	4	4	1328
110	1	1	110	1	2	4	2115
110	1	1	110	1	3	9	2115
110	1	1	110	1	4	9	2115
110	1	2	110	1	3	7	2115
110	1	2	110	1	4	7	2115
110	1	3	110	1	4	0	2115
111	1	1	111	1	2	19	1314
111	1	1	111	1	3	17	1314
111	1	1	111	1	4	21	1314
111	1	2	111	1	3	15	1314
111	1	2	111	1	4	24	1314
111	1	3	111	1	4	24	1314
112	1	1	112	1	2	6	1891
112	1	1	112	1	3	8	1891
112	1	1	112	1	4	8	1891
112	1	2	112	1	3	3	1891
112	1	2	112	1	4	3	1891
112	1	3	112	1	4	2	1891
113	1	1	113	1	2	4	1216
113	1	1	113	1	3	3	1216
113	1	1	113	1	4	3	1216
113	1	2	113	1	3	1	1216
113	1	2	113	1	4	1	1216
113	1	3	113	1	4	0	1216
114	1	1	114	1	2	12	1667
114	1	1	114	1	3	10	1667
114	1	1	114	1	4	9	1667
114	1	2	114	1	3	8	1667
114	1	2	114	1	4	9	1667
114	1	3	114	1	4	8	1667
115	1	1	115	1	2	6	2001
115	1	1	115	1	3	8	2001
115	1	1	115	1	4	9	2001
115	1	2	115	1	3	6	2001
115	1	2	115	1	4	12	2001
115	1	3	115	1	4	11	2001
118	1	1	118	1	2	6	1971
118	1	1	118	1	3	5	1971
118	1	1	118	1	4	4	1971
118	1	2	118	1	3	3	1971
118	1	2	118	1	4	4	1971
118	1	3	118	1	4	2	1971
119	1	1	119	1	2	2	2170
119	1	1	119	1	3	2	2170
119	1	1	119	1	4	7	2170
119	1	2	119	1	3	4	2170
119	1	2	119	1	4	9	2170
119	1	3	119	1	4	7	2170
121	1	1	121	1	2	0	1644
121	1	1	121	1	3	2	1644
121	1	1	121	1	4	2	1644
121	1	2	121	1	3	2	1644
121	1	2	121	1	4	2	1644
121	1	3	121	1	4	0	1644
122	1	1	122	1	2	13	1947
122	1	1	122	1	3	13	1947
122	1	1	122	1	4	5	1947
122	1	2	122	1	3	4	1947
122	1	2	122	1	4	12	1947
122	1	3	122	1	4	14	1947
123	1	1	123	1	2	3	1584
123	1	1	123	1	3	5	1584
123	1	1	123	1	4	4	1584
123	1	2	123	1	3	4	1584
123	1	2	123	1	4	3	1584
123	1	3	123	1	4	3	1584
124	1	1	124	1	2	4	2993
124	1	1	124	1	3	6	2993
124	1	1	124	1	4	15	2993
124	1	2	124	1	3	4	2993
124	1	2	124	1	4	15	2993
124	1	3	124	1	4	11	2993
125	1	1	125	1	2	4	1919
125	1	1	125	1	3	7	1919
125	1	1	125	1	4	7	1919
125	1	2	125	1	3	3	1919
125	1	2	125	1	4	3	1919
125	1	3	125	1	4	0	1919
126	1	1	126	1	2	4	2819
126	1	1	126	1	3	3	2819
126	1	1	126	1	4	6	2819
126	1	2	126	1	3	5	2819
126	1	2	126	1	4	4	2819
126	1	3	126	1	4	3	2819
127	1	1	127	1	2	18	1649
127	1	1	127	1	3	12	1649
127	1	1	127	1	4	10	1649
127	1	2	127	1	3	6	1649
127	1	2	127	1	4	8	1649
127	1	3	127	1	4	6	1649
128	1	1	128	1	2	2	2108
128	1	1	128	1	3	2	2108
128	1	1	128	1	4	2	2108
128	1	2	128	1	3	0	2108
128	1	2	128	1	4	0	2108
128	1	3	128	1	4	0	2108
129	1	1	129	1	2	164	2291
129	1	1	129	1	3	159	2291
129	1	1	129	1	4	165	2291
129	1	2	129	1	3	171	2291
129	1	2	129	1	4	163	2291
129	1	3	129	1	4	168	2291
130	1	1	130	1	2	2	2347
130	1	1	130	1	3	3	2347
130	1	1	130	1	4	2	2347
130	1	2	130	1	3	5	2347
130	1	2	130	1	4	2	2347
130	1	3	130	1	4	3	2347
131	1	1	131	1	2	4	1664
131	1	1	131	1	3	9	1664
131	1	1	131	1	4	5	1664
131	1	2	131	1	3	7	1664
131	1	2	131	1	4	8	1664
131	1	3	131	1	4	12	1664
132	1	1	132	1	2	3	1406
132	1	1	132	1	3	3	1406
132	1	1	132	1	4	4	1406
132	1	2	132	1	3	0	1406
132	1	2	132	1	4	3	1406
132	1	3	132	1	4	3	1406
133	1	1	133	1	2	33	1414
133	1	1	133	1	3	36	1414
133	1	1	133	1	4	37	1414
133	1	2	133	1	3	29	1414
133	1	2	133	1	4	33	1414
133	1	3	133	1	4	30	1414
135	1	1	135	1	2	6	2383
135	1	1	135	1	3	5	2383
135	1	1	135	1	4	9	2383
135	1	2	135	1	3	7	2383
135	1	2	135	1	4	5	2383
135	1	3	135	1	4	8	2383
136	1	1	136	1	2	5	1632
136	1	1	136	1	3	9	1632
136	1	1	136	1	4	12	1632
136	1	2	136	1	3	10	1632
136	1	2	136	1	4	11	1632
136	1	3	136	1	4	11	1632
137	1	1	137	1	2	13	1596
137	1	1	137	1	3	18	1596
137	1	1	137	1	4	14	1596
137	1	2	137	1	3	17	1596
137	1	2	137	1	4	12	1596
137	1	3	137	1	4	14	1596
137	2	1	137	2	2	2	1762
137	2	1	137	2	3	1	1762
137	2	1	137	2	4	2	1762
137	2	2	137	2	3	2	1762
137	2	2	137	2	4	3	1762
137	2	3	137	2	4	1	1762
140	1	1	140	1	2	16	1713
140	1	1	140	1	3	21	1713
140	1	1	140	1	4	17	1713
140	1	2	140	1	3	20	1713
140	1	2	140	1	4	11	1713
140	1	3	140	1	4	18	1713
141	1	1	141	1	2	7	1979
141	1	1	141	1	3	17	1979
141	1	1	141	1	4	10	1979
141	1	2	141	1	3	16	1979
141	1	2	141	1	4	9	1979
141	1	3	141	1	4	19	1979
143	1	1	143	1	2	8	1955
143	1	1	143	1	3	10	1955
143	1	1	143	1	4	7	1955
143	1	2	143	1	3	4	1955
143	1	2	143	1	4	7	1955
143	1	3	143	1	4	5	1955
144	1	1	144	1	2	11	1948
144	1	1	144	1	3	18	1948
144	1	1	144	1	4	14	1948
144	1	2	144	1	3	15	1948
144	1	2	144	1	4	12	1948
144	1	3	144	1	4	13	1948
145	1	1	145	1	2	82	1885
145	1	1	145	1	3	79	1885
145	1	1	145	1	4	85	1885
145	1	2	145	1	3	82	1885
145	1	2	145	1	4	106	1885
145	1	3	145	1	4	78	1885
146	1	1	146	1	2	12	2514
146	1	1	146	1	3	17	2514
146	1	1	146	1	4	9	2514
146	1	2	146	1	3	13	2514
146	1	2	146	1	4	11	2514
146	1	3	146	1	4	16	2514
147	1	1	147	1	2	2	1072
147	1	1	147	1	3	6	1072
147	1	1	147	1	4	5	1072
147	1	2	147	1	3	4	1072
147	1	2	147	1	4	3	1072
147	1	3	147	1	4	1	1072
149	1	1	149	1	2	0	1324
149	1	1	149	1	3	2	1324
149	1	1	149	1	4	1	1324
149	1	2	149	1	3	2	1324
149	1	2	149	1	4	1	1324
149	1	3	149	1	4	1	1324
149	2	1	149	2	2	1	1071
149	2	1	149	2	3	5	1071
149	2	1	149	2	4	4	1071
149	2	2	149	2	3	5	1071
149	2	2	149	2	4	4	1071
149	2	3	149	2	4	3	1071
149	3	1	149	3	2	2	943
149	3	1	149	3	3	3	943
149	3	1	149	3	4	3	943
149	3	2	149	3	3	1	943
149	3	2	149	3	4	1	943
149	3	3	149	3	4	0	943
150	1	1	150	1	2	7	1610
150	1	1	150	1	3	7	1610
150	1	1	150	1	4	6	1610
150	1	2	150	1	3	5	1610
150	1	2	150	1	4	9	1610
150	1	3	150	1	4	7	1610
151	1	1	151	1	2	2	1881
151	1	1	151	1	3	3	1881
151	1	1	151	1	4	2	1881
151	1	2	151	1	3	1	1881
151	1	2	151	1	4	2	1881
151	1	3	151	1	4	1	1881
151	2	1	151	2	2	1	1124
151	2	1	151	2	3	3	1124
151	2	1	151	2	4	5	1124
151	2	2	151	2	3	2	1124
151	2	2	151	2	4	4	1124
151	2	3	151	2	4	2	1124
152	1	1	152	1	2	8	1892
152	1	1	152	1	3	3	1892
152	1	1	152	1	4	3	1892
152	1	2	152	1	3	9	1892
152	1	2	152	1	4	7	1892
152	1	3	152	1	4	2	1892
153	1	1	153	1	2	6	1907
153	1	1	153	1	3	3	1907
153	1	1	153	1	4	8	1907
153	1	2	153	1	3	7	1907
153	1	2	153	1	4	8	1907
153	1	3	153	1	4	9	1907
153	2	1	153	2	2	8	1950
153	2	1	153	2	3	8	1950
153	2	1	153	2	4	6	1950
153	2	2	153	2	3	11	1950
153	2	2	153	2	4	10	1950
153	2	3	153	2	4	13	1950
153	3	1	153	3	2	0	1251
153	3	1	153	3	3	3	1251
153	3	1	153	3	4	3	1251
153	3	2	153	3	3	3	1251
153	3	2	153	3	4	3	1251
153	3	3	153	3	4	2	1251
154	1	1	154	1	2	0	889
154	1	1	154	1	3	0	889
154	1	1	154	1	4	0	889
154	1	2	154	1	3	0	889
154	1	2	154	1	4	0	889
154	1	3	154	1	4	0	889
155	1	1	155	1	2	10	1585
155	1	1	155	1	3	8	1585
155	1	1	155	1	4	8	1585
155	1	2	155	1	3	9	1585
155	1	2	155	1	4	11	1585
155	1	3	155	1	4	4	1585
155	2	1	155	2	2	0	1106
155	2	1	155	2	3	1	1106
155	2	1	155	2	4	1	1106
155	2	2	155	2	3	1	1106
155	2	2	155	2	4	1	1106
155	2	3	155	2	4	0	1106
156	1	1	156	1	2	2	1822
156	1	1	156	1	3	5	1822
156	1	1	156	1	4	4	1822
156	1	2	156	1	3	3	1822
156	1	2	156	1	4	2	1822
156	1	3	156	1	4	3	1822
157	1	1	157	1	2	0	2002
157	1	1	157	1	3	4	2002
157	1	1	157	1	4	7	2002
157	1	2	157	1	3	4	2002
157	1	2	157	1	4	7	2002
157	1	3	157	1	4	3	2002
158	1	1	158	1	2	1	1753
158	1	1	158	1	3	1	1753
158	1	1	158	1	4	2	1753
158	1	2	158	1	3	0	1753
158	1	2	158	1	4	1	1753
158	1	3	158	1	4	1	1753
159	1	1	159	1	2	1	2033
159	1	1	159	1	3	2	2033
159	1	1	159	1	4	2	2033
159	1	2	159	1	3	1	2033
159	1	2	159	1	4	1	2033
159	1	3	159	1	4	0	2033
159	2	1	159	2	2	1	1697
159	2	1	159	2	3	3	1697
159	2	1	159	2	4	3	1697
159	2	2	159	2	3	2	1697
159	2	2	159	2	4	2	1697
159	2	3	159	2	4	1	1697
159	3	1	159	3	2	7	904
159	3	1	159	3	3	13	904
159	3	1	159	3	4	10	904
159	3	2	159	3	3	10	904
159	3	2	159	3	4	9	904
159	3	3	159	3	4	3	904
159	4	1	159	4	2	3	805
159	4	1	159	4	3	6	805
159	4	1	159	4	4	5	805
159	4	2	159	4	3	6	805
159	4	2	159	4	4	2	805
159	4	3	159	4	4	4	805
159	5	1	159	5	2	1	684
159	5	1	159	5	3	1	684
159	5	1	159	5	4	1	684
159	5	2	159	5	3	0	684
159	5	2	159	5	4	1	684
159	5	3	159	5	4	1	684
160	1	1	160	1	2	0	1792
160	1	1	160	1	3	0	1792
160	1	1	160	1	4	1	1792
160	1	2	160	1	3	0	1792
160	1	2	160	1	4	1	1792
160	1	3	160	1	4	1	1792
160	2	1	160	2	2	3	1992
160	2	1	160	2	3	3	1992
160	2	1	160	2	4	3	1992
160	2	2	160	2	3	0	1992
160	2	2	160	2	4	0	1992
160	2	3	160	2	4	0	1992
160	3	1	160	3	2	1	1919
160	3	1	160	3	3	1	1919
160	3	1	160	3	4	2	1919
160	3	2	160	3	3	0	1919
160	3	2	160	3	4	1	1919
160	3	3	160	3	4	1	1919
161	1	1	161	1	2	3	2014
161	1	1	161	1	3	3	2014
161	1	1	161	1	4	3	2014
161	1	2	161	1	3	0	2014
161	1	2	161	1	4	4	2014
161	1	3	161	1	4	4	2014
161	2	1	161	2	2	109	806
161	2	1	161	2	3	89	806
161	2	1	161	2	4	80	806
161	2	2	161	2	3	86	806
161	2	2	161	2	4	95	806
161	2	3	161	2	4	105	806
161	3	1	161	3	2	1	639
161	3	1	161	3	3	1	639
161	3	1	161	3	4	1	639
161	3	2	161	3	3	0	639
161	3	2	161	3	4	0	639
161	3	3	161	3	4	0	639
161	4	1	161	4	2	0	765
161	4	1	161	4	3	0	765
161	4	1	161	4	4	0	765
161	4	2	161	4	3	0	765
161	4	2	161	4	4	0	765
161	4	3	161	4	4	0	765
161	5	1	161	5	2	0	392
161	5	1	161	5	3	0	392
161	5	1	161	5	4	0	392
161	5	2	161	5	3	0	392
161	5	2	161	5	4	0	392
161	5	3	161	5	4	0	392
164	1	1	164	1	2	213	3675
164	1	1	164	1	3	203	3675
164	1	1	164	1	4	203	3675
164	1	2	164	1	3	202	3675
164	1	2	164	1	4	216	3675
164	1	3	164	1	4	205	3675
165	1	1	165	1	2	0	1744
165	1	1	165	1	3	1	1744
165	1	1	165	1	4	3	1744
165	1	2	165	1	3	1	1744
165	1	2	165	1	4	3	1744
165	1	3	165	1	4	2	1744
166	1	1	166	1	2	2	2032
166	1	1	166	1	3	3	2032
166	1	1	166	1	4	4	2032
166	1	2	166	1	3	1	2032
166	1	2	166	1	4	2	2032
166	1	3	166	1	4	1	2032
167	1	1	167	1	2	1	2108
167	1	1	167	1	3	1	2108
167	1	1	167	1	4	2	2108
167	1	2	167	1	3	0	2108
167	1	2	167	1	4	1	2108
167	1	3	167	1	4	1	2108
167	2	1	167	2	2	0	836
167	2	1	167	2	3	0	836
167	2	1	167	2	4	0	836
167	2	2	167	2	3	0	836
167	2	2	167	2	4	0	836
167	2	3	167	2	4	0	836
169	1	1	169	1	2	0	1791
169	1	1	169	1	3	4	1791
169	1	1	169	1	4	2	1791
169	1	2	169	1	3	4	1791
169	1	2	169	1	4	2	1791
169	1	3	169	1	4	2	1791
170	1	1	170	1	2	14	2066
170	1	1	170	1	3	10	2066
170	1	1	170	1	4	14	2066
170	1	2	170	1	3	18	2066
170	1	2	170	1	4	14	2066
170	1	3	170	1	4	15	2066
171	1	1	171	1	2	4	1510
171	1	1	171	1	3	9	1510
171	1	1	171	1	4	13	1510
171	1	2	171	1	3	7	1510
171	1	2	171	1	4	9	1510
171	1	3	171	1	4	9	1510
172	1	1	172	1	2	1	1880
172	1	1	172	1	3	2	1880
172	1	1	172	1	4	3	1880
172	1	2	172	1	3	3	1880
172	1	2	172	1	4	2	1880
172	1	3	172	1	4	5	1880
173	1	1	173	1	2	1	1269
173	1	1	173	1	3	1	1269
173	1	1	173	1	4	1	1269
173	1	2	173	1	3	0	1269
173	1	2	173	1	4	0	1269
173	1	3	173	1	4	0	1269
174	1	1	174	1	2	2	2197
174	1	1	174	1	3	4	2197
174	1	1	174	1	4	5	2197
174	1	2	174	1	3	2	2197
174	1	2	174	1	4	3	2197
174	1	3	174	1	4	1	2197
175	1	1	175	1	2	9	1896
175	1	1	175	1	3	3	1896
175	1	1	175	1	4	6	1896
175	1	2	175	1	3	12	1896
175	1	2	175	1	4	11	1896
175	1	3	175	1	4	5	1896
176	1	1	176	1	2	0	2187
176	1	1	176	1	3	3	2187
176	1	1	176	1	4	1	2187
176	1	2	176	1	3	3	2187
176	1	2	176	1	4	1	2187
176	1	3	176	1	4	2	2187
177	1	1	177	1	2	3	2038
177	1	1	177	1	3	15	2038
177	1	1	177	1	4	20	2038
177	1	2	177	1	3	17	2038
177	1	2	177	1	4	22	2038
177	1	3	177	1	4	5	2038
178	1	1	178	1	2	1	1587
178	1	1	178	1	3	3	1587
178	1	1	178	1	4	2	1587
178	1	2	178	1	3	4	1587
178	1	2	178	1	4	3	1587
178	1	3	178	1	4	1	1587
178	2	1	178	2	2	2	1135
178	2	1	178	2	3	3	1135
178	2	1	178	2	4	3	1135
178	2	2	178	2	3	3	1135
178	2	2	178	2	4	3	1135
178	2	3	178	2	4	0	1135
179	1	1	179	1	2	4	2128
179	1	1	179	1	3	8	2128
179	1	1	179	1	4	6	2128
179	1	2	179	1	3	7	2128
179	1	2	179	1	4	5	2128
179	1	3	179	1	4	4	2128
180	1	1	180	1	2	8	2095
180	1	1	180	1	3	9	2095
180	1	1	180	1	4	11	2095
180	1	2	180	1	3	7	2095
180	1	2	180	1	4	7	2095
180	1	3	180	1	4	7	2095
181	1	1	181	1	2	4	1992
181	1	1	181	1	3	3	1992
181	1	1	181	1	4	10	1992
181	1	2	181	1	3	5	1992
181	1	2	181	1	4	10	1992
181	1	3	181	1	4	7	1992
182	1	1	182	1	2	3	1643
182	1	1	182	1	3	3	1643
182	1	1	182	1	4	5	1643
182	1	2	182	1	3	3	1643
182	1	2	182	1	4	4	1643
182	1	3	182	1	4	5	1643
182	2	1	182	2	2	0	433
182	2	1	182	2	3	0	433
182	2	1	182	2	4	0	433
182	2	2	182	2	3	0	433
182	2	2	182	2	4	0	433
182	2	3	182	2	4	0	433
183	1	1	183	1	2	2	2277
183	1	1	183	1	3	2	2277
183	1	1	183	1	4	2	2277
183	1	2	183	1	3	2	2277
183	1	2	183	1	4	2	2277
183	1	3	183	1	4	2	2277
184	1	1	184	1	2	5	1983
184	1	1	184	1	3	3	1983
184	1	1	184	1	4	4	1983
184	1	2	184	1	3	4	1983
184	1	2	184	1	4	1	1983
184	1	3	184	1	4	3	1983
185	1	1	185	1	2	5	1922
185	1	1	185	1	3	6	1922
185	1	1	185	1	4	6	1922
185	1	2	185	1	3	3	1922
185	1	2	185	1	4	3	1922
185	1	3	185	1	4	2	1922
186	1	1	186	1	2	2	1565
186	1	1	186	1	3	4	1565
186	1	1	186	1	4	5	1565
186	1	2	186	1	3	2	1565
186	1	2	186	1	4	5	1565
186	1	3	186	1	4	3	1565
187	1	1	187	1	2	0	1880
187	1	1	187	1	3	1	1880
187	1	1	187	1	4	1	1880
187	1	2	187	1	3	1	1880
187	1	2	187	1	4	1	1880
187	1	3	187	1	4	0	1880
188	1	1	188	1	2	3	2159
188	1	1	188	1	3	1	2159
188	1	1	188	1	4	1	2159
188	1	2	188	1	3	2	2159
188	1	2	188	1	4	2	2159
188	1	3	188	1	4	0	2159
189	1	1	189	1	2	2	1356
189	1	1	189	1	3	2	1356
189	1	1	189	1	4	2	1356
189	1	2	189	1	3	2	1356
189	1	2	189	1	4	2	1356
189	1	3	189	1	4	0	1356
189	2	1	189	2	2	3	2293
189	2	1	189	2	3	1	2293
189	2	1	189	2	4	5	2293
189	2	2	189	2	3	4	2293
189	2	2	189	2	4	2	2293
189	2	3	189	2	4	4	2293
190	1	1	190	1	2	4	1463
190	1	1	190	1	3	4	1463
190	1	1	190	1	4	5	1463
190	1	2	190	1	3	0	1463
190	1	2	190	1	4	1	1463
190	1	3	190	1	4	1	1463
192	1	1	192	1	2	32	2190
192	1	1	192	1	3	34	2190
192	1	1	192	1	4	49	2190
192	1	2	192	1	3	34	2190
192	1	2	192	1	4	33	2190
192	1	3	192	1	4	40	2190
193	1	1	193	1	2	26	1885
193	1	1	193	1	3	32	1885
193	1	1	193	1	4	33	1885
193	1	2	193	1	3	20	1885
193	1	2	193	1	4	22	1885
193	1	3	193	1	4	21	1885
193	2	1	193	2	2	61	1082
193	2	1	193	2	3	73	1082
193	2	1	193	2	4	58	1082
193	2	2	193	2	3	62	1082
193	2	2	193	2	4	59	1082
193	2	3	193	2	4	50	1082
194	1	1	194	1	2	47	1698
194	1	1	194	1	3	43	1698
194	1	1	194	1	4	56	1698
194	1	2	194	1	3	40	1698
194	1	2	194	1	4	44	1698
194	1	3	194	1	4	46	1698
194	2	1	194	2	2	1	1162
194	2	1	194	2	3	1	1162
194	2	1	194	2	4	1	1162
194	2	2	194	2	3	0	1162
194	2	2	194	2	4	0	1162
194	2	3	194	2	4	0	1162
194	3	1	194	3	2	0	894
194	3	1	194	3	3	0	894
194	3	1	194	3	4	0	894
194	3	2	194	3	3	0	894
194	3	2	194	3	4	0	894
194	3	3	194	3	4	0	894
195	1	1	195	1	2	1	1352
195	1	1	195	1	3	1	1352
195	1	1	195	1	4	2	1352
195	1	2	195	1	3	0	1352
195	1	2	195	1	4	1	1352
195	1	3	195	1	4	1	1352
195	2	1	195	2	2	1	610
195	2	1	195	2	3	1	610
195	2	1	195	2	4	1	610
195	2	2	195	2	3	0	610
195	2	2	195	2	4	0	610
195	2	3	195	2	4	0	610
196	1	1	196	1	2	2	1902
196	1	1	196	1	3	2	1902
196	1	1	196	1	4	2	1902
196	1	2	196	1	3	0	1902
196	1	2	196	1	4	2	1902
196	1	3	196	1	4	2	1902
197	1	1	197	1	2	3	1600
197	1	1	197	1	3	1	1600
197	1	1	197	1	4	2	1600
197	1	2	197	1	3	2	1600
197	1	2	197	1	4	3	1600
197	1	3	197	1	4	1	1600
197	2	1	197	2	2	1	1570
197	2	1	197	2	3	6	1570
197	2	1	197	2	4	6	1570
197	2	2	197	2	3	5	1570
197	2	2	197	2	4	5	1570
197	2	3	197	2	4	0	1570
198	1	1	198	1	2	5	1072
198	1	1	198	1	3	5	1072
198	1	1	198	1	4	3	1072
198	1	2	198	1	3	2	1072
198	1	2	198	1	4	2	1072
198	1	3	198	1	4	2	1072
199	1	1	199	1	2	5	1840
199	1	1	199	1	3	6	1840
199	1	1	199	1	4	6	1840
199	1	2	199	1	3	7	1840
199	1	2	199	1	4	7	1840
199	1	3	199	1	4	0	1840
200	1	1	200	1	2	7	2093
200	1	1	200	1	3	3	2093
200	1	1	200	1	4	4	2093
200	1	2	200	1	3	6	2093
200	1	2	200	1	4	5	2093
200	1	3	200	1	4	1	2093
201	1	1	201	1	2	7	2110
201	1	1	201	1	3	10	2110
201	1	1	201	1	4	8	2110
201	1	2	201	1	3	10	2110
201	1	2	201	1	4	9	2110
201	1	3	201	1	4	8	2110
202	1	1	202	1	2	13	2289
202	1	1	202	1	3	14	2289
202	1	1	202	1	4	16	2289
202	1	2	202	1	3	16	2289
202	1	2	202	1	4	15	2289
202	1	3	202	1	4	13	2289
203	1	1	203	1	2	1	1994
203	1	1	203	1	3	3	1994
203	1	1	203	1	4	3	1994
203	1	2	203	1	3	2	1994
203	1	2	203	1	4	2	1994
203	1	3	203	1	4	0	1994
204	1	1	204	1	2	8	1067
204	1	1	204	1	3	9	1067
204	1	1	204	1	4	5	1067
204	1	2	204	1	3	3	1067
204	1	2	204	1	4	7	1067
204	1	3	204	1	4	8	1067
205	1	1	205	1	2	0	2001
205	1	1	205	1	3	1	2001
205	1	1	205	1	4	1	2001
205	1	2	205	1	3	1	2001
205	1	2	205	1	4	1	2001
205	1	3	205	1	4	0	2001
206	1	1	206	1	2	3	2008
206	1	1	206	1	3	8	2008
206	1	1	206	1	4	8	2008
206	1	2	206	1	3	9	2008
206	1	2	206	1	4	11	2008
206	1	3	206	1	4	2	2008
207	1	1	207	1	2	62	2111
207	1	1	207	1	3	76	2111
207	1	1	207	1	4	75	2111
207	1	2	207	1	3	63	2111
207	1	2	207	1	4	74	2111
207	1	3	207	1	4	67	2111
208	1	1	208	1	2	6	2184
208	1	1	208	1	3	5	2184
208	1	1	208	1	4	3	2184
208	1	2	208	1	3	3	2184
208	1	2	208	1	4	5	2184
208	1	3	208	1	4	4	2184
209	1	1	209	1	2	1	1948
209	1	1	209	1	3	8	1948
209	1	1	209	1	4	5	1948
209	1	2	209	1	3	7	1948
209	1	2	209	1	4	6	1948
209	1	3	209	1	4	11	1948
210	1	1	210	1	2	26	2042
210	1	1	210	1	3	27	2042
210	1	1	210	1	4	26	2042
210	1	2	210	1	3	20	2042
210	1	2	210	1	4	26	2042
210	1	3	210	1	4	33	2042
211	1	1	211	1	2	91	2088
211	1	1	211	1	3	116	2088
211	1	1	211	1	4	121	2088
211	1	2	211	1	3	112	2088
211	1	2	211	1	4	93	2088
211	1	3	211	1	4	101	2088
212	1	1	212	1	2	4	1316
212	1	1	212	1	3	4	1316
212	1	1	212	1	4	3	1316
212	1	2	212	1	3	0	1316
212	1	2	212	1	4	1	1316
212	1	3	212	1	4	1	1316
214	1	1	214	1	2	11	1755
214	1	1	214	1	3	13	1755
214	1	1	214	1	4	6	1755
214	1	2	214	1	3	4	1755
214	1	2	214	1	4	7	1755
214	1	3	214	1	4	9	1755
215	1	1	215	1	2	156	2277
215	1	1	215	1	3	139	2277
215	1	1	215	1	4	150	2277
215	1	2	215	1	3	137	2277
215	1	2	215	1	4	150	2277
215	1	3	215	1	4	141	2277
215	2	1	215	2	2	0	1170
215	2	1	215	2	3	0	1170
215	2	1	215	2	4	1	1170
215	2	2	215	2	3	0	1170
215	2	2	215	2	4	1	1170
215	2	3	215	2	4	1	1170
216	1	1	216	1	2	11	1888
216	1	1	216	1	3	13	1888
216	1	1	216	1	4	13	1888
216	1	2	216	1	3	10	1888
216	1	2	216	1	4	4	1888
216	1	3	216	1	4	8	1888
218	1	1	218	1	2	2	1915
218	1	1	218	1	3	3	1915
218	1	1	218	1	4	9	1915
218	1	2	218	1	3	3	1915
218	1	2	218	1	4	7	1915
218	1	3	218	1	4	8	1915
219	1	1	219	1	2	4	2020
219	1	1	219	1	3	12	2020
219	1	1	219	1	4	7	2020
219	1	2	219	1	3	12	2020
219	1	2	219	1	4	7	2020
219	1	3	219	1	4	9	2020
220	1	1	220	1	2	10	1811
220	1	1	220	1	3	18	1811
220	1	1	220	1	4	16	1811
220	1	2	220	1	3	16	1811
220	1	2	220	1	4	8	1811
220	1	3	220	1	4	8	1811
221	1	1	221	1	2	20	1998
221	1	1	221	1	3	16	1998
221	1	1	221	1	4	22	1998
221	1	2	221	1	3	20	1998
221	1	2	221	1	4	19	1998
221	1	3	221	1	4	27	1998
222	1	1	222	1	2	3	2006
222	1	1	222	1	3	2	2006
222	1	1	222	1	4	3	2006
222	1	2	222	1	3	1	2006
222	1	2	222	1	4	2	2006
222	1	3	222	1	4	1	2006
224	1	1	224	1	2	2	1686
224	1	1	224	1	3	1	1686
224	1	1	224	1	4	5	1686
224	1	2	224	1	3	3	1686
224	1	2	224	1	4	7	1686
224	1	3	224	1	4	4	1686
225	1	1	225	1	2	2	2049
225	1	1	225	1	3	5	2049
225	1	1	225	1	4	6	2049
225	1	2	225	1	3	3	2049
225	1	2	225	1	4	4	2049
225	1	3	225	1	4	1	2049
226	1	1	226	1	2	5	1906
226	1	1	226	1	3	4	1906
226	1	1	226	1	4	2	1906
226	1	2	226	1	3	1	1906
226	1	2	226	1	4	3	1906
226	1	3	226	1	4	2	1906
227	1	1	227	1	2	4	2069
227	1	1	227	1	3	3	2069
227	1	1	227	1	4	6	2069
227	1	2	227	1	3	3	2069
227	1	2	227	1	4	2	2069
227	1	3	227	1	4	5	2069
228	1	1	228	1	2	6	2196
228	1	1	228	1	3	10	2196
228	1	1	228	1	4	15	2196
228	1	2	228	1	3	4	2196
228	1	2	228	1	4	9	2196
228	1	3	228	1	4	9	2196
228	2	1	228	2	2	3	894
228	2	1	228	2	3	1	894
228	2	1	228	2	4	1	894
228	2	2	228	2	3	4	894
228	2	2	228	2	4	4	894
228	2	3	228	2	4	0	894
229	1	1	229	1	2	2	2177
229	1	1	229	1	3	5	2177
229	1	1	229	1	4	6	2177
229	1	2	229	1	3	5	2177
229	1	2	229	1	4	4	2177
229	1	3	229	1	4	4	2177
230	1	1	230	1	2	3	1964
230	1	1	230	1	3	11	1964
230	1	1	230	1	4	8	1964
230	1	2	230	1	3	12	1964
230	1	2	230	1	4	5	1964
230	1	3	230	1	4	13	1964
231	1	1	231	1	2	8	1516
231	1	1	231	1	3	9	1516
231	1	1	231	1	4	10	1516
231	1	2	231	1	3	5	1516
231	1	2	231	1	4	4	1516
231	1	3	231	1	4	3	1516
231	2	1	231	2	2	0	834
231	2	1	231	2	3	0	834
231	2	1	231	2	4	0	834
231	2	2	231	2	3	0	834
231	2	2	231	2	4	0	834
231	2	3	231	2	4	0	834
232	1	1	232	1	2	1	2048
232	1	1	232	1	3	8	2048
232	1	1	232	1	4	6	2048
232	1	2	232	1	3	7	2048
232	1	2	232	1	4	5	2048
232	1	3	232	1	4	4	2048
233	1	1	233	1	2	1	1417
233	1	1	233	1	3	5	1417
233	1	1	233	1	4	2	1417
233	1	2	233	1	3	4	1417
233	1	2	233	1	4	1	1417
233	1	3	233	1	4	5	1417
234	1	1	234	1	2	4	2378
234	1	1	234	1	3	10	2378
234	1	1	234	1	4	13	2378
234	1	2	234	1	3	11	2378
234	1	2	234	1	4	9	2378
234	1	3	234	1	4	7	2378
236	1	1	236	1	2	5	2097
236	1	1	236	1	3	5	2097
236	1	1	236	1	4	5	2097
236	1	2	236	1	3	2	2097
236	1	2	236	1	4	4	2097
236	1	3	236	1	4	2	2097
238	1	1	238	1	2	2	2227
238	1	1	238	1	3	1	2227
238	1	1	238	1	4	3	2227
238	1	2	238	1	3	2	2227
238	1	2	238	1	4	4	2227
238	1	3	238	1	4	2	2227
239	1	1	239	1	2	0	2171
239	1	1	239	1	3	3	2171
239	1	1	239	1	4	3	2171
239	1	2	239	1	3	3	2171
239	1	2	239	1	4	3	2171
239	1	3	239	1	4	6	2171
240	1	1	240	1	2	2	2354
240	1	1	240	1	3	7	2354
240	1	1	240	1	4	4	2354
240	1	2	240	1	3	5	2354
240	1	2	240	1	4	2	2354
240	1	3	240	1	4	3	2354
241	1	1	241	1	2	3	1903
241	1	1	241	1	3	2	1903
241	1	1	241	1	4	2	1903
241	1	2	241	1	3	1	1903
241	1	2	241	1	4	3	1903
241	1	3	241	1	4	2	1903
242	1	1	242	1	2	5	1998
242	1	1	242	1	3	3	1998
242	1	1	242	1	4	2	1998
242	1	2	242	1	3	2	1998
242	1	2	242	1	4	5	1998
242	1	3	242	1	4	3	1998
243	1	1	243	1	2	23	1625
243	1	1	243	1	3	32	1625
243	1	1	243	1	4	27	1625
243	1	2	243	1	3	27	1625
243	1	2	243	1	4	32	1625
243	1	3	243	1	4	20	1625
243	2	1	243	2	2	6	1573
243	2	1	243	2	3	9	1573
243	2	1	243	2	4	7	1573
243	2	2	243	2	3	3	1573
243	2	2	243	2	4	3	1573
243	2	3	243	2	4	2	1573
243	3	1	243	3	2	0	851
243	3	1	243	3	3	0	851
243	3	1	243	3	4	0	851
243	3	2	243	3	3	0	851
243	3	2	243	3	4	0	851
243	3	3	243	3	4	0	851
243	4	1	243	4	2	0	497
243	4	1	243	4	3	0	497
243	4	1	243	4	4	0	497
243	4	2	243	4	3	0	497
243	4	2	243	4	4	0	497
243	4	3	243	4	4	0	497
244	1	1	244	1	2	11	1440
244	1	1	244	1	3	29	1440
244	1	1	244	1	4	25	1440
244	1	2	244	1	3	21	1440
244	1	2	244	1	4	24	1440
244	1	3	244	1	4	24	1440
245	1	1	245	1	2	2	1983
245	1	1	245	1	3	3	1983
245	1	1	245	1	4	4	1983
245	1	2	245	1	3	1	1983
245	1	2	245	1	4	2	1983
245	1	3	245	1	4	3	1983
245	2	1	245	2	2	2	2310
245	2	1	245	2	3	2	2310
245	2	1	245	2	4	5	2310
245	2	2	245	2	3	0	2310
245	2	2	245	2	4	3	2310
245	2	3	245	2	4	3	2310
247	1	1	247	1	2	25	1747
247	1	1	247	1	3	13	1747
247	1	1	247	1	4	27	1747
247	1	2	247	1	3	18	1747
247	1	2	247	1	4	26	1747
247	1	3	247	1	4	23	1747
250	1	1	250	1	2	0	2529
250	1	1	250	1	3	5	2529
250	1	1	250	1	4	4	2529
250	1	2	250	1	3	5	2529
250	1	2	250	1	4	4	2529
250	1	3	250	1	4	3	2529
251	1	1	251	1	2	3	2181
251	1	1	251	1	3	5	2181
251	1	1	251	1	4	6	2181
251	1	2	251	1	3	2	2181
251	1	2	251	1	4	3	2181
251	1	3	251	1	4	1	2181
252	1	1	252	1	2	23	2094
252	1	1	252	1	3	29	2094
252	1	1	252	1	4	23	2094
252	1	2	252	1	3	24	2094
252	1	2	252	1	4	19	2094
252	1	3	252	1	4	13	2094
253	1	1	253	1	2	2	1071
253	1	1	253	1	3	3	1071
253	1	1	253	1	4	3	1071
253	1	2	253	1	3	3	1071
253	1	2	253	1	4	1	1071
253	1	3	253	1	4	2	1071
254	1	1	254	1	2	5	2023
254	1	1	254	1	3	3	2023
254	1	1	254	1	4	5	2023
254	1	2	254	1	3	6	2023
254	1	2	254	1	4	4	2023
254	1	3	254	1	4	6	2023
257	1	1	257	1	2	101	403
257	1	1	257	1	3	102	403
257	1	1	257	1	4	129	403
257	1	2	257	1	3	99	403
257	1	2	257	1	4	104	403
257	1	3	257	1	4	97	403
257	2	1	257	2	2	0	525
257	2	1	257	2	3	0	525
257	2	1	257	2	4	0	525
257	2	2	257	2	3	0	525
257	2	2	257	2	4	0	525
257	2	3	257	2	4	0	525
259	1	1	259	1	2	4	2028
259	1	1	259	1	3	6	2028
259	1	1	259	1	4	6	2028
259	1	2	259	1	3	6	2028
259	1	2	259	1	4	4	2028
259	1	3	259	1	4	2	2028
260	1	1	260	1	2	0	2080
260	1	1	260	1	3	6	2080
260	1	1	260	1	4	1	2080
260	1	2	260	1	3	6	2080
260	1	2	260	1	4	1	2080
260	1	3	260	1	4	7	2080
261	1	1	261	1	2	23	2113
261	1	1	261	1	3	22	2113
261	1	1	261	1	4	22	2113
261	1	2	261	1	3	21	2113
261	1	2	261	1	4	22	2113
261	1	3	261	1	4	21	2113
264	1	1	264	1	2	14	1850
264	1	1	264	1	3	13	1850
264	1	1	264	1	4	13	1850
264	1	2	264	1	3	16	1850
264	1	2	264	1	4	7	1850
264	1	3	264	1	4	15	1850
265	1	1	265	1	2	6	1676
265	1	1	265	1	3	6	1676
265	1	1	265	1	4	10	1676
265	1	2	265	1	3	2	1676
265	1	2	265	1	4	8	1676
265	1	3	265	1	4	8	1676
266	1	1	266	1	2	1	1069
266	1	1	266	1	3	5	1069
266	1	1	266	1	4	7	1069
266	1	2	266	1	3	4	1069
266	1	2	266	1	4	6	1069
266	1	3	266	1	4	2	1069
267	1	1	267	1	2	7	2331
267	1	1	267	1	3	8	2331
267	1	1	267	1	4	8	2331
267	1	2	267	1	3	7	2331
267	1	2	267	1	4	7	2331
267	1	3	267	1	4	0	2331
268	1	1	268	1	2	7	1647
268	1	1	268	1	3	14	1647
268	1	1	268	1	4	21	1647
268	1	2	268	1	3	19	1647
268	1	2	268	1	4	19	1647
268	1	3	268	1	4	15	1647
269	1	1	269	1	2	4	2258
269	1	1	269	1	3	5	2258
269	1	1	269	1	4	2	2258
269	1	2	269	1	3	1	2258
269	1	2	269	1	4	4	2258
269	1	3	269	1	4	4	2258
269	2	1	269	2	2	1	1546
269	2	1	269	2	3	2	1546
269	2	1	269	2	4	1	1546
269	2	2	269	2	3	3	1546
269	2	2	269	2	4	2	1546
269	2	3	269	2	4	1	1546
269	3	1	269	3	2	0	440
269	3	1	269	3	3	0	440
269	3	1	269	3	4	0	440
269	3	2	269	3	3	0	440
269	3	2	269	3	4	0	440
269	3	3	269	3	4	0	440
270	1	1	270	1	2	6	1572
270	1	1	270	1	3	23	1572
270	1	1	270	1	4	20	1572
270	1	2	270	1	3	22	1572
270	1	2	270	1	4	18	1572
270	1	3	270	1	4	8	1572
271	1	1	271	1	2	1353	2847
271	1	1	271	1	3	1344	2847
271	1	1	271	1	4	1332	2847
271	1	2	271	1	3	1347	2847
271	1	2	271	1	4	1330	2847
271	1	3	271	1	4	1367	2847
271	2	1	271	2	2	16	1803
271	2	1	271	2	3	10	1803
271	2	1	271	2	4	18	1803
271	2	2	271	2	3	14	1803
271	2	2	271	2	4	8	1803
271	2	3	271	2	4	14	1803
271	3	1	271	3	2	0	1006
271	3	1	271	3	3	0	1006
271	3	1	271	3	4	0	1006
271	3	2	271	3	3	0	1006
271	3	2	271	3	4	0	1006
271	3	3	271	3	4	0	1006
271	4	1	271	4	2	0	857
271	4	1	271	4	3	0	857
271	4	1	271	4	4	0	857
271	4	2	271	4	3	0	857
271	4	2	271	4	4	0	857
271	4	3	271	4	4	0	857
271	5	1	271	5	2	0	907
271	5	1	271	5	3	0	907
271	5	1	271	5	4	1	907
271	5	2	271	5	3	0	907
271	5	2	271	5	4	1	907
271	5	3	271	5	4	1	907
271	6	1	271	6	2	0	811
271	6	1	271	6	3	0	811
271	6	1	271	6	4	0	811
271	6	2	271	6	3	0	811
271	6	2	271	6	4	0	811
271	6	3	271	6	4	0	811
271	7	1	271	7	2	0	937
271	7	1	271	7	3	0	937
271	7	1	271	7	4	0	937
271	7	2	271	7	3	0	937
271	7	2	271	7	4	0	937
271	7	3	271	7	4	0	937
272	1	1	272	1	2	4	1801
272	1	1	272	1	3	1	1801
272	1	1	272	1	4	4	1801
272	1	2	272	1	3	5	1801
272	1	2	272	1	4	4	1801
272	1	3	272	1	4	5	1801
273	1	1	273	1	2	10	1981
273	1	1	273	1	3	9	1981
273	1	1	273	1	4	10	1981
273	1	2	273	1	3	5	1981
273	1	2	273	1	4	9	1981
273	1	3	273	1	4	4	1981
274	1	1	274	1	2	7	1578
274	1	1	274	1	3	11	1578
274	1	1	274	1	4	25	1578
274	1	2	274	1	3	13	1578
274	1	2	274	1	4	27	1578
274	1	3	274	1	4	22	1578
275	1	1	275	1	2	6	1640
275	1	1	275	1	3	2	1640
275	1	1	275	1	4	6	1640
275	1	2	275	1	3	8	1640
275	1	2	275	1	4	8	1640
275	1	3	275	1	4	4	1640
276	1	1	276	1	2	5	2052
276	1	1	276	1	3	9	2052
276	1	1	276	1	4	12	2052
276	1	2	276	1	3	10	2052
276	1	2	276	1	4	13	2052
276	1	3	276	1	4	11	2052
277	1	1	277	1	2	5	1501
277	1	1	277	1	3	15	1501
277	1	1	277	1	4	9	1501
277	1	2	277	1	3	18	1501
277	1	2	277	1	4	14	1501
277	1	3	277	1	4	10	1501
278	1	1	278	1	2	1	1626
278	1	1	278	1	3	7	1626
278	1	1	278	1	4	8	1626
278	1	2	278	1	3	7	1626
278	1	2	278	1	4	7	1626
278	1	3	278	1	4	3	1626
279	1	1	279	1	2	0	2268
279	1	1	279	1	3	7	2268
279	1	1	279	1	4	7	2268
279	1	2	279	1	3	7	2268
279	1	2	279	1	4	7	2268
279	1	3	279	1	4	4	2268
280	1	1	280	1	2	5	1256
280	1	1	280	1	3	3	1256
280	1	1	280	1	4	3	1256
280	1	2	280	1	3	2	1256
280	1	2	280	1	4	2	1256
280	1	3	280	1	4	0	1256
281	1	1	281	1	2	0	2034
281	1	1	281	1	3	3	2034
281	1	1	281	1	4	7	2034
281	1	2	281	1	3	3	2034
281	1	2	281	1	4	7	2034
281	1	3	281	1	4	4	2034
282	1	1	282	1	2	25	1370
282	1	1	282	1	3	23	1370
282	1	1	282	1	4	30	1370
282	1	2	282	1	3	23	1370
282	1	2	282	1	4	23	1370
282	1	3	282	1	4	24	1370
283	1	1	283	1	2	4	2017
283	1	1	283	1	3	11	2017
283	1	1	283	1	4	15	2017
283	1	2	283	1	3	15	2017
283	1	2	283	1	4	13	2017
283	1	3	283	1	4	4	2017
284	1	1	284	1	2	1	2009
284	1	1	284	1	3	1	2009
284	1	1	284	1	4	2	2009
284	1	2	284	1	3	0	2009
284	1	2	284	1	4	1	2009
284	1	3	284	1	4	1	2009
285	1	1	285	1	2	16	1772
285	1	1	285	1	3	13	1772
285	1	1	285	1	4	16	1772
285	1	2	285	1	3	18	1772
285	1	2	285	1	4	15	1772
285	1	3	285	1	4	11	1772
285	2	1	285	2	2	1	1034
285	2	1	285	2	3	2	1034
285	2	1	285	2	4	4	1034
285	2	2	285	2	3	3	1034
285	2	2	285	2	4	3	1034
285	2	3	285	2	4	6	1034
286	1	1	286	1	2	2	1325
286	1	1	286	1	3	2	1325
286	1	1	286	1	4	2	1325
286	1	2	286	1	3	0	1325
286	1	2	286	1	4	0	1325
286	1	3	286	1	4	0	1325
286	2	1	286	2	2	2	843
286	2	1	286	2	3	4	843
286	2	1	286	2	4	3	843
286	2	2	286	2	3	2	843
286	2	2	286	2	4	3	843
286	2	3	286	2	4	1	843
287	1	1	287	1	2	0	1781
287	1	1	287	1	3	1	1781
287	1	1	287	1	4	1	1781
287	1	2	287	1	3	1	1781
287	1	2	287	1	4	1	1781
287	1	3	287	1	4	0	1781
288	1	1	288	1	2	7	2184
288	1	1	288	1	3	6	2184
288	1	1	288	1	4	6	2184
288	1	2	288	1	3	9	2184
288	1	2	288	1	4	6	2184
288	1	3	288	1	4	6	2184
289	1	1	289	1	2	52	2067
289	1	1	289	1	3	49	2067
289	1	1	289	1	4	42	2067
289	1	2	289	1	3	47	2067
289	1	2	289	1	4	45	2067
289	1	3	289	1	4	47	2067
289	2	1	289	2	2	1	1286
289	2	1	289	2	3	1	1286
289	2	1	289	2	4	1	1286
289	2	2	289	2	3	0	1286
289	2	2	289	2	4	0	1286
289	2	3	289	2	4	0	1286
290	1	1	290	1	2	9	2117
290	1	1	290	1	3	12	2117
290	1	1	290	1	4	13	2117
290	1	2	290	1	3	3	2117
290	1	2	290	1	4	4	2117
290	1	3	290	1	4	1	2117
291	1	1	291	1	2	0	1568
291	1	1	291	1	3	0	1568
291	1	1	291	1	4	1	1568
291	1	2	291	1	3	0	1568
291	1	2	291	1	4	1	1568
291	1	3	291	1	4	1	1568
292	1	1	292	1	2	6	1227
292	1	1	292	1	3	5	1227
292	1	1	292	1	4	4	1227
292	1	2	292	1	3	3	1227
292	1	2	292	1	4	7	1227
292	1	3	292	1	4	4	1227
293	1	1	293	1	2	21	1629
293	1	1	293	1	3	14	1629
293	1	1	293	1	4	16	1629
293	1	2	293	1	3	17	1629
293	1	2	293	1	4	23	1629
293	1	3	293	1	4	19	1629
294	1	1	294	1	2	1	1756
294	1	1	294	1	3	5	1756
294	1	1	294	1	4	3	1756
294	1	2	294	1	3	4	1756
294	1	2	294	1	4	2	1756
294	1	3	294	1	4	6	1756
294	2	1	294	2	2	6	1564
294	2	1	294	2	3	3	1564
294	2	1	294	2	4	3	1564
294	2	2	294	2	3	3	1564
294	2	2	294	2	4	3	1564
294	2	3	294	2	4	0	1564
294	3	1	294	3	2	0	1438
294	3	1	294	3	3	0	1438
294	3	1	294	3	4	1	1438
294	3	2	294	3	3	0	1438
294	3	2	294	3	4	1	1438
294	3	3	294	3	4	1	1438
295	1	1	295	1	2	13	2284
295	1	1	295	1	3	8	2284
295	1	1	295	1	4	11	2284
295	1	2	295	1	3	5	2284
295	1	2	295	1	4	2	2284
295	1	3	295	1	4	7	2284
296	1	1	296	1	2	2	2345
296	1	1	296	1	3	2	2345
296	1	1	296	1	4	2	2345
296	1	2	296	1	3	0	2345
296	1	2	296	1	4	2	2345
296	1	3	296	1	4	2	2345
297	1	1	297	1	2	12	1687
297	1	1	297	1	3	16	1687
297	1	1	297	1	4	15	1687
297	1	2	297	1	3	16	1687
297	1	2	297	1	4	11	1687
297	1	3	297	1	4	20	1687
298	1	1	298	1	2	11	1992
298	1	1	298	1	3	12	1992
298	1	1	298	1	4	7	1992
298	1	2	298	1	3	1	1992
298	1	2	298	1	4	6	1992
298	1	3	298	1	4	7	1992
299	1	1	299	1	2	8	2069
299	1	1	299	1	3	8	2069
299	1	1	299	1	4	4	2069
299	1	2	299	1	3	2	2069
299	1	2	299	1	4	8	2069
299	1	3	299	1	4	8	2069
299	2	1	299	2	2	1	1978
299	2	1	299	2	3	5	1978
299	2	1	299	2	4	2	1978
299	2	2	299	2	3	4	1978
299	2	2	299	2	4	1	1978
299	2	3	299	2	4	3	1978
300	1	1	300	1	2	10	2091
300	1	1	300	1	3	11	2091
300	1	1	300	1	4	12	2091
300	1	2	300	1	3	3	2091
300	1	2	300	1	4	6	2091
300	1	3	300	1	4	3	2091
301	1	1	301	1	2	3	2243
301	1	1	301	1	3	4	2243
301	1	1	301	1	4	3	2243
301	1	2	301	1	3	3	2243
301	1	2	301	1	4	4	2243
301	1	3	301	1	4	3	2243
301	2	1	301	2	2	1	1889
301	2	1	301	2	3	6	1889
301	2	1	301	2	4	6	1889
301	2	2	301	2	3	5	1889
301	2	2	301	2	4	5	1889
301	2	3	301	2	4	0	1889
301	3	1	301	3	2	1	1317
301	3	1	301	3	3	6	1317
301	3	1	301	3	4	6	1317
301	3	2	301	3	3	6	1317
301	3	2	301	3	4	6	1317
301	3	3	301	3	4	0	1317
302	1	1	302	1	2	6	1483
302	1	1	302	1	3	5	1483
302	1	1	302	1	4	6	1483
302	1	2	302	1	3	3	1483
302	1	2	302	1	4	4	1483
302	1	3	302	1	4	3	1483
303	1	1	303	1	2	145	2624
303	1	1	303	1	3	135	2624
303	1	1	303	1	4	110	2624
303	1	2	303	1	3	117	2624
303	1	2	303	1	4	89	2624
303	1	3	303	1	4	129	2624
304	1	1	304	1	2	5	1578
304	1	1	304	1	3	5	1578
304	1	1	304	1	4	6	1578
304	1	2	304	1	3	3	1578
304	1	2	304	1	4	4	1578
304	1	3	304	1	4	1	1578
304	2	1	304	2	2	0	1402
304	2	1	304	2	3	0	1402
304	2	1	304	2	4	1	1402
304	2	2	304	2	3	0	1402
304	2	2	304	2	4	1	1402
304	2	3	304	2	4	1	1402
305	1	1	305	1	2	2	1923
305	1	1	305	1	3	2	1923
305	1	1	305	1	4	2	1923
305	1	2	305	1	3	0	1923
305	1	2	305	1	4	0	1923
305	1	3	305	1	4	0	1923
306	1	1	306	1	2	10	2294
306	1	1	306	1	3	12	2294
306	1	1	306	1	4	15	2294
306	1	2	306	1	3	13	2294
306	1	2	306	1	4	10	2294
306	1	3	306	1	4	10	2294
307	1	1	307	1	2	25	1713
307	1	1	307	1	3	46	1713
307	1	1	307	1	4	48	1713
307	1	2	307	1	3	45	1713
307	1	2	307	1	4	41	1713
307	1	3	307	1	4	43	1713
307	2	1	307	2	2	5	977
307	2	1	307	2	3	5	977
307	2	1	307	2	4	4	977
307	2	2	307	2	3	0	977
307	2	2	307	2	4	3	977
307	2	3	307	2	4	3	977
309	1	1	309	1	2	3	2011
309	1	1	309	1	3	3	2011
309	1	1	309	1	4	4	2011
309	1	2	309	1	3	0	2011
309	1	2	309	1	4	1	2011
309	1	3	309	1	4	1	2011
309	2	1	309	2	2	1	1021
309	2	1	309	2	3	1	1021
309	2	1	309	2	4	1	1021
309	2	2	309	2	3	0	1021
309	2	2	309	2	4	0	1021
309	2	3	309	2	4	0	1021
309	3	1	309	3	2	0	659
309	3	1	309	3	3	0	659
309	3	1	309	3	4	0	659
309	3	2	309	3	3	0	659
309	3	2	309	3	4	0	659
309	3	3	309	3	4	0	659
309	4	1	309	4	2	0	567
309	4	1	309	4	3	0	567
309	4	1	309	4	4	0	567
309	4	2	309	4	3	0	567
309	4	2	309	4	4	0	567
309	4	3	309	4	4	0	567
311	1	1	311	1	2	22	2369
311	1	1	311	1	3	15	2369
311	1	1	311	1	4	19	2369
311	1	2	311	1	3	14	2369
311	1	2	311	1	4	19	2369
311	1	3	311	1	4	15	2369
312	1	1	312	1	2	55	1557
312	1	1	312	1	3	45	1557
312	1	1	312	1	4	28	1557
312	1	2	312	1	3	43	1557
312	1	2	312	1	4	50	1557
312	1	3	312	1	4	46	1557
313	1	1	313	1	2	2	1884
313	1	1	313	1	3	8	1884
313	1	1	313	1	4	1	1884
313	1	2	313	1	3	8	1884
313	1	2	313	1	4	3	1884
313	1	3	313	1	4	9	1884
314	1	1	314	1	2	0	2061
314	1	1	314	1	3	3	2061
314	1	1	314	1	4	2	2061
314	1	2	314	1	3	3	2061
314	1	2	314	1	4	2	2061
314	1	3	314	1	4	3	2061
315	1	1	315	1	2	12	741
315	1	1	315	1	3	15	741
315	1	1	315	1	4	16	741
315	1	2	315	1	3	12	741
315	1	2	315	1	4	14	741
315	1	3	315	1	4	15	741
316	1	1	316	1	2	4	2052
316	1	1	316	1	3	4	2052
316	1	1	316	1	4	3	2052
316	1	2	316	1	3	2	2052
316	1	2	316	1	4	3	2052
316	1	3	316	1	4	3	2052
316	2	1	316	2	2	0	710
316	2	1	316	2	3	0	710
316	2	1	316	2	4	0	710
316	2	2	316	2	3	0	710
316	2	2	316	2	4	0	710
316	2	3	316	2	4	0	710
318	1	1	318	1	2	2	1538
318	1	1	318	1	3	4	1538
318	1	1	318	1	4	4	1538
318	1	2	318	1	3	2	1538
318	1	2	318	1	4	2	1538
318	1	3	318	1	4	2	1538
318	2	1	318	2	2	0	993
318	2	1	318	2	3	2	993
318	2	1	318	2	4	4	993
318	2	2	318	2	3	2	993
318	2	2	318	2	4	4	993
318	2	3	318	2	4	2	993
319	1	1	319	1	2	11	2411
319	1	1	319	1	3	15	2411
319	1	1	319	1	4	13	2411
319	1	2	319	1	3	12	2411
319	1	2	319	1	4	9	2411
319	1	3	319	1	4	13	2411
320	1	1	320	1	2	29	1103
320	1	1	320	1	3	42	1103
320	1	1	320	1	4	40	1103
320	1	2	320	1	3	33	1103
320	1	2	320	1	4	42	1103
320	1	3	320	1	4	23	1103
321	1	1	321	1	2	8	1858
321	1	1	321	1	3	3	1858
321	1	1	321	1	4	6	1858
321	1	2	321	1	3	9	1858
321	1	2	321	1	4	6	1858
321	1	3	321	1	4	5	1858
322	1	1	322	1	2	4	746
322	1	1	322	1	3	6	746
322	1	1	322	1	4	6	746
322	1	2	322	1	3	5	746
322	1	2	322	1	4	5	746
322	1	3	322	1	4	0	746
322	2	1	322	2	2	0	357
322	2	1	322	2	3	0	357
322	2	1	322	2	4	0	357
322	2	2	322	2	3	0	357
322	2	2	322	2	4	0	357
322	2	3	322	2	4	0	357
323	1	1	323	1	2	3	1467
323	1	1	323	1	3	1	1467
323	1	1	323	1	4	1	1467
323	1	2	323	1	3	2	1467
323	1	2	323	1	4	2	1467
323	1	3	323	1	4	0	1467
324	1	1	324	1	2	13	1124
324	1	1	324	1	3	16	1124
324	1	1	324	1	4	15	1124
324	1	2	324	1	3	13	1124
324	1	2	324	1	4	10	1124
324	1	3	324	1	4	15	1124
325	1	1	325	1	2	1	1976
325	1	1	325	1	3	1	1976
325	1	1	325	1	4	2	1976
325	1	2	325	1	3	0	1976
325	1	2	325	1	4	1	1976
325	1	3	325	1	4	1	1976
326	1	1	326	1	2	2	2081
326	1	1	326	1	3	8	2081
326	1	1	326	1	4	6	2081
326	1	2	326	1	3	6	2081
326	1	2	326	1	4	4	2081
326	1	3	326	1	4	4	2081
327	1	1	327	1	2	0	2144
327	1	1	327	1	3	0	2144
327	1	1	327	1	4	3	2144
327	1	2	327	1	3	0	2144
327	1	2	327	1	4	3	2144
327	1	3	327	1	4	3	2144
328	1	1	328	1	2	3	1641
328	1	1	328	1	3	2	1641
328	1	1	328	1	4	3	1641
328	1	2	328	1	3	1	1641
328	1	2	328	1	4	2	1641
328	1	3	328	1	4	1	1641
328	2	1	328	2	2	0	1142
328	2	1	328	2	3	0	1142
328	2	1	328	2	4	0	1142
328	2	2	328	2	3	0	1142
328	2	2	328	2	4	0	1142
328	2	3	328	2	4	0	1142
328	3	1	328	3	2	0	706
328	3	1	328	3	3	0	706
328	3	1	328	3	4	1	706
328	3	2	328	3	3	0	706
328	3	2	328	3	4	1	706
328	3	3	328	3	4	1	706
328	4	1	328	4	2	0	451
328	4	1	328	4	3	0	451
328	4	1	328	4	4	0	451
328	4	2	328	4	3	0	451
328	4	2	328	4	4	0	451
328	4	3	328	4	4	0	451
330	1	1	330	1	2	9	1890
330	1	1	330	1	3	7	1890
330	1	1	330	1	4	7	1890
330	1	2	330	1	3	7	1890
330	1	2	330	1	4	7	1890
330	1	3	330	1	4	10	1890
333	1	1	333	1	2	0	1710
333	1	1	333	1	3	0	1710
333	1	1	333	1	4	0	1710
333	1	2	333	1	3	0	1710
333	1	2	333	1	4	0	1710
333	1	3	333	1	4	0	1710
334	1	1	334	1	2	5	1983
334	1	1	334	1	3	6	1983
334	1	1	334	1	4	4	1983
334	1	2	334	1	3	1	1983
334	1	2	334	1	4	3	1983
334	1	3	334	1	4	4	1983
335	1	1	335	1	2	7	1941
335	1	1	335	1	3	6	1941
335	1	1	335	1	4	5	1941
335	1	2	335	1	3	6	1941
335	1	2	335	1	4	5	1941
335	1	3	335	1	4	2	1941
335	2	1	335	2	2	0	1682
335	2	1	335	2	3	0	1682
335	2	1	335	2	4	2	1682
335	2	2	335	2	3	0	1682
335	2	2	335	2	4	2	1682
335	2	3	335	2	4	2	1682
337	1	1	337	1	2	5	1946
337	1	1	337	1	3	2	1946
337	1	1	337	1	4	4	1946
337	1	2	337	1	3	3	1946
337	1	2	337	1	4	8	1946
337	1	3	337	1	4	5	1946
338	1	1	338	1	2	1	2128
338	1	1	338	1	3	3	2128
338	1	1	338	1	4	3	2128
338	1	2	338	1	3	2	2128
338	1	2	338	1	4	2	2128
338	1	3	338	1	4	0	2128
339	1	1	339	1	2	0	2126
339	1	1	339	1	3	1	2126
339	1	1	339	1	4	3	2126
339	1	2	339	1	3	1	2126
339	1	2	339	1	4	3	2126
339	1	3	339	1	4	4	2126
339	2	1	339	2	2	3	732
339	2	1	339	2	3	4	732
339	2	1	339	2	4	2	732
339	2	2	339	2	3	2	732
339	2	2	339	2	4	5	732
339	2	3	339	2	4	5	732
340	1	1	340	1	2	1	1308
340	1	1	340	1	3	7	1308
340	1	1	340	1	4	6	1308
340	1	2	340	1	3	6	1308
340	1	2	340	1	4	5	1308
340	1	3	340	1	4	3	1308
340	2	1	340	2	2	0	1215
340	2	1	340	2	3	3	1215
340	2	1	340	2	4	3	1215
340	2	2	340	2	3	3	1215
340	2	2	340	2	4	3	1215
340	2	3	340	2	4	0	1215
341	1	1	341	1	2	36	1750
341	1	1	341	1	3	27	1750
341	1	1	341	1	4	34	1750
341	1	2	341	1	3	38	1750
341	1	2	341	1	4	29	1750
341	1	3	341	1	4	33	1750
342	1	1	342	1	2	7	2099
342	1	1	342	1	3	8	2099
342	1	1	342	1	4	11	2099
342	1	2	342	1	3	8	2099
342	1	2	342	1	4	4	2099
342	1	3	342	1	4	9	2099
344	1	1	344	1	2	30	1780
344	1	1	344	1	3	36	1780
344	1	1	344	1	4	35	1780
344	1	2	344	1	3	34	1780
344	1	2	344	1	4	31	1780
344	1	3	344	1	4	23	1780
345	1	1	345	1	2	18	2114
345	1	1	345	1	3	32	2114
345	1	1	345	1	4	23	2114
345	1	2	345	1	3	34	2114
345	1	2	345	1	4	35	2114
345	1	3	345	1	4	37	2114
346	1	1	346	1	2	24	1867
346	1	1	346	1	3	11	1867
346	1	1	346	1	4	6	1867
346	1	2	346	1	3	24	1867
346	1	2	346	1	4	26	1867
346	1	3	346	1	4	9	1867
347	1	1	347	1	2	3	2208
347	1	1	347	1	3	5	2208
347	1	1	347	1	4	7	2208
347	1	2	347	1	3	8	2208
347	1	2	347	1	4	8	2208
347	1	3	347	1	4	6	2208
348	1	1	348	1	2	1	1664
348	1	1	348	1	3	2	1664
348	1	1	348	1	4	8	1664
348	1	2	348	1	3	1	1664
348	1	2	348	1	4	7	1664
348	1	3	348	1	4	8	1664
348	2	1	348	2	2	88	1450
348	2	1	348	2	3	75	1450
348	2	1	348	2	4	68	1450
348	2	2	348	2	3	55	1450
348	2	2	348	2	4	73	1450
348	2	3	348	2	4	79	1450
349	1	1	349	1	2	6	1883
349	1	1	349	1	3	6	1883
349	1	1	349	1	4	5	1883
349	1	2	349	1	3	7	1883
349	1	2	349	1	4	6	1883
349	1	3	349	1	4	5	1883
350	1	1	350	1	2	0	1044
350	1	1	350	1	3	0	1044
350	1	1	350	1	4	2	1044
350	1	2	350	1	3	0	1044
350	1	2	350	1	4	2	1044
350	1	3	350	1	4	2	1044
350	2	1	350	2	2	1	870
350	2	1	350	2	3	1	870
350	2	1	350	2	4	2	870
350	2	2	350	2	3	2	870
350	2	2	350	2	4	1	870
350	2	3	350	2	4	1	870
350	3	1	350	3	2	3	984
350	3	1	350	3	3	3	984
350	3	1	350	3	4	3	984
350	3	2	350	3	3	0	984
350	3	2	350	3	4	0	984
350	3	3	350	3	4	0	984
351	1	1	351	1	2	62	799
351	1	1	351	1	3	62	799
351	1	1	351	1	4	70	799
351	1	2	351	1	3	77	799
351	1	2	351	1	4	87	799
351	1	3	351	1	4	42	799
351	2	1	351	2	2	2	883
351	2	1	351	2	3	1	883
351	2	1	351	2	4	1	883
351	2	2	351	2	3	1	883
351	2	2	351	2	4	1	883
351	2	3	351	2	4	0	883
352	1	1	352	1	2	1	2155
352	1	1	352	1	3	1	2155
352	1	1	352	1	4	2	2155
352	1	2	352	1	3	0	2155
352	1	2	352	1	4	1	2155
352	1	3	352	1	4	1	2155
352	2	1	352	2	2	0	801
352	2	1	352	2	3	0	801
352	2	1	352	2	4	1	801
352	2	2	352	2	3	0	801
352	2	2	352	2	4	1	801
352	2	3	352	2	4	1	801
353	1	1	353	1	2	6	1580
353	1	1	353	1	3	5	1580
353	1	1	353	1	4	10	1580
353	1	2	353	1	3	7	1580
353	1	2	353	1	4	12	1580
353	1	3	353	1	4	6	1580
354	1	1	354	1	2	0	1619
354	1	1	354	1	3	0	1619
354	1	1	354	1	4	0	1619
354	1	2	354	1	3	0	1619
354	1	2	354	1	4	0	1619
354	1	3	354	1	4	0	1619
355	1	1	355	1	2	0	1952
355	1	1	355	1	3	0	1952
355	1	1	355	1	4	1	1952
355	1	2	355	1	3	0	1952
355	1	2	355	1	4	1	1952
355	1	3	355	1	4	1	1952
356	1	1	356	1	2	0	1383
356	1	1	356	1	3	0	1383
356	1	1	356	1	4	4	1383
356	1	2	356	1	3	0	1383
356	1	2	356	1	4	4	1383
356	1	3	356	1	4	4	1383
357	1	1	357	1	2	1	2099
357	1	1	357	1	3	2	2099
357	1	1	357	1	4	2	2099
357	1	2	357	1	3	3	2099
357	1	2	357	1	4	3	2099
357	1	3	357	1	4	0	2099
358	1	1	358	1	2	27	1571
358	1	1	358	1	3	19	1571
358	1	1	358	1	4	27	1571
358	1	2	358	1	3	25	1571
358	1	2	358	1	4	13	1571
358	1	3	358	1	4	25	1571
359	1	1	359	1	2	5	1666
359	1	1	359	1	3	3	1666
359	1	1	359	1	4	2	1666
359	1	2	359	1	3	5	1666
359	1	2	359	1	4	6	1666
359	1	3	359	1	4	3	1666
361	1	1	361	1	2	3	2011
361	1	1	361	1	3	3	2011
361	1	1	361	1	4	4	2011
361	1	2	361	1	3	4	2011
361	1	2	361	1	4	5	2011
361	1	3	361	1	4	3	2011
362	1	1	362	1	2	4	1737
362	1	1	362	1	3	5	1737
362	1	1	362	1	4	5	1737
362	1	2	362	1	3	1	1737
362	1	2	362	1	4	1	1737
362	1	3	362	1	4	0	1737
362	2	1	362	2	2	3	1679
362	2	1	362	2	3	12	1679
362	2	1	362	2	4	15	1679
362	2	2	362	2	3	11	1679
362	2	2	362	2	4	12	1679
362	2	3	362	2	4	3	1679
363	1	1	363	1	2	1	1455
363	1	1	363	1	3	6	1455
363	1	1	363	1	4	5	1455
363	1	2	363	1	3	5	1455
363	1	2	363	1	4	4	1455
363	1	3	363	1	4	1	1455
364	1	1	364	1	2	8	2101
364	1	1	364	1	3	10	2101
364	1	1	364	1	4	3	2101
364	1	2	364	1	3	2	2101
364	1	2	364	1	4	7	2101
364	1	3	364	1	4	9	2101
364	2	1	364	2	2	0	603
364	2	1	364	2	3	0	603
364	2	1	364	2	4	0	603
364	2	2	364	2	3	0	603
364	2	2	364	2	4	0	603
364	2	3	364	2	4	0	603
365	1	1	365	1	2	1	2026
365	1	1	365	1	3	2	2026
365	1	1	365	1	4	2	2026
365	1	2	365	1	3	1	2026
365	1	2	365	1	4	3	2026
365	1	3	365	1	4	2	2026
366	1	1	366	1	2	5	2015
366	1	1	366	1	3	7	2015
366	1	1	366	1	4	8	2015
366	1	2	366	1	3	9	2015
366	1	2	366	1	4	5	2015
366	1	3	366	1	4	5	2015
367	1	1	367	1	2	3	2701
367	1	1	367	1	3	5	2701
367	1	1	367	1	4	3	2701
367	1	2	367	1	3	2	2701
367	1	2	367	1	4	5	2701
367	1	3	367	1	4	5	2701
367	2	1	367	2	2	2	992
367	2	1	367	2	3	3	992
367	2	1	367	2	4	3	992
367	2	2	367	2	3	1	992
367	2	2	367	2	4	1	992
367	2	3	367	2	4	0	992
368	1	1	368	1	2	3	1938
368	1	1	368	1	3	4	1938
368	1	1	368	1	4	2	1938
368	1	2	368	1	3	3	1938
368	1	2	368	1	4	3	1938
368	1	3	368	1	4	2	1938
369	1	1	369	1	2	39	1703
369	1	1	369	1	3	36	1703
369	1	1	369	1	4	29	1703
369	1	2	369	1	3	33	1703
369	1	2	369	1	4	50	1703
369	1	3	369	1	4	40	1703
370	1	1	370	1	2	3	1943
370	1	1	370	1	3	2	1943
370	1	1	370	1	4	2	1943
370	1	2	370	1	3	1	1943
370	1	2	370	1	4	1	1943
370	1	3	370	1	4	2	1943
371	1	1	371	1	2	3	1830
371	1	1	371	1	3	2	1830
371	1	1	371	1	4	1	1830
371	1	2	371	1	3	5	1830
371	1	2	371	1	4	4	1830
371	1	3	371	1	4	3	1830
372	1	1	372	1	2	7	1999
372	1	1	372	1	3	4	1999
372	1	1	372	1	4	5	1999
372	1	2	372	1	3	3	1999
372	1	2	372	1	4	2	1999
372	1	3	372	1	4	3	1999
373	1	1	373	1	2	4	3229
373	1	1	373	1	3	7	3229
373	1	1	373	1	4	7	3229
373	1	2	373	1	3	5	3229
373	1	2	373	1	4	5	3229
373	1	3	373	1	4	2	3229
373	2	1	373	2	2	0	1110
373	2	1	373	2	3	1	1110
373	2	1	373	2	4	1	1110
373	2	2	373	2	3	1	1110
373	2	2	373	2	4	1	1110
373	2	3	373	2	4	1	1110
374	1	1	374	1	2	5	2162
374	1	1	374	1	3	3	2162
374	1	1	374	1	4	7	2162
374	1	2	374	1	3	2	2162
374	1	2	374	1	4	8	2162
374	1	3	374	1	4	6	2162
375	1	1	375	1	2	16	2017
375	1	1	375	1	3	16	2017
375	1	1	375	1	4	15	2017
375	1	2	375	1	3	8	2017
375	1	2	375	1	4	13	2017
375	1	3	375	1	4	11	2017
377	1	1	377	1	2	2	2112
377	1	1	377	1	3	4	2112
377	1	1	377	1	4	7	2112
377	1	2	377	1	3	2	2112
377	1	2	377	1	4	5	2112
377	1	3	377	1	4	3	2112
377	2	1	377	2	2	0	200
377	2	1	377	2	3	0	200
377	2	1	377	2	4	0	200
377	2	2	377	2	3	0	200
377	2	2	377	2	4	0	200
377	2	3	377	2	4	0	200
378	1	1	378	1	2	3	1704
378	1	1	378	1	3	3	1704
378	1	1	378	1	4	4	1704
378	1	2	378	1	3	2	1704
378	1	2	378	1	4	3	1704
378	1	3	378	1	4	3	1704
379	1	1	379	1	2	2	1181
379	1	1	379	1	3	5	1181
379	1	1	379	1	4	5	1181
379	1	2	379	1	3	5	1181
379	1	2	379	1	4	5	1181
379	1	3	379	1	4	3	1181
380	1	1	380	1	2	20	1935
380	1	1	380	1	3	30	1935
380	1	1	380	1	4	33	1935
380	1	2	380	1	3	21	1935
380	1	2	380	1	4	18	1935
380	1	3	380	1	4	5	1935
381	1	1	381	1	2	1	2001
381	1	1	381	1	3	1	2001
381	1	1	381	1	4	1	2001
381	1	2	381	1	3	0	2001
381	1	2	381	1	4	0	2001
381	1	3	381	1	4	0	2001
382	1	1	382	1	2	0	1948
382	1	1	382	1	3	1	1948
382	1	1	382	1	4	1	1948
382	1	2	382	1	3	1	1948
382	1	2	382	1	4	1	1948
382	1	3	382	1	4	0	1948
383	1	1	383	1	2	0	1362
383	1	1	383	1	3	0	1362
383	1	1	383	1	4	0	1362
383	1	2	383	1	3	0	1362
383	1	2	383	1	4	0	1362
383	1	3	383	1	4	0	1362
384	1	1	384	1	2	2	1309
384	1	1	384	1	3	2	1309
384	1	1	384	1	4	2	1309
384	1	2	384	1	3	2	1309
384	1	2	384	1	4	2	1309
384	1	3	384	1	4	0	1309
385	1	1	385	1	2	3	1998
385	1	1	385	1	3	4	1998
385	1	1	385	1	4	3	1998
385	1	2	385	1	3	1	1998
385	1	2	385	1	4	2	1998
385	1	3	385	1	4	1	1998
386	1	1	386	1	2	2	2079
386	1	1	386	1	3	7	2079
386	1	1	386	1	4	3	2079
386	1	2	386	1	3	6	2079
386	1	2	386	1	4	2	2079
386	1	3	386	1	4	4	2079
387	1	1	387	1	2	12	1439
387	1	1	387	1	3	12	1439
387	1	1	387	1	4	9	1439
387	1	2	387	1	3	8	1439
387	1	2	387	1	4	7	1439
387	1	3	387	1	4	5	1439
388	1	1	388	1	2	1	1964
388	1	1	388	1	3	7	1964
388	1	1	388	1	4	9	1964
388	1	2	388	1	3	8	1964
388	1	2	388	1	4	8	1964
388	1	3	388	1	4	4	1964
389	1	1	389	1	2	4	1705
389	1	1	389	1	3	4	1705
389	1	1	389	1	4	3	1705
389	1	2	389	1	3	6	1705
389	1	2	389	1	4	5	1705
389	1	3	389	1	4	3	1705
389	2	1	389	2	2	15	1730
389	2	1	389	2	3	26	1730
389	2	1	389	2	4	35	1730
389	2	2	389	2	3	23	1730
389	2	2	389	2	4	31	1730
389	2	3	389	2	4	22	1730
390	1	1	390	1	2	22	1939
390	1	1	390	1	3	25	1939
390	1	1	390	1	4	25	1939
390	1	2	390	1	3	14	1939
390	1	2	390	1	4	12	1939
390	1	3	390	1	4	11	1939
391	1	1	391	1	2	18	2192
391	1	1	391	1	3	9	2192
391	1	1	391	1	4	14	2192
391	1	2	391	1	3	25	2192
391	1	2	391	1	4	22	2192
391	1	3	391	1	4	15	2192
392	1	1	392	1	2	9	1622
392	1	1	392	1	3	9	1622
392	1	1	392	1	4	10	1622
392	1	2	392	1	3	4	1622
392	1	2	392	1	4	1	1622
392	1	3	392	1	4	3	1622
392	2	1	392	2	2	3	1412
392	2	1	392	2	3	3	1412
392	2	1	392	2	4	2	1412
392	2	2	392	2	3	0	1412
392	2	2	392	2	4	1	1412
392	2	3	392	2	4	1	1412
392	3	1	392	3	2	0	877
392	3	1	392	3	3	0	877
392	3	1	392	3	4	0	877
392	3	2	392	3	3	0	877
392	3	2	392	3	4	0	877
392	3	3	392	3	4	0	877
393	1	1	393	1	2	1	1791
393	1	1	393	1	3	1	1791
393	1	1	393	1	4	1	1791
393	1	2	393	1	3	0	1791
393	1	2	393	1	4	0	1791
393	1	3	393	1	4	0	1791
394	1	1	394	1	2	2	1742
394	1	1	394	1	3	2	1742
394	1	1	394	1	4	2	1742
394	1	2	394	1	3	0	1742
394	1	2	394	1	4	1	1742
394	1	3	394	1	4	1	1742
394	2	1	394	2	2	19	1671
394	2	1	394	2	3	9	1671
394	2	1	394	2	4	22	1671
394	2	2	394	2	3	16	1671
394	2	2	394	2	4	3	1671
394	2	3	394	2	4	16	1671
395	1	1	395	1	2	5	2188
395	1	1	395	1	3	4	2188
395	1	1	395	1	4	3	2188
395	1	2	395	1	3	3	2188
395	1	2	395	1	4	4	2188
395	1	3	395	1	4	3	2188
396	1	1	396	1	2	11	3308
396	1	1	396	1	3	17	3308
396	1	1	396	1	4	12	3308
396	1	2	396	1	3	12	3308
396	1	2	396	1	4	9	3308
396	1	3	396	1	4	17	3308
399	1	1	399	1	2	3	2031
399	1	1	399	1	3	5	2031
399	1	1	399	1	4	5	2031
399	1	2	399	1	3	2	2031
399	1	2	399	1	4	2	2031
399	1	3	399	1	4	2	2031
400	1	1	400	1	2	4	2198
400	1	1	400	1	3	4	2198
400	1	1	400	1	4	3	2198
400	1	2	400	1	3	4	2198
400	1	2	400	1	4	3	2198
400	1	3	400	1	4	3	2198
402	1	1	402	1	2	1	684
402	1	1	402	1	3	1	684
402	1	1	402	1	4	1	684
402	1	2	402	1	3	0	684
402	1	2	402	1	4	0	684
402	1	3	402	1	4	0	684
403	1	1	403	1	2	68	1679
403	1	1	403	1	3	48	1679
403	1	1	403	1	4	67	1679
403	1	2	403	1	3	60	1679
403	1	2	403	1	4	44	1679
403	1	3	403	1	4	72	1679
