1	1	1	1	1	2	0	2024
1	1	1	1	1	3	11	2024
1	1	1	1	1	4	11	2024
1	1	2	1	1	3	11	2024
1	1	2	1	1	4	11	2024
1	1	3	1	1	4	0	2024
2	1	1	2	1	2	263	2886
2	1	1	2	1	3	291	2886
2	1	1	2	1	4	264	2886
2	1	2	2	1	3	275	2886
2	1	2	2	1	4	272	2886
2	1	3	2	1	4	256	2886
3	1	1	3	1	2	0	2087
3	1	1	3	1	3	5	2087
3	1	1	3	1	4	5	2087
3	1	2	3	1	3	5	2087
3	1	2	3	1	4	5	2087
3	1	3	3	1	4	0	2087
3	2	1	3	2	2	0	922
3	2	1	3	2	3	1	922
3	2	1	3	2	4	1	922
3	2	2	3	2	3	1	922
3	2	2	3	2	4	1	922
3	2	3	3	2	4	0	922
4	1	1	4	1	2	0	1860
4	1	1	4	1	3	2	1860
4	1	1	4	1	4	2	1860
4	1	2	4	1	3	2	1860
4	1	2	4	1	4	2	1860
4	1	3	4	1	4	0	1860
5	1	1	5	1	2	1	1175
5	1	1	5	1	3	1	1175
5	1	1	5	1	4	2	1175
5	1	2	5	1	3	2	1175
5	1	2	5	1	4	1	1175
5	1	3	5	1	4	1	1175
5	2	1	5	2	2	2	1310
5	2	1	5	2	3	2	1310
5	2	1	5	2	4	4	1310
5	2	2	5	2	3	4	1310
5	2	2	5	2	4	2	1310
5	2	3	5	2	4	2	1310
5	3	1	5	3	2	7	1111
5	3	1	5	3	3	7	1111
5	3	1	5	3	4	6	1111
5	3	2	5	3	3	0	1111
5	3	2	5	3	4	6	1111
5	3	3	5	3	4	6	1111
7	1	1	7	1	2	0	1894
7	1	1	7	1	3	8	1894
7	1	1	7	1	4	8	1894
7	1	2	7	1	3	8	1894
7	1	2	7	1	4	8	1894
7	1	3	7	1	4	0	1894
8	1	1	8	1	2	0	1964
8	1	1	8	1	3	1	1964
8	1	1	8	1	4	1	1964
8	1	2	8	1	3	1	1964
8	1	2	8	1	4	1	1964
8	1	3	8	1	4	0	1964
9	1	1	9	1	2	0	1952
9	1	1	9	1	3	3	1952
9	1	1	9	1	4	3	1952
9	1	2	9	1	3	3	1952
9	1	2	9	1	4	3	1952
9	1	3	9	1	4	0	1952
10	1	1	10	1	2	0	1251
10	1	1	10	1	3	0	1251
10	1	1	10	1	4	0	1251
10	1	2	10	1	3	0	1251
10	1	2	10	1	4	0	1251
10	1	3	10	1	4	0	1251
11	1	1	11	1	2	2	1356
11	1	1	11	1	3	1	1356
11	1	1	11	1	4	3	1356
11	1	2	11	1	3	3	1356
11	1	2	11	1	4	1	1356
11	1	3	11	1	4	2	1356
11	2	1	11	2	2	0	628
11	2	1	11	2	3	0	628
11	2	1	11	2	4	0	628
11	2	2	11	2	3	0	628
11	2	2	11	2	4	0	628
11	2	3	11	2	4	0	628
12	1	1	12	1	2	3	1909
12	1	1	12	1	3	7	1909
12	1	1	12	1	4	11	1909
12	1	2	12	1	3	8	1909
12	1	2	12	1	4	11	1909
12	1	3	12	1	4	4	1909
13	1	1	13	1	2	0	1562
13	1	1	13	1	3	0	1562
13	1	1	13	1	4	0	1562
13	1	2	13	1	3	0	1562
13	1	2	13	1	4	0	1562
13	1	3	13	1	4	0	1562
13	2	1	13	2	2	0	748
13	2	1	13	2	3	0	748
13	2	1	13	2	4	0	748
13	2	2	13	2	3	0	748
13	2	2	13	2	4	0	748
13	2	3	13	2	4	0	748
13	3	1	13	3	2	0	720
13	3	1	13	3	3	0	720
13	3	1	13	3	4	0	720
13	3	2	13	3	3	0	720
13	3	2	13	3	4	0	720
13	3	3	13	3	4	0	720
14	1	1	14	1	2	3	2049
14	1	1	14	1	3	5	2049
14	1	1	14	1	4	4	2049
14	1	2	14	1	3	4	2049
14	1	2	14	1	4	2	2049
14	1	3	14	1	4	4	2049
15	1	1	15	1	2	0	2013
15	1	1	15	1	3	8	2013
15	1	1	15	1	4	14	2013
15	1	2	15	1	3	8	2013
15	1	2	15	1	4	14	2013
15	1	3	15	1	4	6	2013
16	1	1	16	1	2	1	1822
16	1	1	16	1	3	1	1822
16	1	1	16	1	4	1	1822
16	1	2	16	1	3	0	1822
16	1	2	16	1	4	0	1822
16	1	3	16	1	4	0	1822
17	1	1	17	1	2	0	1897
17	1	1	17	1	3	1	1897
17	1	1	17	1	4	1	1897
17	1	2	17	1	3	1	1897
17	1	2	17	1	4	1	1897
17	1	3	17	1	4	0	1897
17	2	1	17	2	2	0	2062
17	2	1	17	2	3	1	2062
17	2	1	17	2	4	1	2062
17	2	2	17	2	3	1	2062
17	2	2	17	2	4	1	2062
17	2	3	17	2	4	0	2062
18	1	1	18	1	2	0	2006
18	1	1	18	1	3	2	2006
18	1	1	18	1	4	2	2006
18	1	2	18	1	3	2	2006
18	1	2	18	1	4	2	2006
18	1	3	18	1	4	0	2006
19	1	1	19	1	2	0	2181
19	1	1	19	1	3	2	2181
19	1	1	19	1	4	3	2181
19	1	2	19	1	3	2	2181
19	1	2	19	1	4	3	2181
19	1	3	19	1	4	1	2181
19	2	1	19	2	2	4	1655
19	2	1	19	2	3	4	1655
19	2	1	19	2	4	2	1655
19	2	2	19	2	3	5	1655
19	2	2	19	2	4	3	1655
19	2	3	19	2	4	4	1655
19	3	1	19	3	2	0	1782
19	3	1	19	3	3	0	1782
19	3	1	19	3	4	0	1782
19	3	2	19	3	3	0	1782
19	3	2	19	3	4	0	1782
19	3	3	19	3	4	0	1782
19	4	1	19	4	2	2	1861
19	4	1	19	4	3	1	1861
19	4	1	19	4	4	4	1861
19	4	2	19	4	3	3	1861
19	4	2	19	4	4	2	1861
19	4	3	19	4	4	3	1861
19	5	1	19	5	2	1	1733
19	5	1	19	5	3	6	1733
19	5	1	19	5	4	6	1733
19	5	2	19	5	3	6	1733
19	5	2	19	5	4	5	1733
19	5	3	19	5	4	1	1733
19	6	1	19	6	2	0	1318
19	6	1	19	6	3	1	1318
19	6	1	19	6	4	1	1318
19	6	2	19	6	3	1	1318
19	6	2	19	6	4	1	1318
19	6	3	19	6	4	0	1318
19	7	1	19	7	2	0	907
19	7	1	19	7	3	0	907
19	7	1	19	7	4	1	907
19	7	2	19	7	3	0	907
19	7	2	19	7	4	1	907
19	7	3	19	7	4	1	907
19	8	1	19	8	2	0	831
19	8	1	19	8	3	1	831
19	8	1	19	8	4	1	831
19	8	2	19	8	3	1	831
19	8	2	19	8	4	1	831
19	8	3	19	8	4	0	831
20	1	1	20	1	2	0	1883
20	1	1	20	1	3	2	1883
20	1	1	20	1	4	2	1883
20	1	2	20	1	3	2	1883
20	1	2	20	1	4	2	1883
20	1	3	20	1	4	0	1883
20	2	1	20	2	2	1	1673
20	2	1	20	2	3	3	1673
20	2	1	20	2	4	3	1673
20	2	2	20	2	3	4	1673
20	2	2	20	2	4	4	1673
20	2	3	20	2	4	0	1673
20	3	1	20	3	2	0	1237
20	3	1	20	3	3	0	1237
20	3	1	20	3	4	0	1237
20	3	2	20	3	3	0	1237
20	3	2	20	3	4	0	1237
20	3	3	20	3	4	0	1237
21	1	1	21	1	2	10	1391
21	1	1	21	1	3	11	1391
21	1	1	21	1	4	11	1391
21	1	2	21	1	3	9	1391
21	1	2	21	1	4	13	1391
21	1	3	21	1	4	9	1391
22	1	1	22	1	2	27	1919
22	1	1	22	1	3	31	1919
22	1	1	22	1	4	29	1919
22	1	2	22	1	3	32	1919
22	1	2	22	1	4	30	1919
22	1	3	22	1	4	31	1919
23	1	1	23	1	2	443	1361
23	1	1	23	1	3	425	1361
23	1	1	23	1	4	442	1361
23	1	2	23	1	3	455	1361
23	1	2	23	1	4	438	1361
23	1	3	23	1	4	475	1361
24	1	1	24	1	2	3	1865
24	1	1	24	1	3	4	1865
24	1	1	24	1	4	4	1865
24	1	2	24	1	3	2	1865
24	1	2	24	1	4	2	1865
24	1	3	24	1	4	0	1865
25	1	1	25	1	2	0	1644
25	1	1	25	1	3	6	1644
25	1	1	25	1	4	3	1644
25	1	2	25	1	3	6	1644
25	1	2	25	1	4	3	1644
25	1	3	25	1	4	3	1644
25	2	1	25	2	2	1	1455
25	2	1	25	2	3	1	1455
25	2	1	25	2	4	1	1455
25	2	2	25	2	3	0	1455
25	2	2	25	2	4	2	1455
25	2	3	25	2	4	2	1455
26	1	1	26	1	2	99	2424
26	1	1	26	1	3	128	2424
26	1	1	26	1	4	137	2424
26	1	2	26	1	3	131	2424
26	1	2	26	1	4	123	2424
26	1	3	26	1	4	126	2424
27	1	1	27	1	2	2	1463
27	1	1	27	1	3	3	1463
27	1	1	27	1	4	5	1463
27	1	2	27	1	3	5	1463
27	1	2	27	1	4	4	1463
27	1	3	27	1	4	2	1463
28	1	1	28	1	2	0	1874
28	1	1	28	1	3	0	1874
28	1	1	28	1	4	1	1874
28	1	2	28	1	3	0	1874
28	1	2	28	1	4	1	1874
28	1	3	28	1	4	1	1874
29	1	1	29	1	2	3	1968
29	1	1	29	1	3	5	1968
29	1	1	29	1	4	8	1968
29	1	2	29	1	3	8	1968
29	1	2	29	1	4	5	1968
29	1	3	29	1	4	3	1968
30	1	1	30	1	2	6	1100
30	1	1	30	1	3	3	1100
30	1	1	30	1	4	3	1100
30	1	2	30	1	3	5	1100
30	1	2	30	1	4	5	1100
30	1	3	30	1	4	0	1100
30	2	1	30	2	2	0	940
30	2	1	30	2	3	2	940
30	2	1	30	2	4	2	940
30	2	2	30	2	3	2	940
30	2	2	30	2	4	2	940
30	2	3	30	2	4	0	940
31	1	1	31	1	2	4	1852
31	1	1	31	1	3	4	1852
31	1	1	31	1	4	2	1852
31	1	2	31	1	3	2	1852
31	1	2	31	1	4	4	1852
31	1	3	31	1	4	4	1852
32	1	1	32	1	2	250	2550
32	1	1	32	1	3	236	2550
32	1	1	32	1	4	259	2550
32	1	2	32	1	3	236	2550
32	1	2	32	1	4	252	2550
32	1	3	32	1	4	244	2550
33	1	1	33	1	2	0	1522
33	1	1	33	1	3	0	1522
33	1	1	33	1	4	0	1522
33	1	2	33	1	3	0	1522
33	1	2	33	1	4	0	1522
33	1	3	33	1	4	0	1522
33	2	1	33	2	2	1	880
33	2	1	33	2	3	2	880
33	2	1	33	2	4	2	880
33	2	2	33	2	3	2	880
33	2	2	33	2	4	2	880
33	2	3	33	2	4	0	880
34	1	1	34	1	2	3	1773
34	1	1	34	1	3	3	1773
34	1	1	34	1	4	4	1773
34	1	2	34	1	3	4	1773
34	1	2	34	1	4	3	1773
34	1	3	34	1	4	1	1773
35	1	1	35	1	2	1	1898
35	1	1	35	1	3	1	1898
35	1	1	35	1	4	2	1898
35	1	2	35	1	3	2	1898
35	1	2	35	1	4	1	1898
35	1	3	35	1	4	1	1898
36	1	1	36	1	2	0	2085
36	1	1	36	1	3	7	2085
36	1	1	36	1	4	7	2085
36	1	2	36	1	3	7	2085
36	1	2	36	1	4	7	2085
36	1	3	36	1	4	0	2085
37	1	1	37	1	2	1	1184
37	1	1	37	1	3	6	1184
37	1	1	37	1	4	6	1184
37	1	2	37	1	3	5	1184
37	1	2	37	1	4	5	1184
37	1	3	37	1	4	0	1184
38	1	1	38	1	2	2	1562
38	1	1	38	1	3	4	1562
38	1	1	38	1	4	6	1562
38	1	2	38	1	3	4	1562
38	1	2	38	1	4	6	1562
38	1	3	38	1	4	3	1562
39	1	1	39	1	2	4	1988
39	1	1	39	1	3	4	1988
39	1	1	39	1	4	3	1988
39	1	2	39	1	3	0	1988
39	1	2	39	1	4	7	1988
39	1	3	39	1	4	7	1988
40	1	1	40	1	2	42	907
40	1	1	40	1	3	40	907
40	1	1	40	1	4	36	907
40	1	2	40	1	3	39	907
40	1	2	40	1	4	37	907
40	1	3	40	1	4	33	907
40	2	1	40	2	2	1	1791
40	2	1	40	2	3	2	1791
40	2	1	40	2	4	2	1791
40	2	2	40	2	3	1	1791
40	2	2	40	2	4	1	1791
40	2	3	40	2	4	0	1791
40	3	1	40	3	2	0	904
40	3	1	40	3	3	1	904
40	3	1	40	3	4	1	904
40	3	2	40	3	3	1	904
40	3	2	40	3	4	1	904
40	3	3	40	3	4	0	904
40	4	1	40	4	2	1	811
40	4	1	40	4	3	4	811
40	4	1	40	4	4	4	811
40	4	2	40	4	3	4	811
40	4	2	40	4	4	4	811
40	4	3	40	4	4	0	811
41	1	1	41	1	2	0	2164
41	1	1	41	1	3	0	2164
41	1	1	41	1	4	0	2164
41	1	2	41	1	3	0	2164
41	1	2	41	1	4	0	2164
41	1	3	41	1	4	0	2164
42	1	1	42	1	2	1015	2293
42	1	1	42	1	3	1052	2293
42	1	1	42	1	4	1016	2293
42	1	2	42	1	3	1037	2293
42	1	2	42	1	4	1001	2293
42	1	3	42	1	4	1029	2293
42	2	1	42	2	2	0	681
42	2	1	42	2	3	0	681
42	2	1	42	2	4	0	681
42	2	2	42	2	3	0	681
42	2	2	42	2	4	0	681
42	2	3	42	2	4	0	681
43	1	1	43	1	2	0	2000
43	1	1	43	1	3	0	2000
43	1	1	43	1	4	0	2000
43	1	2	43	1	3	0	2000
43	1	2	43	1	4	0	2000
43	1	3	43	1	4	0	2000
43	2	1	43	2	2	0	723
43	2	1	43	2	3	0	723
43	2	1	43	2	4	0	723
43	2	2	43	2	3	0	723
43	2	2	43	2	4	0	723
43	2	3	43	2	4	0	723
44	1	1	44	1	2	9	1991
44	1	1	44	1	3	7	1991
44	1	1	44	1	4	7	1991
44	1	2	44	1	3	9	1991
44	1	2	44	1	4	9	1991
44	1	3	44	1	4	4	1991
44	2	1	44	2	2	0	799
44	2	1	44	2	3	0	799
44	2	1	44	2	4	0	799
44	2	2	44	2	3	0	799
44	2	2	44	2	4	0	799
44	2	3	44	2	4	0	799
46	1	1	46	1	2	0	2009
46	1	1	46	1	3	0	2009
46	1	1	46	1	4	0	2009
46	1	2	46	1	3	0	2009
46	1	2	46	1	4	0	2009
46	1	3	46	1	4	0	2009
47	1	1	47	1	2	0	1944
47	1	1	47	1	3	0	1944
47	1	1	47	1	4	0	1944
47	1	2	47	1	3	0	1944
47	1	2	47	1	4	0	1944
47	1	3	47	1	4	0	1944
48	1	1	48	1	2	0	1746
48	1	1	48	1	3	0	1746
48	1	1	48	1	4	0	1746
48	1	2	48	1	3	0	1746
48	1	2	48	1	4	0	1746
48	1	3	48	1	4	0	1746
49	1	1	49	1	2	3	2093
49	1	1	49	1	3	3	2093
49	1	1	49	1	4	5	2093
49	1	2	49	1	3	0	2093
49	1	2	49	1	4	2	2093
49	1	3	49	1	4	2	2093
50	1	1	50	1	2	1	2204
50	1	1	50	1	3	4	2204
50	1	1	50	1	4	3	2204
50	1	2	50	1	3	3	2204
50	1	2	50	1	4	4	2204
50	1	3	50	1	4	2	2204
51	1	1	51	1	2	0	1984
51	1	1	51	1	3	3	1984
51	1	1	51	1	4	3	1984
51	1	2	51	1	3	3	1984
51	1	2	51	1	4	3	1984
51	1	3	51	1	4	0	1984
52	1	1	52	1	2	5	2272
52	1	1	52	1	3	5	2272
52	1	1	52	1	4	7	2272
52	1	2	52	1	3	6	2272
52	1	2	52	1	4	2	2272
52	1	3	52	1	4	4	2272
54	1	1	54	1	2	0	1547
54	1	1	54	1	3	0	1547
54	1	1	54	1	4	2	1547
54	1	2	54	1	3	0	1547
54	1	2	54	1	4	2	1547
54	1	3	54	1	4	2	1547
55	1	1	55	1	2	0	1993
55	1	1	55	1	3	0	1993
55	1	1	55	1	4	0	1993
55	1	2	55	1	3	0	1993
55	1	2	55	1	4	0	1993
55	1	3	55	1	4	0	1993
55	2	1	55	2	2	1	1463
55	2	1	55	2	3	1	1463
55	2	1	55	2	4	2	1463
55	2	2	55	2	3	2	1463
55	2	2	55	2	4	1	1463
55	2	3	55	2	4	1	1463
56	1	1	56	1	2	5	1972
56	1	1	56	1	3	2	1972
56	1	1	56	1	4	2	1972
56	1	2	56	1	3	5	1972
56	1	2	56	1	4	5	1972
56	1	3	56	1	4	2	1972
57	1	1	57	1	2	268	2106
57	1	1	57	1	3	272	2106
57	1	1	57	1	4	268	2106
57	1	2	57	1	3	270	2106
57	1	2	57	1	4	265	2106
57	1	3	57	1	4	265	2106
58	1	1	58	1	2	0	1853
58	1	1	58	1	3	0	1853
58	1	1	58	1	4	0	1853
58	1	2	58	1	3	0	1853
58	1	2	58	1	4	0	1853
58	1	3	58	1	4	0	1853
60	1	1	60	1	2	0	1968
60	1	1	60	1	3	0	1968
60	1	1	60	1	4	0	1968
60	1	2	60	1	3	0	1968
60	1	2	60	1	4	0	1968
60	1	3	60	1	4	0	1968
61	1	1	61	1	2	0	2044
61	1	1	61	1	3	3	2044
61	1	1	61	1	4	3	2044
61	1	2	61	1	3	3	2044
61	1	2	61	1	4	3	2044
61	1	3	61	1	4	0	2044
62	1	1	62	1	2	0	2105
62	1	1	62	1	3	0	2105
62	1	1	62	1	4	0	2105
62	1	2	62	1	3	0	2105
62	1	2	62	1	4	0	2105
62	1	3	62	1	4	0	2105
63	1	1	63	1	2	0	2137
63	1	1	63	1	3	0	2137
63	1	1	63	1	4	0	2137
63	1	2	63	1	3	0	2137
63	1	2	63	1	4	0	2137
63	1	3	63	1	4	0	2137
64	1	1	64	1	2	0	2051
64	1	1	64	1	3	0	2051
64	1	1	64	1	4	0	2051
64	1	2	64	1	3	0	2051
64	1	2	64	1	4	0	2051
64	1	3	64	1	4	0	2051
65	1	1	65	1	2	0	2203
65	1	1	65	1	3	0	2203
65	1	1	65	1	4	0	2203
65	1	2	65	1	3	0	2203
65	1	2	65	1	4	0	2203
65	1	3	65	1	4	0	2203
65	2	1	65	2	2	0	732
65	2	1	65	2	3	0	732
65	2	1	65	2	4	0	732
65	2	2	65	2	3	0	732
65	2	2	65	2	4	0	732
65	2	3	65	2	4	0	732
66	1	1	66	1	2	38	585
66	1	1	66	1	3	51	585
66	1	1	66	1	4	61	585
66	1	2	66	1	3	53	585
66	1	2	66	1	4	53	585
66	1	3	66	1	4	62	585
67	1	1	67	1	2	0	2089
67	1	1	67	1	3	0	2089
67	1	1	67	1	4	0	2089
67	1	2	67	1	3	0	2089
67	1	2	67	1	4	0	2089
67	1	3	67	1	4	0	2089
68	1	1	68	1	2	0	1402
68	1	1	68	1	3	0	1402
68	1	1	68	1	4	0	1402
68	1	2	68	1	3	0	1402
68	1	2	68	1	4	0	1402
68	1	3	68	1	4	0	1402
68	2	1	68	2	2	0	1418
68	2	1	68	2	3	1	1418
68	2	1	68	2	4	1	1418
68	2	2	68	2	3	1	1418
68	2	2	68	2	4	1	1418
68	2	3	68	2	4	0	1418
68	3	1	68	3	2	0	634
68	3	1	68	3	3	0	634
68	3	1	68	3	4	0	634
68	3	2	68	3	3	0	634
68	3	2	68	3	4	0	634
68	3	3	68	3	4	0	634
69	1	1	69	1	2	0	2038
69	1	1	69	1	3	0	2038
69	1	1	69	1	4	0	2038
69	1	2	69	1	3	0	2038
69	1	2	69	1	4	0	2038
69	1	3	69	1	4	0	2038
69	2	1	69	2	2	0	1349
69	2	1	69	2	3	0	1349
69	2	1	69	2	4	0	1349
69	2	2	69	2	3	0	1349
69	2	2	69	2	4	0	1349
69	2	3	69	2	4	0	1349
69	3	1	69	3	2	0	1212
69	3	1	69	3	3	0	1212
69	3	1	69	3	4	0	1212
69	3	2	69	3	3	0	1212
69	3	2	69	3	4	0	1212
69	3	3	69	3	4	0	1212
70	1	1	70	1	2	0	2120
70	1	1	70	1	3	0	2120
70	1	1	70	1	4	0	2120
70	1	2	70	1	3	0	2120
70	1	2	70	1	4	0	2120
70	1	3	70	1	4	0	2120
71	1	1	71	1	2	0	3273
71	1	1	71	1	3	0	3273
71	1	1	71	1	4	0	3273
71	1	2	71	1	3	0	3273
71	1	2	71	1	4	0	3273
71	1	3	71	1	4	0	3273
72	1	1	72	1	2	0	1709
72	1	1	72	1	3	0	1709
72	1	1	72	1	4	0	1709
72	1	2	72	1	3	0	1709
72	1	2	72	1	4	0	1709
72	1	3	72	1	4	0	1709
73	1	1	73	1	2	0	1941
73	1	1	73	1	3	0	1941
73	1	1	73	1	4	0	1941
73	1	2	73	1	3	0	1941
73	1	2	73	1	4	0	1941
73	1	3	73	1	4	0	1941
74	1	1	74	1	2	0	830
74	1	1	74	1	3	0	830
74	1	1	74	1	4	0	830
74	1	2	74	1	3	0	830
74	1	2	74	1	4	0	830
74	1	3	74	1	4	0	830
74	2	1	74	2	2	0	809
74	2	1	74	2	3	0	809
74	2	1	74	2	4	0	809
74	2	2	74	2	3	0	809
74	2	2	74	2	4	0	809
74	2	3	74	2	4	0	809
75	1	1	75	1	2	0	1925
75	1	1	75	1	3	0	1925
75	1	1	75	1	4	0	1925
75	1	2	75	1	3	0	1925
75	1	2	75	1	4	0	1925
75	1	3	75	1	4	0	1925
75	2	1	75	2	2	0	1032
75	2	1	75	2	3	0	1032
75	2	1	75	2	4	0	1032
75	2	2	75	2	3	0	1032
75	2	2	75	2	4	0	1032
75	2	3	75	2	4	0	1032
75	3	1	75	3	2	0	693
75	3	1	75	3	3	0	693
75	3	1	75	3	4	0	693
75	3	2	75	3	3	0	693
75	3	2	75	3	4	0	693
75	3	3	75	3	4	0	693
76	1	1	76	1	2	0	2066
76	1	1	76	1	3	0	2066
76	1	1	76	1	4	0	2066
76	1	2	76	1	3	0	2066
76	1	2	76	1	4	0	2066
76	1	3	76	1	4	0	2066
78	1	1	78	1	2	0	1615
78	1	1	78	1	3	1	1615
78	1	1	78	1	4	2	1615
78	1	2	78	1	3	1	1615
78	1	2	78	1	4	2	1615
78	1	3	78	1	4	1	1615
78	2	1	78	2	2	1	669
78	2	1	78	2	3	1	669
78	2	1	78	2	4	1	669
78	2	2	78	2	3	0	669
78	2	2	78	2	4	0	669
78	2	3	78	2	4	0	669
80	1	1	80	1	2	0	1143
80	1	1	80	1	3	4	1143
80	1	1	80	1	4	4	1143
80	1	2	80	1	3	4	1143
80	1	2	80	1	4	4	1143
80	1	3	80	1	4	0	1143
81	1	1	81	1	2	0	1979
81	1	1	81	1	3	0	1979
81	1	1	81	1	4	0	1979
81	1	2	81	1	3	0	1979
81	1	2	81	1	4	0	1979
81	1	3	81	1	4	0	1979
82	1	1	82	1	2	0	1800
82	1	1	82	1	3	0	1800
82	1	1	82	1	4	0	1800
82	1	2	82	1	3	0	1800
82	1	2	82	1	4	0	1800
82	1	3	82	1	4	0	1800
83	1	1	83	1	2	1	1584
83	1	1	83	1	3	1	1584
83	1	1	83	1	4	2	1584
83	1	2	83	1	3	2	1584
83	1	2	83	1	4	1	1584
83	1	3	83	1	4	1	1584
84	1	1	84	1	2	0	2047
84	1	1	84	1	3	0	2047
84	1	1	84	1	4	0	2047
84	1	2	84	1	3	0	2047
84	1	2	84	1	4	0	2047
84	1	3	84	1	4	0	2047
84	2	1	84	2	2	0	1473
84	2	1	84	2	3	0	1473
84	2	1	84	2	4	0	1473
84	2	2	84	2	3	0	1473
84	2	2	84	2	4	0	1473
84	2	3	84	2	4	0	1473
84	3	1	84	3	2	0	602
84	3	1	84	3	3	0	602
84	3	1	84	3	4	0	602
84	3	2	84	3	3	0	602
84	3	2	84	3	4	0	602
84	3	3	84	3	4	0	602
85	1	1	85	1	2	2	1536
85	1	1	85	1	3	1	1536
85	1	1	85	1	4	3	1536
85	1	2	85	1	3	3	1536
85	1	2	85	1	4	1	1536
85	1	3	85	1	4	2	1536
86	1	1	86	1	2	4	1913
86	1	1	86	1	3	4	1913
86	1	1	86	1	4	4	1913
86	1	2	86	1	3	8	1913
86	1	2	86	1	4	8	1913
86	1	3	86	1	4	0	1913
88	1	1	88	1	2	12	1304
88	1	1	88	1	3	9	1304
88	1	1	88	1	4	6	1304
88	1	2	88	1	3	10	1304
88	1	2	88	1	4	13	1304
88	1	3	88	1	4	10	1304
88	2	1	88	2	2	2	1180
88	2	1	88	2	3	2	1180
88	2	1	88	2	4	2	1180
88	2	2	88	2	3	0	1180
88	2	2	88	2	4	0	1180
88	2	3	88	2	4	0	1180
88	3	1	88	3	2	0	837
88	3	1	88	3	3	0	837
88	3	1	88	3	4	0	837
88	3	2	88	3	3	0	837
88	3	2	88	3	4	0	837
88	3	3	88	3	4	0	837
88	4	1	88	4	2	0	820
88	4	1	88	4	3	1	820
88	4	1	88	4	4	1	820
88	4	2	88	4	3	1	820
88	4	2	88	4	4	1	820
88	4	3	88	4	4	0	820
88	5	1	88	5	2	0	374
88	5	1	88	5	3	0	374
88	5	1	88	5	4	0	374
88	5	2	88	5	3	0	374
88	5	2	88	5	4	0	374
88	5	3	88	5	4	0	374
88	6	1	88	6	2	0	533
88	6	1	88	6	3	0	533
88	6	1	88	6	4	0	533
88	6	2	88	6	3	0	533
88	6	2	88	6	4	0	533
88	6	3	88	6	4	0	533
88	7	1	88	7	2	0	386
88	7	1	88	7	3	0	386
88	7	1	88	7	4	0	386
88	7	2	88	7	3	0	386
88	7	2	88	7	4	0	386
88	7	3	88	7	4	0	386
89	1	1	89	1	2	0	1382
89	1	1	89	1	3	0	1382
89	1	1	89	1	4	0	1382
89	1	2	89	1	3	0	1382
89	1	2	89	1	4	0	1382
89	1	3	89	1	4	0	1382
90	1	1	90	1	2	2	1857
90	1	1	90	1	3	2	1857
90	1	1	90	1	4	3	1857
90	1	2	90	1	3	0	1857
90	1	2	90	1	4	5	1857
90	1	3	90	1	4	5	1857
91	1	1	91	1	2	0	1919
91	1	1	91	1	3	7	1919
91	1	1	91	1	4	7	1919
91	1	2	91	1	3	7	1919
91	1	2	91	1	4	7	1919
91	1	3	91	1	4	0	1919
92	1	1	92	1	2	287	2222
92	1	1	92	1	3	278	2222
92	1	1	92	1	4	288	2222
92	1	2	92	1	3	299	2222
92	1	2	92	1	4	295	2222
92	1	3	92	1	4	293	2222
93	1	1	93	1	2	0	1609
93	1	1	93	1	3	1	1609
93	1	1	93	1	4	1	1609
93	1	2	93	1	3	1	1609
93	1	2	93	1	4	1	1609
93	1	3	93	1	4	0	1609
94	1	1	94	1	2	3	1753
94	1	1	94	1	3	4	1753
94	1	1	94	1	4	5	1753
94	1	2	94	1	3	7	1753
94	1	2	94	1	4	2	1753
94	1	3	94	1	4	5	1753
95	1	1	95	1	2	0	2101
95	1	1	95	1	3	1	2101
95	1	1	95	1	4	1	2101
95	1	2	95	1	3	1	2101
95	1	2	95	1	4	1	2101
95	1	3	95	1	4	0	2101
96	1	1	96	1	2	0	1527
96	1	1	96	1	3	2	1527
96	1	1	96	1	4	2	1527
96	1	2	96	1	3	2	1527
96	1	2	96	1	4	2	1527
96	1	3	96	1	4	0	1527
98	1	1	98	1	2	5	2213
98	1	1	98	1	3	3	2213
98	1	1	98	1	4	6	2213
98	1	2	98	1	3	5	2213
98	1	2	98	1	4	1	2213
98	1	3	98	1	4	4	2213
98	2	1	98	2	2	0	1170
98	2	1	98	2	3	0	1170
98	2	1	98	2	4	0	1170
98	2	2	98	2	3	0	1170
98	2	2	98	2	4	0	1170
98	2	3	98	2	4	0	1170
99	1	1	99	1	2	0	1777
99	1	1	99	1	3	0	1777
99	1	1	99	1	4	0	1777
99	1	2	99	1	3	0	1777
99	1	2	99	1	4	0	1777
99	1	3	99	1	4	0	1777
100	1	1	100	1	2	10	2085
100	1	1	100	1	3	2	2085
100	1	1	100	1	4	10	2085
100	1	2	100	1	3	9	2085
100	1	2	100	1	4	2	2085
100	1	3	100	1	4	9	2085
101	1	1	101	1	2	7	2132
101	1	1	101	1	3	4	2132
101	1	1	101	1	4	3	2132
101	1	2	101	1	3	5	2132
101	1	2	101	1	4	6	2132
101	1	3	101	1	4	3	2132
102	1	1	102	1	2	0	2126
102	1	1	102	1	3	0	2126
102	1	1	102	1	4	0	2126
102	1	2	102	1	3	0	2126
102	1	2	102	1	4	0	2126
102	1	3	102	1	4	0	2126
102	2	1	102	2	2	0	412
102	2	1	102	2	3	0	412
102	2	1	102	2	4	0	412
102	2	2	102	2	3	0	412
102	2	2	102	2	4	0	412
102	2	3	102	2	4	0	412
103	1	1	103	1	2	0	893
103	1	1	103	1	3	2	893
103	1	1	103	1	4	2	893
103	1	2	103	1	3	2	893
103	1	2	103	1	4	2	893
103	1	3	103	1	4	0	893
104	1	1	104	1	2	111	1750
104	1	1	104	1	3	98	1750
104	1	1	104	1	4	112	1750
104	1	2	104	1	3	100	1750
104	1	2	104	1	4	101	1750
104	1	3	104	1	4	108	1750
104	2	1	104	2	2	0	1275
104	2	1	104	2	3	0	1275
104	2	1	104	2	4	0	1275
104	2	2	104	2	3	0	1275
104	2	2	104	2	4	0	1275
104	2	3	104	2	4	0	1275
105	1	1	105	1	2	150	1942
105	1	1	105	1	3	144	1942
105	1	1	105	1	4	159	1942
105	1	2	105	1	3	143	1942
105	1	2	105	1	4	143	1942
105	1	3	105	1	4	158	1942
107	1	1	107	1	2	39	1636
107	1	1	107	1	3	41	1636
107	1	1	107	1	4	42	1636
107	1	2	107	1	3	53	1636
107	1	2	107	1	4	40	1636
107	1	3	107	1	4	40	1636
108	1	1	108	1	2	0	1302
108	1	1	108	1	3	4	1302
108	1	1	108	1	4	4	1302
108	1	2	108	1	3	4	1302
108	1	2	108	1	4	4	1302
108	1	3	108	1	4	0	1302
108	2	1	108	2	2	0	1067
108	2	1	108	2	3	0	1067
108	2	1	108	2	4	0	1067
108	2	2	108	2	3	0	1067
108	2	2	108	2	4	0	1067
108	2	3	108	2	4	0	1067
109	1	1	109	1	2	0	1466
109	1	1	109	1	3	0	1466
109	1	1	109	1	4	0	1466
109	1	2	109	1	3	0	1466
109	1	2	109	1	4	0	1466
109	1	3	109	1	4	0	1466
110	1	1	110	1	2	0	2196
110	1	1	110	1	3	0	2196
110	1	1	110	1	4	0	2196
110	1	2	110	1	3	0	2196
110	1	2	110	1	4	0	2196
110	1	3	110	1	4	0	2196
111	1	1	111	1	2	0	1433
111	1	1	111	1	3	0	1433
111	1	1	111	1	4	0	1433
111	1	2	111	1	3	0	1433
111	1	2	111	1	4	0	1433
111	1	3	111	1	4	0	1433
112	1	1	112	1	2	0	1739
112	1	1	112	1	3	0	1739
112	1	1	112	1	4	0	1739
112	1	2	112	1	3	0	1739
112	1	2	112	1	4	0	1739
112	1	3	112	1	4	0	1739
113	1	1	113	1	2	0	1219
113	1	1	113	1	3	0	1219
113	1	1	113	1	4	0	1219
113	1	2	113	1	3	0	1219
113	1	2	113	1	4	0	1219
113	1	3	113	1	4	0	1219
114	1	1	114	1	2	0	1751
114	1	1	114	1	3	7	1751
114	1	1	114	1	4	7	1751
114	1	2	114	1	3	7	1751
114	1	2	114	1	4	7	1751
114	1	3	114	1	4	0	1751
115	1	1	115	1	2	0	1743
115	1	1	115	1	3	0	1743
115	1	1	115	1	4	0	1743
115	1	2	115	1	3	0	1743
115	1	2	115	1	4	0	1743
115	1	3	115	1	4	0	1743
118	1	1	118	1	2	0	2092
118	1	1	118	1	3	0	2092
118	1	1	118	1	4	0	2092
118	1	2	118	1	3	0	2092
118	1	2	118	1	4	0	2092
118	1	3	118	1	4	0	2092
119	1	1	119	1	2	0	2073
119	1	1	119	1	3	11	2073
119	1	1	119	1	4	11	2073
119	1	2	119	1	3	11	2073
119	1	2	119	1	4	11	2073
119	1	3	119	1	4	1	2073
121	1	1	121	1	2	0	1627
121	1	1	121	1	3	3	1627
121	1	1	121	1	4	3	1627
121	1	2	121	1	3	3	1627
121	1	2	121	1	4	3	1627
121	1	3	121	1	4	0	1627
122	1	1	122	1	2	2	1875
122	1	1	122	1	3	5	1875
122	1	1	122	1	4	5	1875
122	1	2	122	1	3	3	1875
122	1	2	122	1	4	7	1875
122	1	3	122	1	4	4	1875
123	1	1	123	1	2	1	1707
123	1	1	123	1	3	2	1707
123	1	1	123	1	4	2	1707
123	1	2	123	1	3	3	1707
123	1	2	123	1	4	3	1707
123	1	3	123	1	4	2	1707
124	1	1	124	1	2	2	2030
124	1	1	124	1	3	3	2030
124	1	1	124	1	4	5	2030
124	1	2	124	1	3	5	2030
124	1	2	124	1	4	3	2030
124	1	3	124	1	4	2	2030
125	1	1	125	1	2	0	2001
125	1	1	125	1	3	1	2001
125	1	1	125	1	4	1	2001
125	1	2	125	1	3	1	2001
125	1	2	125	1	4	1	2001
125	1	3	125	1	4	0	2001
126	1	1	126	1	2	0	2585
126	1	1	126	1	3	3	2585
126	1	1	126	1	4	3	2585
126	1	2	126	1	3	3	2585
126	1	2	126	1	4	3	2585
126	1	3	126	1	4	0	2585
127	1	1	127	1	2	3	1595
127	1	1	127	1	3	9	1595
127	1	1	127	1	4	12	1595
127	1	2	127	1	3	12	1595
127	1	2	127	1	4	9	1595
127	1	3	127	1	4	3	1595
128	1	1	128	1	2	0	2013
128	1	1	128	1	3	0	2013
128	1	1	128	1	4	0	2013
128	1	2	128	1	3	0	2013
128	1	2	128	1	4	0	2013
128	1	3	128	1	4	0	2013
129	1	1	129	1	2	33	1851
129	1	1	129	1	3	31	1851
129	1	1	129	1	4	21	1851
129	1	2	129	1	3	30	1851
129	1	2	129	1	4	32	1851
129	1	3	129	1	4	29	1851
130	1	1	130	1	2	9	2394
130	1	1	130	1	3	11	2394
130	1	1	130	1	4	2	2394
130	1	2	130	1	3	3	2394
130	1	2	130	1	4	9	2394
130	1	3	130	1	4	9	2394
131	1	1	131	1	2	0	1640
131	1	1	131	1	3	0	1640
131	1	1	131	1	4	0	1640
131	1	2	131	1	3	0	1640
131	1	2	131	1	4	0	1640
131	1	3	131	1	4	0	1640
132	1	1	132	1	2	2	1368
132	1	1	132	1	3	11	1368
132	1	1	132	1	4	13	1368
132	1	2	132	1	3	13	1368
132	1	2	132	1	4	11	1368
132	1	3	132	1	4	2	1368
133	1	1	133	1	2	0	1428
133	1	1	133	1	3	0	1428
133	1	1	133	1	4	0	1428
133	1	2	133	1	3	0	1428
133	1	2	133	1	4	0	1428
133	1	3	133	1	4	0	1428
135	1	1	135	1	2	1	2270
135	1	1	135	1	3	3	2270
135	1	1	135	1	4	3	2270
135	1	2	135	1	3	4	2270
135	1	2	135	1	4	4	2270
135	1	3	135	1	4	0	2270
136	1	1	136	1	2	1	1653
136	1	1	136	1	3	4	1653
136	1	1	136	1	4	6	1653
136	1	2	136	1	3	5	1653
136	1	2	136	1	4	5	1653
136	1	3	136	1	4	2	1653
137	1	1	137	1	2	0	1578
137	1	1	137	1	3	0	1578
137	1	1	137	1	4	0	1578
137	1	2	137	1	3	0	1578
137	1	2	137	1	4	0	1578
137	1	3	137	1	4	0	1578
137	2	1	137	2	2	2	1563
137	2	1	137	2	3	2	1563
137	2	1	137	2	4	2	1563
137	2	2	137	2	3	1	1563
137	2	2	137	2	4	1	1563
137	2	3	137	2	4	0	1563
140	1	1	140	1	2	0	1609
140	1	1	140	1	3	0	1609
140	1	1	140	1	4	0	1609
140	1	2	140	1	3	0	1609
140	1	2	140	1	4	0	1609
140	1	3	140	1	4	0	1609
141	1	1	141	1	2	0	1900
141	1	1	141	1	3	0	1900
141	1	1	141	1	4	0	1900
141	1	2	141	1	3	0	1900
141	1	2	141	1	4	0	1900
141	1	3	141	1	4	0	1900
143	1	1	143	1	2	0	2051
143	1	1	143	1	3	0	2051
143	1	1	143	1	4	1	2051
143	1	2	143	1	3	0	2051
143	1	2	143	1	4	1	2051
143	1	3	143	1	4	1	2051
144	1	1	144	1	2	26	1885
144	1	1	144	1	3	29	1885
144	1	1	144	1	4	32	1885
144	1	2	144	1	3	29	1885
144	1	2	144	1	4	26	1885
144	1	3	144	1	4	33	1885
145	1	1	145	1	2	0	1859
145	1	1	145	1	3	1	1859
145	1	1	145	1	4	1	1859
145	1	2	145	1	3	1	1859
145	1	2	145	1	4	1	1859
145	1	3	145	1	4	0	1859
146	1	1	146	1	2	0	2320
146	1	1	146	1	3	0	2320
146	1	1	146	1	4	0	2320
146	1	2	146	1	3	0	2320
146	1	2	146	1	4	0	2320
146	1	3	146	1	4	0	2320
147	1	1	147	1	2	0	1033
147	1	1	147	1	3	1	1033
147	1	1	147	1	4	1	1033
147	1	2	147	1	3	1	1033
147	1	2	147	1	4	1	1033
147	1	3	147	1	4	0	1033
149	1	1	149	1	2	2	1212
149	1	1	149	1	3	2	1212
149	1	1	149	1	4	2	1212
149	1	2	149	1	3	0	1212
149	1	2	149	1	4	0	1212
149	1	3	149	1	4	0	1212
149	2	1	149	2	2	0	1257
149	2	1	149	2	3	6	1257
149	2	1	149	2	4	6	1257
149	2	2	149	2	3	6	1257
149	2	2	149	2	4	6	1257
149	2	3	149	2	4	0	1257
149	3	1	149	3	2	0	934
149	3	1	149	3	3	0	934
149	3	1	149	3	4	0	934
149	3	2	149	3	3	0	934
149	3	2	149	3	4	0	934
149	3	3	149	3	4	0	934
150	1	1	150	1	2	0	1722
150	1	1	150	1	3	3	1722
150	1	1	150	1	4	3	1722
150	1	2	150	1	3	3	1722
150	1	2	150	1	4	3	1722
150	1	3	150	1	4	1	1722
151	1	1	151	1	2	0	2103
151	1	1	151	1	3	0	2103
151	1	1	151	1	4	0	2103
151	1	2	151	1	3	0	2103
151	1	2	151	1	4	0	2103
151	1	3	151	1	4	0	2103
151	2	1	151	2	2	0	1260
151	2	1	151	2	3	0	1260
151	2	1	151	2	4	0	1260
151	2	2	151	2	3	0	1260
151	2	2	151	2	4	0	1260
151	2	3	151	2	4	0	1260
152	1	1	152	1	2	0	1996
152	1	1	152	1	3	2	1996
152	1	1	152	1	4	4	1996
152	1	2	152	1	3	2	1996
152	1	2	152	1	4	4	1996
152	1	3	152	1	4	2	1996
153	1	1	153	1	2	1	2121
153	1	1	153	1	3	3	2121
153	1	1	153	1	4	3	2121
153	1	2	153	1	3	2	2121
153	1	2	153	1	4	2	2121
153	1	3	153	1	4	0	2121
153	2	1	153	2	2	5	1836
153	2	1	153	2	3	2	1836
153	2	1	153	2	4	7	1836
153	2	2	153	2	3	7	1836
153	2	2	153	2	4	2	1836
153	2	3	153	2	4	5	1836
153	3	1	153	3	2	4	1915
153	3	1	153	3	3	4	1915
153	3	1	153	3	4	5	1915
153	3	2	153	3	3	5	1915
153	3	2	153	3	4	3	1915
153	3	3	153	3	4	3	1915
154	1	1	154	1	2	0	877
154	1	1	154	1	3	0	877
154	1	1	154	1	4	0	877
154	1	2	154	1	3	0	877
154	1	2	154	1	4	0	877
154	1	3	154	1	4	0	877
155	1	1	155	1	2	0	1616
155	1	1	155	1	3	0	1616
155	1	1	155	1	4	0	1616
155	1	2	155	1	3	0	1616
155	1	2	155	1	4	0	1616
155	1	3	155	1	4	0	1616
155	2	1	155	2	2	0	947
155	2	1	155	2	3	1	947
155	2	1	155	2	4	1	947
155	2	2	155	2	3	1	947
155	2	2	155	2	4	1	947
155	2	3	155	2	4	0	947
156	1	1	156	1	2	1	1677
156	1	1	156	1	3	1	1677
156	1	1	156	1	4	2	1677
156	1	2	156	1	3	0	1677
156	1	2	156	1	4	1	1677
156	1	3	156	1	4	1	1677
157	1	1	157	1	2	0	1939
157	1	1	157	1	3	0	1939
157	1	1	157	1	4	0	1939
157	1	2	157	1	3	0	1939
157	1	2	157	1	4	0	1939
157	1	3	157	1	4	0	1939
158	1	1	158	1	2	3	1963
158	1	1	158	1	3	3	1963
158	1	1	158	1	4	6	1963
158	1	2	158	1	3	6	1963
158	1	2	158	1	4	3	1963
158	1	3	158	1	4	3	1963
159	1	1	159	1	2	3	1880
159	1	1	159	1	3	3	1880
159	1	1	159	1	4	4	1880
159	1	2	159	1	3	6	1880
159	1	2	159	1	4	5	1880
159	1	3	159	1	4	1	1880
159	2	1	159	2	2	8	798
159	2	1	159	2	3	8	798
159	2	1	159	2	4	6	798
159	2	2	159	2	3	6	798
159	2	2	159	2	4	7	798
159	2	3	159	2	4	9	798
159	3	1	159	3	2	0	1105
159	3	1	159	3	3	0	1105
159	3	1	159	3	4	0	1105
159	3	2	159	3	3	0	1105
159	3	2	159	3	4	0	1105
159	3	3	159	3	4	0	1105
159	4	1	159	4	2	0	890
159	4	1	159	4	3	0	890
159	4	1	159	4	4	0	890
159	4	2	159	4	3	0	890
159	4	2	159	4	4	0	890
159	4	3	159	4	4	0	890
159	5	1	159	5	2	0	713
159	5	1	159	5	3	2	713
159	5	1	159	5	4	3	713
159	5	2	159	5	3	2	713
159	5	2	159	5	4	3	713
159	5	3	159	5	4	1	713
159	6	1	159	6	2	0	318
159	6	1	159	6	3	0	318
159	6	1	159	6	4	0	318
159	6	2	159	6	3	0	318
159	6	2	159	6	4	0	318
159	6	3	159	6	4	0	318
160	1	1	160	1	2	0	1790
160	1	1	160	1	3	1	1790
160	1	1	160	1	4	2	1790
160	1	2	160	1	3	1	1790
160	1	2	160	1	4	2	1790
160	1	3	160	1	4	1	1790
160	2	1	160	2	2	0	1902
160	2	1	160	2	3	2	1902
160	2	1	160	2	4	2	1902
160	2	2	160	2	3	2	1902
160	2	2	160	2	4	2	1902
160	2	3	160	2	4	0	1902
161	1	1	161	1	2	0	1991
161	1	1	161	1	3	1	1991
161	1	1	161	1	4	1	1991
161	1	2	161	1	3	1	1991
161	1	2	161	1	4	1	1991
161	1	3	161	1	4	0	1991
161	2	1	161	2	2	0	810
161	2	1	161	2	3	0	810
161	2	1	161	2	4	0	810
161	2	2	161	2	3	0	810
161	2	2	161	2	4	0	810
161	2	3	161	2	4	0	810
161	3	1	161	3	2	0	632
161	3	1	161	3	3	0	632
161	3	1	161	3	4	0	632
161	3	2	161	3	3	0	632
161	3	2	161	3	4	0	632
161	3	3	161	3	4	0	632
161	4	1	161	4	2	0	616
161	4	1	161	4	3	0	616
161	4	1	161	4	4	0	616
161	4	2	161	4	3	0	616
161	4	2	161	4	4	0	616
161	4	3	161	4	4	0	616
161	5	1	161	5	2	0	406
161	5	1	161	5	3	0	406
161	5	1	161	5	4	0	406
161	5	2	161	5	3	0	406
161	5	2	161	5	4	0	406
161	5	3	161	5	4	0	406
164	1	1	164	1	2	26	3261
164	1	1	164	1	3	29	3261
164	1	1	164	1	4	33	3261
164	1	2	164	1	3	23	3261
164	1	2	164	1	4	26	3261
164	1	3	164	1	4	31	3261
165	1	1	165	1	2	0	1828
165	1	1	165	1	3	1	1828
165	1	1	165	1	4	1	1828
165	1	2	165	1	3	1	1828
165	1	2	165	1	4	1	1828
165	1	3	165	1	4	0	1828
166	1	1	166	1	2	0	1949
166	1	1	166	1	3	0	1949
166	1	1	166	1	4	0	1949
166	1	2	166	1	3	0	1949
166	1	2	166	1	4	0	1949
166	1	3	166	1	4	0	1949
167	1	1	167	1	2	0	1901
167	1	1	167	1	3	0	1901
167	1	1	167	1	4	0	1901
167	1	2	167	1	3	0	1901
167	1	2	167	1	4	0	1901
167	1	3	167	1	4	0	1901
169	1	1	169	1	2	2	1881
169	1	1	169	1	3	3	1881
169	1	1	169	1	4	3	1881
169	1	2	169	1	3	1	1881
169	1	2	169	1	4	1	1881
169	1	3	169	1	4	0	1881
170	1	1	170	1	2	0	2065
170	1	1	170	1	3	1	2065
170	1	1	170	1	4	1	2065
170	1	2	170	1	3	1	2065
170	1	2	170	1	4	1	2065
170	1	3	170	1	4	0	2065
171	1	1	171	1	2	0	1539
171	1	1	171	1	3	1	1539
171	1	1	171	1	4	1	1539
171	1	2	171	1	3	1	1539
171	1	2	171	1	4	1	1539
171	1	3	171	1	4	0	1539
172	1	1	172	1	2	2	1995
172	1	1	172	1	3	2	1995
172	1	1	172	1	4	4	1995
172	1	2	172	1	3	4	1995
172	1	2	172	1	4	2	1995
172	1	3	172	1	4	2	1995
173	1	1	173	1	2	0	1281
173	1	1	173	1	3	0	1281
173	1	1	173	1	4	0	1281
173	1	2	173	1	3	0	1281
173	1	2	173	1	4	0	1281
173	1	3	173	1	4	0	1281
174	1	1	174	1	2	2	2052
174	1	1	174	1	3	3	2052
174	1	1	174	1	4	4	2052
174	1	2	174	1	3	4	2052
174	1	2	174	1	4	3	2052
174	1	3	174	1	4	1	2052
175	1	1	175	1	2	0	1921
175	1	1	175	1	3	0	1921
175	1	1	175	1	4	0	1921
175	1	2	175	1	3	0	1921
175	1	2	175	1	4	0	1921
175	1	3	175	1	4	0	1921
176	1	1	176	1	2	0	2151
176	1	1	176	1	3	0	2151
176	1	1	176	1	4	0	2151
176	1	2	176	1	3	0	2151
176	1	2	176	1	4	0	2151
176	1	3	176	1	4	0	2151
177	1	1	177	1	2	4	1927
177	1	1	177	1	3	5	1927
177	1	1	177	1	4	4	1927
177	1	2	177	1	3	1	1927
177	1	2	177	1	4	2	1927
177	1	3	177	1	4	1	1927
178	1	1	178	1	2	0	1641
178	1	1	178	1	3	0	1641
178	1	1	178	1	4	0	1641
178	1	2	178	1	3	0	1641
178	1	2	178	1	4	0	1641
178	1	3	178	1	4	0	1641
178	2	1	178	2	2	1	1133
178	2	1	178	2	3	2	1133
178	2	1	178	2	4	3	1133
178	2	2	178	2	3	3	1133
178	2	2	178	2	4	2	1133
178	2	3	178	2	4	1	1133
179	1	1	179	1	2	13	2103
179	1	1	179	1	3	27	2103
179	1	1	179	1	4	22	2103
179	1	2	179	1	3	24	2103
179	1	2	179	1	4	18	2103
179	1	3	179	1	4	16	2103
180	1	1	180	1	2	5	2131
180	1	1	180	1	3	8	2131
180	1	1	180	1	4	5	2131
180	1	2	180	1	3	4	2131
180	1	2	180	1	4	6	2131
180	1	3	180	1	4	4	2131
181	1	1	181	1	2	1	2011
181	1	1	181	1	3	1	2011
181	1	1	181	1	4	2	2011
181	1	2	181	1	3	2	2011
181	1	2	181	1	4	1	2011
181	1	3	181	1	4	1	2011
182	1	1	182	1	2	0	1653
182	1	1	182	1	3	2	1653
182	1	1	182	1	4	1	1653
182	1	2	182	1	3	2	1653
182	1	2	182	1	4	1	1653
182	1	3	182	1	4	1	1653
183	1	1	183	1	2	0	1711
183	1	1	183	1	3	0	1711
183	1	1	183	1	4	1	1711
183	1	2	183	1	3	0	1711
183	1	2	183	1	4	1	1711
183	1	3	183	1	4	1	1711
184	1	1	184	1	2	2	1924
184	1	1	184	1	3	3	1924
184	1	1	184	1	4	2	1924
184	1	2	184	1	3	1	1924
184	1	2	184	1	4	2	1924
184	1	3	184	1	4	1	1924
185	1	1	185	1	2	0	1977
185	1	1	185	1	3	1	1977
185	1	1	185	1	4	1	1977
185	1	2	185	1	3	1	1977
185	1	2	185	1	4	1	1977
185	1	3	185	1	4	0	1977
186	1	1	186	1	2	0	1426
186	1	1	186	1	3	4	1426
186	1	1	186	1	4	4	1426
186	1	2	186	1	3	4	1426
186	1	2	186	1	4	4	1426
186	1	3	186	1	4	0	1426
187	1	1	187	1	2	0	1843
187	1	1	187	1	3	2	1843
187	1	1	187	1	4	2	1843
187	1	2	187	1	3	2	1843
187	1	2	187	1	4	2	1843
187	1	3	187	1	4	0	1843
188	1	1	188	1	2	0	2203
188	1	1	188	1	3	0	2203
188	1	1	188	1	4	0	2203
188	1	2	188	1	3	0	2203
188	1	2	188	1	4	0	2203
188	1	3	188	1	4	0	2203
189	1	1	189	1	2	0	1305
189	1	1	189	1	3	1	1305
189	1	1	189	1	4	1	1305
189	1	2	189	1	3	1	1305
189	1	2	189	1	4	1	1305
189	1	3	189	1	4	0	1305
189	2	1	189	2	2	0	1606
189	2	1	189	2	3	0	1606
189	2	1	189	2	4	0	1606
189	2	2	189	2	3	0	1606
189	2	2	189	2	4	0	1606
189	2	3	189	2	4	0	1606
190	1	1	190	1	2	0	1476
190	1	1	190	1	3	3	1476
190	1	1	190	1	4	3	1476
190	1	2	190	1	3	3	1476
190	1	2	190	1	4	3	1476
190	1	3	190	1	4	0	1476
192	1	1	192	1	2	0	2370
192	1	1	192	1	3	3	2370
192	1	1	192	1	4	1	2370
192	1	2	192	1	3	3	2370
192	1	2	192	1	4	1	2370
192	1	3	192	1	4	2	2370
193	1	1	193	1	2	5	1847
193	1	1	193	1	3	6	1847
193	1	1	193	1	4	2	1847
193	1	2	193	1	3	3	1847
193	1	2	193	1	4	6	1847
193	1	3	193	1	4	8	1847
194	1	1	194	1	2	0	1741
194	1	1	194	1	3	2	1741
194	1	1	194	1	4	2	1741
194	1	2	194	1	3	2	1741
194	1	2	194	1	4	2	1741
194	1	3	194	1	4	0	1741
194	2	1	194	2	2	0	1075
194	2	1	194	2	3	0	1075
194	2	1	194	2	4	0	1075
194	2	2	194	2	3	0	1075
194	2	2	194	2	4	0	1075
194	2	3	194	2	4	0	1075
194	3	1	194	3	2	0	706
194	3	1	194	3	3	0	706
194	3	1	194	3	4	0	706
194	3	2	194	3	3	0	706
194	3	2	194	3	4	0	706
194	3	3	194	3	4	0	706
195	1	1	195	1	2	0	1371
195	1	1	195	1	3	0	1371
195	1	1	195	1	4	0	1371
195	1	2	195	1	3	0	1371
195	1	2	195	1	4	0	1371
195	1	3	195	1	4	0	1371
196	1	1	196	1	2	1	1977
196	1	1	196	1	3	2	1977
196	1	1	196	1	4	3	1977
196	1	2	196	1	3	3	1977
196	1	2	196	1	4	2	1977
196	1	3	196	1	4	1	1977
197	1	1	197	1	2	1	1619
197	1	1	197	1	3	1	1619
197	1	1	197	1	4	2	1619
197	1	2	197	1	3	0	1619
197	1	2	197	1	4	1	1619
197	1	3	197	1	4	1	1619
197	2	1	197	2	2	1	1469
197	2	1	197	2	3	2	1469
197	2	1	197	2	4	3	1469
197	2	2	197	2	3	3	1469
197	2	2	197	2	4	2	1469
197	2	3	197	2	4	1	1469
198	1	1	198	1	2	1	1181
198	1	1	198	1	3	7	1181
198	1	1	198	1	4	7	1181
198	1	2	198	1	3	7	1181
198	1	2	198	1	4	7	1181
198	1	3	198	1	4	0	1181
199	1	1	199	1	2	15	1853
199	1	1	199	1	3	11	1853
199	1	1	199	1	4	8	1853
199	1	2	199	1	3	4	1853
199	1	2	199	1	4	7	1853
199	1	3	199	1	4	5	1853
200	1	1	200	1	2	0	2022
200	1	1	200	1	3	4	2022
200	1	1	200	1	4	6	2022
200	1	2	200	1	3	4	2022
200	1	2	200	1	4	6	2022
200	1	3	200	1	4	3	2022
201	1	1	201	1	2	3	2086
201	1	1	201	1	3	5	2086
201	1	1	201	1	4	4	2086
201	1	2	201	1	3	4	2086
201	1	2	201	1	4	5	2086
201	1	3	201	1	4	3	2086
202	1	1	202	1	2	262	1488
202	1	1	202	1	3	267	1488
202	1	1	202	1	4	246	1488
202	1	2	202	1	3	257	1488
202	1	2	202	1	4	242	1488
202	1	3	202	1	4	255	1488
203	1	1	203	1	2	1	1950
203	1	1	203	1	3	3	1950
203	1	1	203	1	4	4	1950
203	1	2	203	1	3	4	1950
203	1	2	203	1	4	3	1950
203	1	3	203	1	4	1	1950
204	1	1	204	1	2	0	1139
204	1	1	204	1	3	0	1139
204	1	1	204	1	4	0	1139
204	1	2	204	1	3	0	1139
204	1	2	204	1	4	0	1139
204	1	3	204	1	4	0	1139
205	1	1	205	1	2	0	2014
205	1	1	205	1	3	1	2014
205	1	1	205	1	4	1	2014
205	1	2	205	1	3	1	2014
205	1	2	205	1	4	1	2014
205	1	3	205	1	4	0	2014
206	1	1	206	1	2	1	1883
206	1	1	206	1	3	1	1883
206	1	1	206	1	4	4	1883
206	1	2	206	1	3	2	1883
206	1	2	206	1	4	3	1883
206	1	3	206	1	4	3	1883
207	1	1	207	1	2	0	2075
207	1	1	207	1	3	1	2075
207	1	1	207	1	4	1	2075
207	1	2	207	1	3	1	2075
207	1	2	207	1	4	1	2075
207	1	3	207	1	4	0	2075
208	1	1	208	1	2	2	2361
208	1	1	208	1	3	2	2361
208	1	1	208	1	4	2	2361
208	1	2	208	1	3	2	2361
208	1	2	208	1	4	2	2361
208	1	3	208	1	4	2	2361
209	1	1	209	1	2	0	2124
209	1	1	209	1	3	0	2124
209	1	1	209	1	4	0	2124
209	1	2	209	1	3	0	2124
209	1	2	209	1	4	0	2124
209	1	3	209	1	4	0	2124
210	1	1	210	1	2	6	2103
210	1	1	210	1	3	6	2103
210	1	1	210	1	4	3	2103
210	1	2	210	1	3	0	2103
210	1	2	210	1	4	3	2103
210	1	3	210	1	4	3	2103
211	1	1	211	1	2	7	2252
211	1	1	211	1	3	7	2252
211	1	1	211	1	4	6	2252
211	1	2	211	1	3	4	2252
211	1	2	211	1	4	5	2252
211	1	3	211	1	4	6	2252
212	1	1	212	1	2	0	1459
212	1	1	212	1	3	5	1459
212	1	1	212	1	4	2	1459
212	1	2	212	1	3	5	1459
212	1	2	212	1	4	2	1459
212	1	3	212	1	4	3	1459
214	1	1	214	1	2	3	1916
214	1	1	214	1	3	4	1916
214	1	1	214	1	4	2	1916
214	1	2	214	1	3	1	1916
214	1	2	214	1	4	3	1916
214	1	3	214	1	4	2	1916
215	1	1	215	1	2	0	2045
215	1	1	215	1	3	0	2045
215	1	1	215	1	4	0	2045
215	1	2	215	1	3	0	2045
215	1	2	215	1	4	0	2045
215	1	3	215	1	4	0	2045
215	2	1	215	2	2	0	981
215	2	1	215	2	3	1	981
215	2	1	215	2	4	1	981
215	2	2	215	2	3	1	981
215	2	2	215	2	4	1	981
215	2	3	215	2	4	0	981
216	1	1	216	1	2	0	1899
216	1	1	216	1	3	6	1899
216	1	1	216	1	4	6	1899
216	1	2	216	1	3	6	1899
216	1	2	216	1	4	6	1899
216	1	3	216	1	4	0	1899
218	1	1	218	1	2	0	1827
218	1	1	218	1	3	0	1827
218	1	1	218	1	4	0	1827
218	1	2	218	1	3	0	1827
218	1	2	218	1	4	0	1827
218	1	3	218	1	4	0	1827
219	1	1	219	1	2	2	2095
219	1	1	219	1	3	3	2095
219	1	1	219	1	4	2	2095
219	1	2	219	1	3	3	2095
219	1	2	219	1	4	4	2095
219	1	3	219	1	4	1	2095
220	1	1	220	1	2	0	1846
220	1	1	220	1	3	0	1846
220	1	1	220	1	4	0	1846
220	1	2	220	1	3	0	1846
220	1	2	220	1	4	0	1846
220	1	3	220	1	4	0	1846
221	1	1	221	1	2	1	1959
221	1	1	221	1	3	1	1959
221	1	1	221	1	4	1	1959
221	1	2	221	1	3	0	1959
221	1	2	221	1	4	2	1959
221	1	3	221	1	4	2	1959
222	1	1	222	1	2	0	2025
222	1	1	222	1	3	0	2025
222	1	1	222	1	4	0	2025
222	1	2	222	1	3	0	2025
222	1	2	222	1	4	0	2025
222	1	3	222	1	4	0	2025
224	1	1	224	1	2	1	1723
224	1	1	224	1	3	3	1723
224	1	1	224	1	4	6	1723
224	1	2	224	1	3	3	1723
224	1	2	224	1	4	6	1723
224	1	3	224	1	4	3	1723
224	2	1	224	2	2	0	337
224	2	1	224	2	3	0	337
224	2	1	224	2	4	0	337
224	2	2	224	2	3	0	337
224	2	2	224	2	4	0	337
224	2	3	224	2	4	0	337
225	1	1	225	1	2	0	2166
225	1	1	225	1	3	0	2166
225	1	1	225	1	4	0	2166
225	1	2	225	1	3	0	2166
225	1	2	225	1	4	0	2166
225	1	3	225	1	4	0	2166
226	1	1	226	1	2	0	1916
226	1	1	226	1	3	0	1916
226	1	1	226	1	4	0	1916
226	1	2	226	1	3	0	1916
226	1	2	226	1	4	0	1916
226	1	3	226	1	4	0	1916
227	1	1	227	1	2	2	1997
227	1	1	227	1	3	3	1997
227	1	1	227	1	4	5	1997
227	1	2	227	1	3	5	1997
227	1	2	227	1	4	3	1997
227	1	3	227	1	4	2	1997
228	1	1	228	1	2	0	1228
228	1	1	228	1	3	2	1228
228	1	1	228	1	4	2	1228
228	1	2	228	1	3	2	1228
228	1	2	228	1	4	2	1228
228	1	3	228	1	4	0	1228
228	2	1	228	2	2	0	786
228	2	1	228	2	3	1	786
228	2	1	228	2	4	1	786
228	2	2	228	2	3	1	786
228	2	2	228	2	4	1	786
228	2	3	228	2	4	0	786
229	1	1	229	1	2	0	2102
229	1	1	229	1	3	0	2102
229	1	1	229	1	4	0	2102
229	1	2	229	1	3	0	2102
229	1	2	229	1	4	0	2102
229	1	3	229	1	4	0	2102
230	1	1	230	1	2	6	1910
230	1	1	230	1	3	1	1910
230	1	1	230	1	4	7	1910
230	1	2	230	1	3	7	1910
230	1	2	230	1	4	1	1910
230	1	3	230	1	4	6	1910
231	1	1	231	1	2	0	1576
231	1	1	231	1	3	1	1576
231	1	1	231	1	4	2	1576
231	1	2	231	1	3	1	1576
231	1	2	231	1	4	2	1576
231	1	3	231	1	4	1	1576
231	2	1	231	2	2	0	720
231	2	1	231	2	3	0	720
231	2	1	231	2	4	0	720
231	2	2	231	2	3	0	720
231	2	2	231	2	4	0	720
231	2	3	231	2	4	0	720
232	1	1	232	1	2	0	2006
232	1	1	232	1	3	1	2006
232	1	1	232	1	4	1	2006
232	1	2	232	1	3	1	2006
232	1	2	232	1	4	1	2006
232	1	3	232	1	4	0	2006
233	1	1	233	1	2	0	1291
233	1	1	233	1	3	2	1291
233	1	1	233	1	4	2	1291
233	1	2	233	1	3	2	1291
233	1	2	233	1	4	2	1291
233	1	3	233	1	4	0	1291
234	1	1	234	1	2	3	2245
234	1	1	234	1	3	1	2245
234	1	1	234	1	4	4	2245
234	1	2	234	1	3	4	2245
234	1	2	234	1	4	1	2245
234	1	3	234	1	4	3	2245
236	1	1	236	1	2	3	2129
236	1	1	236	1	3	3	2129
236	1	1	236	1	4	3	2129
236	1	2	236	1	3	0	2129
236	1	2	236	1	4	0	2129
236	1	3	236	1	4	0	2129
238	1	1	238	1	2	0	2146
238	1	1	238	1	3	1	2146
238	1	1	238	1	4	1	2146
238	1	2	238	1	3	1	2146
238	1	2	238	1	4	1	2146
238	1	3	238	1	4	0	2146
239	1	1	239	1	2	1	2261
239	1	1	239	1	3	1	2261
239	1	1	239	1	4	2	2261
239	1	2	239	1	3	2	2261
239	1	2	239	1	4	1	2261
239	1	3	239	1	4	1	2261
240	1	1	240	1	2	2	2411
240	1	1	240	1	3	4	2411
240	1	1	240	1	4	4	2411
240	1	2	240	1	3	4	2411
240	1	2	240	1	4	4	2411
240	1	3	240	1	4	2	2411
241	1	1	241	1	2	2	1992
241	1	1	241	1	3	8	1992
241	1	1	241	1	4	6	1992
241	1	2	241	1	3	6	1992
241	1	2	241	1	4	4	1992
241	1	3	241	1	4	2	1992
242	1	1	242	1	2	0	1979
242	1	1	242	1	3	0	1979
242	1	1	242	1	4	0	1979
242	1	2	242	1	3	0	1979
242	1	2	242	1	4	0	1979
242	1	3	242	1	4	0	1979
243	1	1	243	1	2	0	1659
243	1	1	243	1	3	2	1659
243	1	1	243	1	4	2	1659
243	1	2	243	1	3	2	1659
243	1	2	243	1	4	2	1659
243	1	3	243	1	4	0	1659
243	2	1	243	2	2	0	1450
243	2	1	243	2	3	7	1450
243	2	1	243	2	4	7	1450
243	2	2	243	2	3	7	1450
243	2	2	243	2	4	7	1450
243	2	3	243	2	4	0	1450
243	3	1	243	3	2	0	821
243	3	1	243	3	3	0	821
243	3	1	243	3	4	1	821
243	3	2	243	3	3	0	821
243	3	2	243	3	4	1	821
243	3	3	243	3	4	1	821
243	4	1	243	4	2	1	719
243	4	1	243	4	3	2	719
243	4	1	243	4	4	3	719
243	4	2	243	4	3	1	719
243	4	2	243	4	4	3	719
243	4	3	243	4	4	3	719
244	1	1	244	1	2	596	2101
244	1	1	244	1	3	600	2101
244	1	1	244	1	4	595	2101
244	1	2	244	1	3	590	2101
244	1	2	244	1	4	588	2101
244	1	3	244	1	4	585	2101
245	1	1	245	1	2	0	2232
245	1	1	245	1	3	0	2232
245	1	1	245	1	4	0	2232
245	1	2	245	1	3	0	2232
245	1	2	245	1	4	0	2232
245	1	3	245	1	4	0	2232
245	2	1	245	2	2	0	2280
245	2	1	245	2	3	0	2280
245	2	1	245	2	4	0	2280
245	2	2	245	2	3	0	2280
245	2	2	245	2	4	0	2280
245	2	3	245	2	4	0	2280
247	1	1	247	1	2	3	1729
247	1	1	247	1	3	3	1729
247	1	1	247	1	4	3	1729
247	1	2	247	1	3	0	1729
247	1	2	247	1	4	0	1729
247	1	3	247	1	4	0	1729
250	1	1	250	1	2	0	2600
250	1	1	250	1	3	0	2600
250	1	1	250	1	4	0	2600
250	1	2	250	1	3	0	2600
250	1	2	250	1	4	0	2600
250	1	3	250	1	4	0	2600
251	1	1	251	1	2	0	2371
251	1	1	251	1	3	0	2371
251	1	1	251	1	4	0	2371
251	1	2	251	1	3	0	2371
251	1	2	251	1	4	0	2371
251	1	3	251	1	4	0	2371
252	1	1	252	1	2	0	1910
252	1	1	252	1	3	0	1910
252	1	1	252	1	4	0	1910
252	1	2	252	1	3	0	1910
252	1	2	252	1	4	0	1910
252	1	3	252	1	4	0	1910
253	1	1	253	1	2	12	1414
253	1	1	253	1	3	11	1414
253	1	1	253	1	4	10	1414
253	1	2	253	1	3	6	1414
253	1	2	253	1	4	9	1414
253	1	3	253	1	4	6	1414
254	1	1	254	1	2	0	1845
254	1	1	254	1	3	0	1845
254	1	1	254	1	4	0	1845
254	1	2	254	1	3	0	1845
254	1	2	254	1	4	0	1845
254	1	3	254	1	4	0	1845
257	1	1	257	1	2	0	1425
257	1	1	257	1	3	1	1425
257	1	1	257	1	4	1	1425
257	1	2	257	1	3	1	1425
257	1	2	257	1	4	1	1425
257	1	3	257	1	4	0	1425
259	1	1	259	1	2	2	2131
259	1	1	259	1	3	1	2131
259	1	1	259	1	4	3	2131
259	1	2	259	1	3	3	2131
259	1	2	259	1	4	1	2131
259	1	3	259	1	4	2	2131
259	2	1	259	2	2	0	312
259	2	1	259	2	3	0	312
259	2	1	259	2	4	0	312
259	2	2	259	2	3	0	312
259	2	2	259	2	4	0	312
259	2	3	259	2	4	0	312
260	1	1	260	1	2	0	2278
260	1	1	260	1	3	0	2278
260	1	1	260	1	4	0	2278
260	1	2	260	1	3	0	2278
260	1	2	260	1	4	0	2278
260	1	3	260	1	4	0	2278
261	1	1	261	1	2	2	1925
261	1	1	261	1	3	3	1925
261	1	1	261	1	4	3	1925
261	1	2	261	1	3	3	1925
261	1	2	261	1	4	3	1925
261	1	3	261	1	4	0	1925
264	1	1	264	1	2	1	1523
264	1	1	264	1	3	1	1523
264	1	1	264	1	4	1	1523
264	1	2	264	1	3	2	1523
264	1	2	264	1	4	2	1523
264	1	3	264	1	4	0	1523
265	1	1	265	1	2	17	1773
265	1	1	265	1	3	15	1773
265	1	1	265	1	4	15	1773
265	1	2	265	1	3	16	1773
265	1	2	265	1	4	14	1773
265	1	3	265	1	4	18	1773
266	1	1	266	1	2	0	1235
266	1	1	266	1	3	1	1235
266	1	1	266	1	4	1	1235
266	1	2	266	1	3	1	1235
266	1	2	266	1	4	1	1235
266	1	3	266	1	4	0	1235
267	1	1	267	1	2	2	2227
267	1	1	267	1	3	1	2227
267	1	1	267	1	4	3	2227
267	1	2	267	1	3	3	2227
267	1	2	267	1	4	1	2227
267	1	3	267	1	4	2	2227
268	1	1	268	1	2	0	1695
268	1	1	268	1	3	0	1695
268	1	1	268	1	4	0	1695
268	1	2	268	1	3	0	1695
268	1	2	268	1	4	0	1695
268	1	3	268	1	4	0	1695
269	1	1	269	1	2	14	2375
269	1	1	269	1	3	21	2375
269	1	1	269	1	4	23	2375
269	1	2	269	1	3	23	2375
269	1	2	269	1	4	23	2375
269	1	3	269	1	4	23	2375
269	2	1	269	2	2	0	1704
269	2	1	269	2	3	0	1704
269	2	1	269	2	4	0	1704
269	2	2	269	2	3	0	1704
269	2	2	269	2	4	0	1704
269	2	3	269	2	4	0	1704
269	3	1	269	3	2	0	738
269	3	1	269	3	3	0	738
269	3	1	269	3	4	0	738
269	3	2	269	3	3	0	738
269	3	2	269	3	4	0	738
269	3	3	269	3	4	0	738
270	1	1	270	1	2	3	1598
270	1	1	270	1	3	11	1598
270	1	1	270	1	4	12	1598
270	1	2	270	1	3	13	1598
270	1	2	270	1	4	13	1598
270	1	3	270	1	4	2	1598
271	1	1	271	1	2	1112	3660
271	1	1	271	1	3	1096	3660
271	1	1	271	1	4	1135	3660
271	1	2	271	1	3	1107	3660
271	1	2	271	1	4	1092	3660
271	1	3	271	1	4	1138	3660
271	2	1	271	2	2	0	1949
271	2	1	271	2	3	0	1949
271	2	1	271	2	4	0	1949
271	2	2	271	2	3	0	1949
271	2	2	271	2	4	0	1949
271	2	3	271	2	4	0	1949
271	3	1	271	3	2	0	752
271	3	1	271	3	3	1	752
271	3	1	271	3	4	1	752
271	3	2	271	3	3	1	752
271	3	2	271	3	4	1	752
271	3	3	271	3	4	0	752
271	4	1	271	4	2	0	1069
271	4	1	271	4	3	0	1069
271	4	1	271	4	4	0	1069
271	4	2	271	4	3	0	1069
271	4	2	271	4	4	0	1069
271	4	3	271	4	4	0	1069
271	5	1	271	5	2	0	703
271	5	1	271	5	3	0	703
271	5	1	271	5	4	3	703
271	5	2	271	5	3	0	703
271	5	2	271	5	4	3	703
271	5	3	271	5	4	3	703
271	6	1	271	6	2	0	653
271	6	1	271	6	3	0	653
271	6	1	271	6	4	0	653
271	6	2	271	6	3	0	653
271	6	2	271	6	4	0	653
271	6	3	271	6	4	0	653
271	7	1	271	7	2	0	956
271	7	1	271	7	3	0	956
271	7	1	271	7	4	0	956
271	7	2	271	7	3	0	956
271	7	2	271	7	4	0	956
271	7	3	271	7	4	0	956
272	1	1	272	1	2	0	1912
272	1	1	272	1	3	3	1912
272	1	1	272	1	4	3	1912
272	1	2	272	1	3	3	1912
272	1	2	272	1	4	3	1912
272	1	3	272	1	4	0	1912
273	1	1	273	1	2	1	2054
273	1	1	273	1	3	2	2054
273	1	1	273	1	4	3	2054
273	1	2	273	1	3	3	2054
273	1	2	273	1	4	2	2054
273	1	3	273	1	4	1	2054
274	1	1	274	1	2	0	1648
274	1	1	274	1	3	3	1648
274	1	1	274	1	4	8	1648
274	1	2	274	1	3	3	1648
274	1	2	274	1	4	8	1648
274	1	3	274	1	4	7	1648
275	1	1	275	1	2	2	1601
275	1	1	275	1	3	2	1601
275	1	1	275	1	4	4	1601
275	1	2	275	1	3	4	1601
275	1	2	275	1	4	2	1601
275	1	3	275	1	4	2	1601
276	1	1	276	1	2	3	1981
276	1	1	276	1	3	2	1981
276	1	1	276	1	4	2	1981
276	1	2	276	1	3	3	1981
276	1	2	276	1	4	4	1981
276	1	3	276	1	4	1	1981
277	1	1	277	1	2	18	1524
277	1	1	277	1	3	22	1524
277	1	1	277	1	4	23	1524
277	1	2	277	1	3	23	1524
277	1	2	277	1	4	24	1524
277	1	3	277	1	4	19	1524
278	1	1	278	1	2	1	1658
278	1	1	278	1	3	1	1658
278	1	1	278	1	4	1	1658
278	1	2	278	1	3	0	1658
278	1	2	278	1	4	0	1658
278	1	3	278	1	4	0	1658
279	1	1	279	1	2	0	2257
279	1	1	279	1	3	2	2257
279	1	1	279	1	4	2	2257
279	1	2	279	1	3	2	2257
279	1	2	279	1	4	2	2257
279	1	3	279	1	4	0	2257
280	1	1	280	1	2	1	1328
280	1	1	280	1	3	6	1328
280	1	1	280	1	4	6	1328
280	1	2	280	1	3	6	1328
280	1	2	280	1	4	6	1328
280	1	3	280	1	4	0	1328
281	1	1	281	1	2	0	2136
281	1	1	281	1	3	5	2136
281	1	1	281	1	4	5	2136
281	1	2	281	1	3	5	2136
281	1	2	281	1	4	5	2136
281	1	3	281	1	4	1	2136
282	1	1	282	1	2	0	1422
282	1	1	282	1	3	0	1422
282	1	1	282	1	4	0	1422
282	1	2	282	1	3	0	1422
282	1	2	282	1	4	0	1422
282	1	3	282	1	4	0	1422
283	1	1	283	1	2	10	2066
283	1	1	283	1	3	7	2066
283	1	1	283	1	4	15	2066
283	1	2	283	1	3	14	2066
283	1	2	283	1	4	7	2066
283	1	3	283	1	4	8	2066
284	1	1	284	1	2	0	1983
284	1	1	284	1	3	1	1983
284	1	1	284	1	4	1	1983
284	1	2	284	1	3	1	1983
284	1	2	284	1	4	1	1983
284	1	3	284	1	4	0	1983
285	1	1	285	1	2	21	1783
285	1	1	285	1	3	29	1783
285	1	1	285	1	4	22	1783
285	1	2	285	1	3	21	1783
285	1	2	285	1	4	20	1783
285	1	3	285	1	4	23	1783
285	2	1	285	2	2	0	1225
285	2	1	285	2	3	4	1225
285	2	1	285	2	4	4	1225
285	2	2	285	2	3	4	1225
285	2	2	285	2	4	4	1225
285	2	3	285	2	4	0	1225
286	1	1	286	1	2	0	1371
286	1	1	286	1	3	1	1371
286	1	1	286	1	4	1	1371
286	1	2	286	1	3	1	1371
286	1	2	286	1	4	1	1371
286	1	3	286	1	4	0	1371
286	2	1	286	2	2	0	1045
286	2	1	286	2	3	0	1045
286	2	1	286	2	4	0	1045
286	2	2	286	2	3	0	1045
286	2	2	286	2	4	0	1045
286	2	3	286	2	4	0	1045
287	1	1	287	1	2	0	1909
287	1	1	287	1	3	0	1909
287	1	1	287	1	4	1	1909
287	1	2	287	1	3	0	1909
287	1	2	287	1	4	1	1909
287	1	3	287	1	4	1	1909
288	1	1	288	1	2	4	2212
288	1	1	288	1	3	1	2212
288	1	1	288	1	4	5	2212
288	1	2	288	1	3	5	2212
288	1	2	288	1	4	1	2212
288	1	3	288	1	4	4	2212
289	1	1	289	1	2	6	2082
289	1	1	289	1	3	6	2082
289	1	1	289	1	4	3	2082
289	1	2	289	1	3	0	2082
289	1	2	289	1	4	3	2082
289	1	3	289	1	4	3	2082
289	2	1	289	2	2	0	1396
289	2	1	289	2	3	2	1396
289	2	1	289	2	4	2	1396
289	2	2	289	2	3	2	1396
289	2	2	289	2	4	2	1396
289	2	3	289	2	4	0	1396
290	1	1	290	1	2	31	1930
290	1	1	290	1	3	31	1930
290	1	1	290	1	4	45	1930
290	1	2	290	1	3	41	1930
290	1	2	290	1	4	34	1930
290	1	3	290	1	4	35	1930
291	1	1	291	1	2	0	1390
291	1	1	291	1	3	0	1390
291	1	1	291	1	4	0	1390
291	1	2	291	1	3	0	1390
291	1	2	291	1	4	0	1390
291	1	3	291	1	4	0	1390
292	1	1	292	1	2	1	1290
292	1	1	292	1	3	1	1290
292	1	1	292	1	4	1	1290
292	1	2	292	1	3	0	1290
292	1	2	292	1	4	0	1290
292	1	3	292	1	4	0	1290
293	1	1	293	1	2	1	1547
293	1	1	293	1	3	1	1547
293	1	1	293	1	4	2	1547
293	1	2	293	1	3	2	1547
293	1	2	293	1	4	1	1547
293	1	3	293	1	4	1	1547
294	1	1	294	1	2	0	1844
294	1	1	294	1	3	4	1844
294	1	1	294	1	4	4	1844
294	1	2	294	1	3	4	1844
294	1	2	294	1	4	4	1844
294	1	3	294	1	4	0	1844
294	2	1	294	2	2	0	1713
294	2	1	294	2	3	0	1713
294	2	1	294	2	4	0	1713
294	2	2	294	2	3	0	1713
294	2	2	294	2	4	0	1713
294	2	3	294	2	4	0	1713
295	1	1	295	1	2	0	2031
295	1	1	295	1	3	0	2031
295	1	1	295	1	4	0	2031
295	1	2	295	1	3	0	2031
295	1	2	295	1	4	0	2031
295	1	3	295	1	4	0	2031
296	1	1	296	1	2	4	2088
296	1	1	296	1	3	8	2088
296	1	1	296	1	4	12	2088
296	1	2	296	1	3	12	2088
296	1	2	296	1	4	8	2088
296	1	3	296	1	4	4	2088
297	1	1	297	1	2	6	1750
297	1	1	297	1	3	8	1750
297	1	1	297	1	4	7	1750
297	1	2	297	1	3	2	1750
297	1	2	297	1	4	6	1750
297	1	3	297	1	4	4	1750
298	1	1	298	1	2	236	1866
298	1	1	298	1	3	219	1866
298	1	1	298	1	4	222	1866
298	1	2	298	1	3	226	1866
298	1	2	298	1	4	229	1866
298	1	3	298	1	4	240	1866
298	2	1	298	2	2	0	655
298	2	1	298	2	3	0	655
298	2	1	298	2	4	0	655
298	2	2	298	2	3	0	655
298	2	2	298	2	4	0	655
298	2	3	298	2	4	0	655
299	1	1	299	1	2	0	2065
299	1	1	299	1	3	0	2065
299	1	1	299	1	4	0	2065
299	1	2	299	1	3	0	2065
299	1	2	299	1	4	0	2065
299	1	3	299	1	4	0	2065
299	2	1	299	2	2	0	2184
299	2	1	299	2	3	0	2184
299	2	1	299	2	4	0	2184
299	2	2	299	2	3	0	2184
299	2	2	299	2	4	0	2184
299	2	3	299	2	4	0	2184
300	1	1	300	1	2	0	2029
300	1	1	300	1	3	0	2029
300	1	1	300	1	4	0	2029
300	1	2	300	1	3	0	2029
300	1	2	300	1	4	0	2029
300	1	3	300	1	4	0	2029
301	1	1	301	1	2	0	2135
301	1	1	301	1	3	0	2135
301	1	1	301	1	4	0	2135
301	1	2	301	1	3	0	2135
301	1	2	301	1	4	0	2135
301	1	3	301	1	4	0	2135
301	2	1	301	2	2	4	1845
301	2	1	301	2	3	4	1845
301	2	1	301	2	4	8	1845
301	2	2	301	2	3	8	1845
301	2	2	301	2	4	4	1845
301	2	3	301	2	4	4	1845
301	3	1	301	3	2	0	1407
301	3	1	301	3	3	0	1407
301	3	1	301	3	4	0	1407
301	3	2	301	3	3	0	1407
301	3	2	301	3	4	0	1407
301	3	3	301	3	4	0	1407
302	1	1	302	1	2	5	1498
302	1	1	302	1	3	4	1498
302	1	1	302	1	4	3	1498
302	1	2	302	1	3	1	1498
302	1	2	302	1	4	2	1498
302	1	3	302	1	4	3	1498
303	1	1	303	1	2	67	2647
303	1	1	303	1	3	41	2647
303	1	1	303	1	4	69	2647
303	1	2	303	1	3	83	2647
303	1	2	303	1	4	48	2647
303	1	3	303	1	4	74	2647
304	1	1	304	1	2	0	1639
304	1	1	304	1	3	2	1639
304	1	1	304	1	4	2	1639
304	1	2	304	1	3	2	1639
304	1	2	304	1	4	2	1639
304	1	3	304	1	4	0	1639
304	2	1	304	2	2	0	1249
304	2	1	304	2	3	2	1249
304	2	1	304	2	4	1	1249
304	2	2	304	2	3	2	1249
304	2	2	304	2	4	1	1249
304	2	3	304	2	4	1	1249
304	3	1	304	3	2	0	918
304	3	1	304	3	3	0	918
304	3	1	304	3	4	0	918
304	3	2	304	3	3	0	918
304	3	2	304	3	4	0	918
304	3	3	304	3	4	0	918
305	1	1	305	1	2	0	1972
305	1	1	305	1	3	0	1972
305	1	1	305	1	4	0	1972
305	1	2	305	1	3	0	1972
305	1	2	305	1	4	0	1972
305	1	3	305	1	4	0	1972
306	1	1	306	1	2	0	2086
306	1	1	306	1	3	3	2086
306	1	1	306	1	4	3	2086
306	1	2	306	1	3	3	2086
306	1	2	306	1	4	3	2086
306	1	3	306	1	4	0	2086
307	1	1	307	1	2	5	1892
307	1	1	307	1	3	5	1892
307	1	1	307	1	4	3	1892
307	1	2	307	1	3	0	1892
307	1	2	307	1	4	6	1892
307	1	3	307	1	4	6	1892
307	2	1	307	2	2	0	915
307	2	1	307	2	3	0	915
307	2	1	307	2	4	0	915
307	2	2	307	2	3	0	915
307	2	2	307	2	4	0	915
307	2	3	307	2	4	0	915
309	1	1	309	1	2	0	2063
309	1	1	309	1	3	1	2063
309	1	1	309	1	4	1	2063
309	1	2	309	1	3	1	2063
309	1	2	309	1	4	1	2063
309	1	3	309	1	4	0	2063
309	2	1	309	2	2	0	948
309	2	1	309	2	3	0	948
309	2	1	309	2	4	0	948
309	2	2	309	2	3	0	948
309	2	2	309	2	4	0	948
309	2	3	309	2	4	0	948
309	3	1	309	3	2	0	551
309	3	1	309	3	3	0	551
309	3	1	309	3	4	0	551
309	3	2	309	3	3	0	551
309	3	2	309	3	4	0	551
309	3	3	309	3	4	0	551
309	4	1	309	4	2	0	353
309	4	1	309	4	3	0	353
309	4	1	309	4	4	0	353
309	4	2	309	4	3	0	353
309	4	2	309	4	4	0	353
309	4	3	309	4	4	0	353
311	1	1	311	1	2	3	2381
311	1	1	311	1	3	1	2381
311	1	1	311	1	4	4	2381
311	1	2	311	1	3	4	2381
311	1	2	311	1	4	1	2381
311	1	3	311	1	4	3	2381
312	1	1	312	1	2	0	1550
312	1	1	312	1	3	10	1550
312	1	1	312	1	4	10	1550
312	1	2	312	1	3	10	1550
312	1	2	312	1	4	10	1550
312	1	3	312	1	4	0	1550
313	1	1	313	1	2	1	2027
313	1	1	313	1	3	4	2027
313	1	1	313	1	4	11	2027
313	1	2	313	1	3	3	2027
313	1	2	313	1	4	10	2027
313	1	3	313	1	4	7	2027
314	1	1	314	1	2	0	1966
314	1	1	314	1	3	0	1966
314	1	1	314	1	4	0	1966
314	1	2	314	1	3	0	1966
314	1	2	314	1	4	0	1966
314	1	3	314	1	4	0	1966
315	1	1	315	1	2	294	1959
315	1	1	315	1	3	286	1959
315	1	1	315	1	4	288	1959
315	1	2	315	1	3	277	1959
315	1	2	315	1	4	285	1959
315	1	3	315	1	4	286	1959
316	1	1	316	1	2	0	1912
316	1	1	316	1	3	1	1912
316	1	1	316	1	4	1	1912
316	1	2	316	1	3	1	1912
316	1	2	316	1	4	1	1912
316	1	3	316	1	4	0	1912
318	1	1	318	1	2	0	1561
318	1	1	318	1	3	0	1561
318	1	1	318	1	4	0	1561
318	1	2	318	1	3	0	1561
318	1	2	318	1	4	0	1561
318	1	3	318	1	4	0	1561
318	2	1	318	2	2	0	937
318	2	1	318	2	3	2	937
318	2	1	318	2	4	2	937
318	2	2	318	2	3	2	937
318	2	2	318	2	4	2	937
318	2	3	318	2	4	0	937
319	1	1	319	1	2	1	2306
319	1	1	319	1	3	14	2306
319	1	1	319	1	4	11	2306
319	1	2	319	1	3	14	2306
319	1	2	319	1	4	12	2306
319	1	3	319	1	4	3	2306
320	1	1	320	1	2	4	1187
320	1	1	320	1	3	6	1187
320	1	1	320	1	4	1	1187
320	1	2	320	1	3	2	1187
320	1	2	320	1	4	5	1187
320	1	3	320	1	4	6	1187
321	1	1	321	1	2	0	1869
321	1	1	321	1	3	8	1869
321	1	1	321	1	4	8	1869
321	1	2	321	1	3	8	1869
321	1	2	321	1	4	8	1869
321	1	3	321	1	4	0	1869
322	1	1	322	1	2	0	892
322	1	1	322	1	3	1	892
322	1	1	322	1	4	1	892
322	1	2	322	1	3	1	892
322	1	2	322	1	4	1	892
322	1	3	322	1	4	0	892
323	1	1	323	1	2	1	1496
323	1	1	323	1	3	1	1496
323	1	1	323	1	4	5	1496
323	1	2	323	1	3	2	1496
323	1	2	323	1	4	5	1496
323	1	3	323	1	4	4	1496
324	1	1	324	1	2	4	1183
324	1	1	324	1	3	7	1183
324	1	1	324	1	4	10	1183
324	1	2	324	1	3	8	1183
324	1	2	324	1	4	7	1183
324	1	3	324	1	4	5	1183
325	1	1	325	1	2	1	1955
325	1	1	325	1	3	2	1955
325	1	1	325	1	4	2	1955
325	1	2	325	1	3	3	1955
325	1	2	325	1	4	3	1955
325	1	3	325	1	4	0	1955
326	1	1	326	1	2	2	2123
326	1	1	326	1	3	5	2123
326	1	1	326	1	4	5	2123
326	1	2	326	1	3	3	2123
326	1	2	326	1	4	3	2123
326	1	3	326	1	4	0	2123
327	1	1	327	1	2	0	2349
327	1	1	327	1	3	10	2349
327	1	1	327	1	4	10	2349
327	1	2	327	1	3	10	2349
327	1	2	327	1	4	10	2349
327	1	3	327	1	4	0	2349
328	1	1	328	1	2	2	1598
328	1	1	328	1	3	2	1598
328	1	1	328	1	4	1	1598
328	1	2	328	1	3	0	1598
328	1	2	328	1	4	3	1598
328	1	3	328	1	4	3	1598
328	2	1	328	2	2	0	1214
328	2	1	328	2	3	1	1214
328	2	1	328	2	4	1	1214
328	2	2	328	2	3	1	1214
328	2	2	328	2	4	1	1214
328	2	3	328	2	4	0	1214
328	3	1	328	3	2	0	756
328	3	1	328	3	3	0	756
328	3	1	328	3	4	0	756
328	3	2	328	3	3	0	756
328	3	2	328	3	4	0	756
328	3	3	328	3	4	0	756
330	1	1	330	1	2	0	1865
330	1	1	330	1	3	0	1865
330	1	1	330	1	4	5	1865
330	1	2	330	1	3	0	1865
330	1	2	330	1	4	5	1865
330	1	3	330	1	4	5	1865
333	1	1	333	1	2	0	1911
333	1	1	333	1	3	1	1911
333	1	1	333	1	4	1	1911
333	1	2	333	1	3	1	1911
333	1	2	333	1	4	1	1911
333	1	3	333	1	4	0	1911
334	1	1	334	1	2	0	2034
334	1	1	334	1	3	3	2034
334	1	1	334	1	4	3	2034
334	1	2	334	1	3	3	2034
334	1	2	334	1	4	3	2034
334	1	3	334	1	4	0	2034
335	1	1	335	1	2	0	1862
335	1	1	335	1	3	0	1862
335	1	1	335	1	4	0	1862
335	1	2	335	1	3	0	1862
335	1	2	335	1	4	0	1862
335	1	3	335	1	4	0	1862
335	2	1	335	2	2	0	1781
335	2	1	335	2	3	1	1781
335	2	1	335	2	4	1	1781
335	2	2	335	2	3	1	1781
335	2	2	335	2	4	1	1781
335	2	3	335	2	4	0	1781
337	1	1	337	1	2	0	1794
337	1	1	337	1	3	0	1794
337	1	1	337	1	4	0	1794
337	1	2	337	1	3	0	1794
337	1	2	337	1	4	0	1794
337	1	3	337	1	4	0	1794
338	1	1	338	1	2	2	2239
338	1	1	338	1	3	1	2239
338	1	1	338	1	4	3	2239
338	1	2	338	1	3	3	2239
338	1	2	338	1	4	1	2239
338	1	3	338	1	4	2	2239
339	1	1	339	1	2	0	2207
339	1	1	339	1	3	0	2207
339	1	1	339	1	4	0	2207
339	1	2	339	1	3	0	2207
339	1	2	339	1	4	0	2207
339	1	3	339	1	4	0	2207
339	2	1	339	2	2	0	855
339	2	1	339	2	3	1	855
339	2	1	339	2	4	1	855
339	2	2	339	2	3	1	855
339	2	2	339	2	4	1	855
339	2	3	339	2	4	0	855
340	1	1	340	1	2	0	1365
340	1	1	340	1	3	3	1365
340	1	1	340	1	4	3	1365
340	1	2	340	1	3	3	1365
340	1	2	340	1	4	3	1365
340	1	3	340	1	4	0	1365
340	2	1	340	2	2	1	1145
340	2	1	340	2	3	3	1145
340	2	1	340	2	4	3	1145
340	2	2	340	2	3	2	1145
340	2	2	340	2	4	2	1145
340	2	3	340	2	4	0	1145
341	1	1	341	1	2	7	1842
341	1	1	341	1	3	11	1842
341	1	1	341	1	4	9	1842
341	1	2	341	1	3	5	1842
341	1	2	341	1	4	7	1842
341	1	3	341	1	4	2	1842
342	1	1	342	1	2	0	2158
342	1	1	342	1	3	3	2158
342	1	1	342	1	4	5	2158
342	1	2	342	1	3	3	2158
342	1	2	342	1	4	5	2158
342	1	3	342	1	4	2	2158
344	1	1	344	1	2	2	1899
344	1	1	344	1	3	1	1899
344	1	1	344	1	4	3	1899
344	1	2	344	1	3	3	1899
344	1	2	344	1	4	1	1899
344	1	3	344	1	4	2	1899
345	1	1	345	1	2	0	2000
345	1	1	345	1	3	0	2000
345	1	1	345	1	4	0	2000
345	1	2	345	1	3	0	2000
345	1	2	345	1	4	0	2000
345	1	3	345	1	4	0	2000
346	1	1	346	1	2	8	2177
346	1	1	346	1	3	8	2177
346	1	1	346	1	4	7	2177
346	1	2	346	1	3	0	2177
346	1	2	346	1	4	7	2177
346	1	3	346	1	4	7	2177
347	1	1	347	1	2	0	1979
347	1	1	347	1	3	2	1979
347	1	1	347	1	4	2	1979
347	1	2	347	1	3	2	1979
347	1	2	347	1	4	2	1979
347	1	3	347	1	4	0	1979
348	1	1	348	1	2	8	1725
348	1	1	348	1	3	7	1725
348	1	1	348	1	4	10	1725
348	1	2	348	1	3	5	1725
348	1	2	348	1	4	3	1725
348	1	3	348	1	4	3	1725
348	2	1	348	2	2	22	1436
348	2	1	348	2	3	21	1436
348	2	1	348	2	4	5	1436
348	2	2	348	2	3	4	1436
348	2	2	348	2	4	22	1436
348	2	3	348	2	4	20	1436
349	1	1	349	1	2	1	1968
349	1	1	349	1	3	6	1968
349	1	1	349	1	4	7	1968
349	1	2	349	1	3	7	1968
349	1	2	349	1	4	6	1968
349	1	3	349	1	4	1	1968
350	1	1	350	1	2	1	1216
350	1	1	350	1	3	3	1216
350	1	1	350	1	4	3	1216
350	1	2	350	1	3	4	1216
350	1	2	350	1	4	4	1216
350	1	3	350	1	4	0	1216
350	2	1	350	2	2	1	968
350	2	1	350	2	3	1	968
350	2	1	350	2	4	2	968
350	2	2	350	2	3	2	968
350	2	2	350	2	4	1	968
350	2	3	350	2	4	1	968
350	3	1	350	3	2	0	1027
350	3	1	350	3	3	2	1027
350	3	1	350	3	4	2	1027
350	3	2	350	3	3	2	1027
350	3	2	350	3	4	2	1027
350	3	3	350	3	4	0	1027
351	1	1	351	1	2	1	1875
351	1	1	351	1	3	3	1875
351	1	1	351	1	4	3	1875
351	1	2	351	1	3	3	1875
351	1	2	351	1	4	3	1875
351	1	3	351	1	4	0	1875
352	1	1	352	1	2	0	1993
352	1	1	352	1	3	0	1993
352	1	1	352	1	4	0	1993
352	1	2	352	1	3	0	1993
352	1	2	352	1	4	0	1993
352	1	3	352	1	4	0	1993
352	2	1	352	2	2	0	544
352	2	1	352	2	3	0	544
352	2	1	352	2	4	0	544
352	2	2	352	2	3	0	544
352	2	2	352	2	4	0	544
352	2	3	352	2	4	0	544
353	1	1	353	1	2	4	1620
353	1	1	353	1	3	1	1620
353	1	1	353	1	4	5	1620
353	1	2	353	1	3	5	1620
353	1	2	353	1	4	1	1620
353	1	3	353	1	4	4	1620
354	1	1	354	1	2	1	1649
354	1	1	354	1	3	17	1649
354	1	1	354	1	4	18	1649
354	1	2	354	1	3	17	1649
354	1	2	354	1	4	17	1649
354	1	3	354	1	4	2	1649
355	1	1	355	1	2	0	2111
355	1	1	355	1	3	1	2111
355	1	1	355	1	4	1	2111
355	1	2	355	1	3	1	2111
355	1	2	355	1	4	1	2111
355	1	3	355	1	4	0	2111
356	1	1	356	1	2	8	1335
356	1	1	356	1	3	19	1335
356	1	1	356	1	4	23	1335
356	1	2	356	1	3	24	1335
356	1	2	356	1	4	17	1335
356	1	3	356	1	4	20	1335
357	1	1	357	1	2	4	2212
357	1	1	357	1	3	1	2212
357	1	1	357	1	4	5	2212
357	1	2	357	1	3	5	2212
357	1	2	357	1	4	1	2212
357	1	3	357	1	4	4	2212
358	1	1	358	1	2	5	1521
358	1	1	358	1	3	6	1521
358	1	1	358	1	4	5	1521
358	1	2	358	1	3	1	1521
358	1	2	358	1	4	2	1521
358	1	3	358	1	4	1	1521
359	1	1	359	1	2	0	1662
359	1	1	359	1	3	2	1662
359	1	1	359	1	4	2	1662
359	1	2	359	1	3	2	1662
359	1	2	359	1	4	2	1662
359	1	3	359	1	4	0	1662
361	1	1	361	1	2	0	2125
361	1	1	361	1	3	0	2125
361	1	1	361	1	4	0	2125
361	1	2	361	1	3	0	2125
361	1	2	361	1	4	0	2125
361	1	3	361	1	4	0	2125
362	1	1	362	1	2	0	1683
362	1	1	362	1	3	0	1683
362	1	1	362	1	4	0	1683
362	1	2	362	1	3	0	1683
362	1	2	362	1	4	0	1683
362	1	3	362	1	4	0	1683
362	2	1	362	2	2	0	1649
362	2	1	362	2	3	2	1649
362	2	1	362	2	4	2	1649
362	2	2	362	2	3	2	1649
362	2	2	362	2	4	2	1649
362	2	3	362	2	4	0	1649
363	1	1	363	1	2	0	1398
363	1	1	363	1	3	0	1398
363	1	1	363	1	4	0	1398
363	1	2	363	1	3	0	1398
363	1	2	363	1	4	0	1398
363	1	3	363	1	4	0	1398
364	1	1	364	1	2	2	2083
364	1	1	364	1	3	6	2083
364	1	1	364	1	4	1	2083
364	1	2	364	1	3	6	2083
364	1	2	364	1	4	3	2083
364	1	3	364	1	4	5	2083
364	2	1	364	2	2	1	820
364	2	1	364	2	3	1	820
364	2	1	364	2	4	1	820
364	2	2	364	2	3	1	820
364	2	2	364	2	4	1	820
364	2	3	364	2	4	0	820
365	1	1	365	1	2	0	2037
365	1	1	365	1	3	1	2037
365	1	1	365	1	4	1	2037
365	1	2	365	1	3	1	2037
365	1	2	365	1	4	1	2037
365	1	3	365	1	4	0	2037
366	1	1	366	1	2	0	2143
366	1	1	366	1	3	3	2143
366	1	1	366	1	4	3	2143
366	1	2	366	1	3	3	2143
366	1	2	366	1	4	3	2143
366	1	3	366	1	4	0	2143
367	1	1	367	1	2	0	2590
367	1	1	367	1	3	1	2590
367	1	1	367	1	4	1	2590
367	1	2	367	1	3	1	2590
367	1	2	367	1	4	1	2590
367	1	3	367	1	4	0	2590
367	2	1	367	2	2	0	933
367	2	1	367	2	3	0	933
367	2	1	367	2	4	0	933
367	2	2	367	2	3	0	933
367	2	2	367	2	4	0	933
367	2	3	367	2	4	0	933
368	1	1	368	1	2	0	1878
368	1	1	368	1	3	0	1878
368	1	1	368	1	4	0	1878
368	1	2	368	1	3	0	1878
368	1	2	368	1	4	0	1878
368	1	3	368	1	4	0	1878
369	1	1	369	1	2	2	1682
369	1	1	369	1	3	5	1682
369	1	1	369	1	4	6	1682
369	1	2	369	1	3	5	1682
369	1	2	369	1	4	4	1682
369	1	3	369	1	4	1	1682
370	1	1	370	1	2	0	2040
370	1	1	370	1	3	0	2040
370	1	1	370	1	4	0	2040
370	1	2	370	1	3	0	2040
370	1	2	370	1	4	0	2040
370	1	3	370	1	4	0	2040
371	1	1	371	1	2	9	1858
371	1	1	371	1	3	7	1858
371	1	1	371	1	4	9	1858
371	1	2	371	1	3	4	1858
371	1	2	371	1	4	6	1858
371	1	3	371	1	4	4	1858
372	1	1	372	1	2	0	2004
372	1	1	372	1	3	0	2004
372	1	1	372	1	4	0	2004
372	1	2	372	1	3	0	2004
372	1	2	372	1	4	0	2004
372	1	3	372	1	4	0	2004
373	1	1	373	1	2	1	3153
373	1	1	373	1	3	2	3153
373	1	1	373	1	4	3	3153
373	1	2	373	1	3	3	3153
373	1	2	373	1	4	2	3153
373	1	3	373	1	4	1	3153
373	2	1	373	2	2	0	2032
373	2	1	373	2	3	1	2032
373	2	1	373	2	4	1	2032
373	2	2	373	2	3	1	2032
373	2	2	373	2	4	1	2032
373	2	3	373	2	4	0	2032
374	1	1	374	1	2	0	1967
374	1	1	374	1	3	0	1967
374	1	1	374	1	4	0	1967
374	1	2	374	1	3	0	1967
374	1	2	374	1	4	0	1967
374	1	3	374	1	4	0	1967
375	1	1	375	1	2	0	2127
375	1	1	375	1	3	23	2127
375	1	1	375	1	4	23	2127
375	1	2	375	1	3	23	2127
375	1	2	375	1	4	23	2127
375	1	3	375	1	4	2	2127
377	1	1	377	1	2	0	2175
377	1	1	377	1	3	1	2175
377	1	1	377	1	4	1	2175
377	1	2	377	1	3	1	2175
377	1	2	377	1	4	1	2175
377	1	3	377	1	4	0	2175
378	1	1	378	1	2	11	1876
378	1	1	378	1	3	14	1876
378	1	1	378	1	4	11	1876
378	1	2	378	1	3	13	1876
378	1	2	378	1	4	12	1876
378	1	3	378	1	4	12	1876
379	1	1	379	1	2	0	1643
379	1	1	379	1	3	5	1643
379	1	1	379	1	4	5	1643
379	1	2	379	1	3	5	1643
379	1	2	379	1	4	5	1643
379	1	3	379	1	4	0	1643
380	1	1	380	1	2	0	2059
380	1	1	380	1	3	4	2059
380	1	1	380	1	4	4	2059
380	1	2	380	1	3	4	2059
380	1	2	380	1	4	4	2059
380	1	3	380	1	4	0	2059
381	1	1	381	1	2	0	2061
381	1	1	381	1	3	0	2061
381	1	1	381	1	4	3	2061
381	1	2	381	1	3	0	2061
381	1	2	381	1	4	3	2061
381	1	3	381	1	4	3	2061
382	1	1	382	1	2	0	1997
382	1	1	382	1	3	2	1997
382	1	1	382	1	4	2	1997
382	1	2	382	1	3	2	1997
382	1	2	382	1	4	2	1997
382	1	3	382	1	4	0	1997
383	1	1	383	1	2	0	1380
383	1	1	383	1	3	0	1380
383	1	1	383	1	4	0	1380
383	1	2	383	1	3	0	1380
383	1	2	383	1	4	0	1380
383	1	3	383	1	4	0	1380
384	1	1	384	1	2	0	1343
384	1	1	384	1	3	1	1343
384	1	1	384	1	4	1	1343
384	1	2	384	1	3	1	1343
384	1	2	384	1	4	1	1343
384	1	3	384	1	4	0	1343
385	1	1	385	1	2	0	2065
385	1	1	385	1	3	1	2065
385	1	1	385	1	4	1	2065
385	1	2	385	1	3	1	2065
385	1	2	385	1	4	1	2065
385	1	3	385	1	4	0	2065
386	1	1	386	1	2	2	2059
386	1	1	386	1	3	1	2059
386	1	1	386	1	4	3	2059
386	1	2	386	1	3	3	2059
386	1	2	386	1	4	1	2059
386	1	3	386	1	4	2	2059
387	1	1	387	1	2	0	1445
387	1	1	387	1	3	2	1445
387	1	1	387	1	4	2	1445
387	1	2	387	1	3	2	1445
387	1	2	387	1	4	2	1445
387	1	3	387	1	4	0	1445
388	1	1	388	1	2	14	2004
388	1	1	388	1	3	4	2004
388	1	1	388	1	4	16	2004
388	1	2	388	1	3	18	2004
388	1	2	388	1	4	6	2004
388	1	3	388	1	4	12	2004
389	1	1	389	1	2	7	1623
389	1	1	389	1	3	8	1623
389	1	1	389	1	4	10	1623
389	1	2	389	1	3	12	1623
389	1	2	389	1	4	11	1623
389	1	3	389	1	4	4	1623
389	2	1	389	2	2	0	1555
389	2	1	389	2	3	0	1555
389	2	1	389	2	4	0	1555
389	2	2	389	2	3	0	1555
389	2	2	389	2	4	0	1555
389	2	3	389	2	4	0	1555
390	1	1	390	1	2	0	1842
390	1	1	390	1	3	3	1842
390	1	1	390	1	4	3	1842
390	1	2	390	1	3	3	1842
390	1	2	390	1	4	3	1842
390	1	3	390	1	4	0	1842
391	1	1	391	1	2	0	2228
391	1	1	391	1	3	1	2228
391	1	1	391	1	4	1	2228
391	1	2	391	1	3	1	2228
391	1	2	391	1	4	1	2228
391	1	3	391	1	4	0	2228
392	1	1	392	1	2	2	1657
392	1	1	392	1	3	2	1657
392	1	1	392	1	4	4	1657
392	1	2	392	1	3	4	1657
392	1	2	392	1	4	2	1657
392	1	3	392	1	4	2	1657
392	2	1	392	2	2	0	1531
392	2	1	392	2	3	0	1531
392	2	1	392	2	4	0	1531
392	2	2	392	2	3	0	1531
392	2	2	392	2	4	0	1531
392	2	3	392	2	4	0	1531
392	3	1	392	3	2	0	1408
392	3	1	392	3	3	2	1408
392	3	1	392	3	4	2	1408
392	3	2	392	3	3	2	1408
392	3	2	392	3	4	2	1408
392	3	3	392	3	4	0	1408
393	1	1	393	1	2	2	2193
393	1	1	393	1	3	1	2193
393	1	1	393	1	4	3	2193
393	1	2	393	1	3	3	2193
393	1	2	393	1	4	1	2193
393	1	3	393	1	4	2	2193
394	1	1	394	1	2	0	1764
394	1	1	394	1	3	1	1764
394	1	1	394	1	4	1	1764
394	1	2	394	1	3	1	1764
394	1	2	394	1	4	1	1764
394	1	3	394	1	4	0	1764
394	2	1	394	2	2	1	1428
394	2	1	394	2	3	1	1428
394	2	1	394	2	4	1	1428
394	2	2	394	2	3	0	1428
394	2	2	394	2	4	0	1428
394	2	3	394	2	4	0	1428
395	1	1	395	1	2	0	2066
395	1	1	395	1	3	1	2066
395	1	1	395	1	4	1	2066
395	1	2	395	1	3	1	2066
395	1	2	395	1	4	1	2066
395	1	3	395	1	4	0	2066
396	1	1	396	1	2	6	2358
396	1	1	396	1	3	7	2358
396	1	1	396	1	4	5	2358
396	1	2	396	1	3	1	2358
396	1	2	396	1	4	11	2358
396	1	3	396	1	4	10	2358
399	1	1	399	1	2	0	1970
399	1	1	399	1	3	3	1970
399	1	1	399	1	4	3	1970
399	1	2	399	1	3	3	1970
399	1	2	399	1	4	3	1970
399	1	3	399	1	4	2	1970
400	1	1	400	1	2	0	2093
400	1	1	400	1	3	0	2093
400	1	1	400	1	4	0	2093
400	1	2	400	1	3	0	2093
400	1	2	400	1	4	0	2093
400	1	3	400	1	4	0	2093
402	1	1	402	1	2	0	1311
402	1	1	402	1	3	0	1311
402	1	1	402	1	4	0	1311
402	1	2	402	1	3	0	1311
402	1	2	402	1	4	0	1311
402	1	3	402	1	4	0	1311
403	1	1	403	1	2	0	1957
403	1	1	403	1	3	1	1957
403	1	1	403	1	4	1	1957
403	1	2	403	1	3	1	1957
403	1	2	403	1	4	1	1957
403	1	3	403	1	4	0	1957
