1	1	1	1	1	2	5	1979
1	1	1	1	1	3	5	1979
1	1	1	1	1	4	2	1979
1	1	2	1	1	3	1	1979
1	1	2	1	1	4	5	1979
1	1	3	1	1	4	6	1979
2	1	1	2	1	2	151	2560
2	1	1	2	1	3	152	2560
2	1	1	2	1	4	140	2560
2	1	2	2	1	3	152	2560
2	1	2	2	1	4	150	2560
2	1	3	2	1	4	155	2560
3	1	1	3	1	2	3	2058
3	1	1	3	1	3	7	2058
3	1	1	3	1	4	5	2058
3	1	2	3	1	3	10	2058
3	1	2	3	1	4	4	2058
3	1	3	3	1	4	6	2058
4	1	1	4	1	2	0	1874
4	1	1	4	1	3	2	1874
4	1	1	4	1	4	2	1874
4	1	2	4	1	3	2	1874
4	1	2	4	1	4	2	1874
4	1	3	4	1	4	0	1874
5	1	1	5	1	2	95	1251
5	1	1	5	1	3	65	1251
5	1	1	5	1	4	81	1251
5	1	2	5	1	3	79	1251
5	1	2	5	1	4	72	1251
5	1	3	5	1	4	81	1251
5	2	1	5	2	2	2	1255
5	2	1	5	2	3	1	1255
5	2	1	5	2	4	3	1255
5	2	2	5	2	3	3	1255
5	2	2	5	2	4	1	1255
5	2	3	5	2	4	2	1255
5	3	1	5	3	2	8	947
5	3	1	5	3	3	11	947
5	3	1	5	3	4	10	947
5	3	2	5	3	3	7	947
5	3	2	5	3	4	14	947
5	3	3	5	3	4	10	947
5	4	1	5	4	2	0	421
5	4	1	5	4	3	0	421
5	4	1	5	4	4	0	421
5	4	2	5	4	3	0	421
5	4	2	5	4	4	0	421
5	4	3	5	4	4	0	421
7	1	1	7	1	2	0	1826
7	1	1	7	1	3	11	1826
7	1	1	7	1	4	11	1826
7	1	2	7	1	3	11	1826
7	1	2	7	1	4	11	1826
7	1	3	7	1	4	0	1826
8	1	1	8	1	2	11	1942
8	1	1	8	1	3	12	1942
8	1	1	8	1	4	10	1942
8	1	2	8	1	3	10	1942
8	1	2	8	1	4	8	1942
8	1	3	8	1	4	12	1942
9	1	1	9	1	2	0	2186
9	1	1	9	1	3	0	2186
9	1	1	9	1	4	0	2186
9	1	2	9	1	3	0	2186
9	1	2	9	1	4	0	2186
9	1	3	9	1	4	0	2186
10	1	1	10	1	2	0	1328
10	1	1	10	1	3	0	1328
10	1	1	10	1	4	0	1328
10	1	2	10	1	3	0	1328
10	1	2	10	1	4	0	1328
10	1	3	10	1	4	0	1328
11	1	1	11	1	2	1	1188
11	1	1	11	1	3	1	1188
11	1	1	11	1	4	2	1188
11	1	2	11	1	3	2	1188
11	1	2	11	1	4	1	1188
11	1	3	11	1	4	1	1188
11	2	1	11	2	2	0	746
11	2	1	11	2	3	0	746
11	2	1	11	2	4	0	746
11	2	2	11	2	3	0	746
11	2	2	11	2	4	0	746
11	2	3	11	2	4	0	746
11	3	1	11	3	2	0	468
11	3	1	11	3	3	0	468
11	3	1	11	3	4	0	468
11	3	2	11	3	3	0	468
11	3	2	11	3	4	0	468
11	3	3	11	3	4	0	468
12	1	1	12	1	2	15	1781
12	1	1	12	1	3	9	1781
12	1	1	12	1	4	20	1781
12	1	2	12	1	3	20	1781
12	1	2	12	1	4	12	1781
12	1	3	12	1	4	11	1781
13	1	1	13	1	2	10	1487
13	1	1	13	1	3	10	1487
13	1	1	13	1	4	1	1487
13	1	2	13	1	3	0	1487
13	1	2	13	1	4	9	1487
13	1	3	13	1	4	9	1487
13	2	1	13	2	2	0	774
13	2	1	13	2	3	0	774
13	2	1	13	2	4	0	774
13	2	2	13	2	3	0	774
13	2	2	13	2	4	0	774
13	2	3	13	2	4	0	774
14	1	1	14	1	2	2	2046
14	1	1	14	1	3	2	2046
14	1	1	14	1	4	2	2046
14	1	2	14	1	3	0	2046
14	1	2	14	1	4	0	2046
14	1	3	14	1	4	0	2046
15	1	1	15	1	2	0	1907
15	1	1	15	1	3	8	1907
15	1	1	15	1	4	7	1907
15	1	2	15	1	3	8	1907
15	1	2	15	1	4	7	1907
15	1	3	15	1	4	1	1907
16	1	1	16	1	2	6	1778
16	1	1	16	1	3	3	1778
16	1	1	16	1	4	3	1778
16	1	2	16	1	3	9	1778
16	1	2	16	1	4	9	1778
16	1	3	16	1	4	0	1778
17	1	1	17	1	2	0	1879
17	1	1	17	1	3	2	1879
17	1	1	17	1	4	2	1879
17	1	2	17	1	3	2	1879
17	1	2	17	1	4	2	1879
17	1	3	17	1	4	0	1879
17	2	1	17	2	2	0	2017
17	2	1	17	2	3	6	2017
17	2	1	17	2	4	6	2017
17	2	2	17	2	3	6	2017
17	2	2	17	2	4	6	2017
17	2	3	17	2	4	0	2017
18	1	1	18	1	2	0	1183
18	1	1	18	1	3	1	1183
18	1	1	18	1	4	1	1183
18	1	2	18	1	3	1	1183
18	1	2	18	1	4	1	1183
18	1	3	18	1	4	0	1183
19	1	1	19	1	2	0	2091
19	1	1	19	1	3	0	2091
19	1	1	19	1	4	0	2091
19	1	2	19	1	3	0	2091
19	1	2	19	1	4	0	2091
19	1	3	19	1	4	0	2091
19	2	1	19	2	2	0	1798
19	2	1	19	2	3	0	1798
19	2	1	19	2	4	0	1798
19	2	2	19	2	3	0	1798
19	2	2	19	2	4	0	1798
19	2	3	19	2	4	0	1798
19	3	1	19	3	2	2	1905
19	3	1	19	3	3	1	1905
19	3	1	19	3	4	3	1905
19	3	2	19	3	3	3	1905
19	3	2	19	3	4	1	1905
19	3	3	19	3	4	2	1905
19	4	1	19	4	2	0	1771
19	4	1	19	4	3	0	1771
19	4	1	19	4	4	0	1771
19	4	2	19	4	3	0	1771
19	4	2	19	4	4	0	1771
19	4	3	19	4	4	0	1771
19	5	1	19	5	2	1	1508
19	5	1	19	5	3	1	1508
19	5	1	19	5	4	1	1508
19	5	2	19	5	3	0	1508
19	5	2	19	5	4	0	1508
19	5	3	19	5	4	0	1508
19	6	1	19	6	2	0	1092
19	6	1	19	6	3	2	1092
19	6	1	19	6	4	2	1092
19	6	2	19	6	3	2	1092
19	6	2	19	6	4	2	1092
19	6	3	19	6	4	0	1092
19	7	1	19	7	2	1	824
19	7	1	19	7	3	1	824
19	7	1	19	7	4	1	824
19	7	2	19	7	3	0	824
19	7	2	19	7	4	0	824
19	7	3	19	7	4	0	824
19	8	1	19	8	2	0	855
19	8	1	19	8	3	0	855
19	8	1	19	8	4	0	855
19	8	2	19	8	3	0	855
19	8	2	19	8	4	0	855
19	8	3	19	8	4	0	855
20	1	1	20	1	2	1	1836
20	1	1	20	1	3	1	1836
20	1	1	20	1	4	2	1836
20	1	2	20	1	3	2	1836
20	1	2	20	1	4	1	1836
20	1	3	20	1	4	1	1836
20	2	1	20	2	2	0	1562
20	2	1	20	2	3	0	1562
20	2	1	20	2	4	0	1562
20	2	2	20	2	3	0	1562
20	2	2	20	2	4	0	1562
20	2	3	20	2	4	0	1562
20	3	1	20	3	2	2	1497
20	3	1	20	3	3	1	1497
20	3	1	20	3	4	2	1497
20	3	2	20	3	3	1	1497
20	3	2	20	3	4	3	1497
20	3	3	20	3	4	3	1497
21	1	1	21	1	2	4	1366
21	1	1	21	1	3	13	1366
21	1	1	21	1	4	11	1366
21	1	2	21	1	3	9	1366
21	1	2	21	1	4	13	1366
21	1	3	21	1	4	10	1366
22	1	1	22	1	2	0	1942
22	1	1	22	1	3	0	1942
22	1	1	22	1	4	2	1942
22	1	2	22	1	3	0	1942
22	1	2	22	1	4	2	1942
22	1	3	22	1	4	2	1942
23	1	1	23	1	2	86	2353
23	1	1	23	1	3	67	2353
23	1	1	23	1	4	110	2353
23	1	2	23	1	3	88	2353
23	1	2	23	1	4	103	2353
23	1	3	23	1	4	103	2353
23	2	1	23	2	2	0	289
23	2	1	23	2	3	0	289
23	2	1	23	2	4	0	289
23	2	2	23	2	3	0	289
23	2	2	23	2	4	0	289
23	2	3	23	2	4	0	289
24	1	1	24	1	2	0	1964
24	1	1	24	1	3	5	1964
24	1	1	24	1	4	5	1964
24	1	2	24	1	3	5	1964
24	1	2	24	1	4	5	1964
24	1	3	24	1	4	0	1964
25	1	1	25	1	2	0	892
25	1	1	25	1	3	0	892
25	1	1	25	1	4	0	892
25	1	2	25	1	3	0	892
25	1	2	25	1	4	0	892
25	1	3	25	1	4	0	892
26	1	1	26	1	2	4	1673
26	1	1	26	1	3	9	1673
26	1	1	26	1	4	10	1673
26	1	2	26	1	3	11	1673
26	1	2	26	1	4	8	1673
26	1	3	26	1	4	3	1673
27	1	1	27	1	2	0	1422
27	1	1	27	1	3	7	1422
27	1	1	27	1	4	6	1422
27	1	2	27	1	3	7	1422
27	1	2	27	1	4	6	1422
27	1	3	27	1	4	1	1422
28	1	1	28	1	2	1	1854
28	1	1	28	1	3	1	1854
28	1	1	28	1	4	1	1854
28	1	2	28	1	3	2	1854
28	1	2	28	1	4	2	1854
28	1	3	28	1	4	0	1854
29	1	1	29	1	2	11	1793
29	1	1	29	1	3	11	1793
29	1	1	29	1	4	9	1793
29	1	2	29	1	3	0	1793
29	1	2	29	1	4	10	1793
29	1	3	29	1	4	10	1793
30	1	1	30	1	2	3	1937
30	1	1	30	1	3	1	1937
30	1	1	30	1	4	4	1937
30	1	2	30	1	3	4	1937
30	1	2	30	1	4	1	1937
30	1	3	30	1	4	3	1937
31	1	1	31	1	2	6	1918
31	1	1	31	1	3	3	1918
31	1	1	31	1	4	9	1918
31	1	2	31	1	3	9	1918
31	1	2	31	1	4	3	1918
31	1	3	31	1	4	6	1918
32	1	1	32	1	2	19	1825
32	1	1	32	1	3	21	1825
32	1	1	32	1	4	26	1825
32	1	2	32	1	3	18	1825
32	1	2	32	1	4	21	1825
32	1	3	32	1	4	15	1825
33	1	1	33	1	2	0	1578
33	1	1	33	1	3	1	1578
33	1	1	33	1	4	1	1578
33	1	2	33	1	3	1	1578
33	1	2	33	1	4	1	1578
33	1	3	33	1	4	0	1578
33	2	1	33	2	2	0	773
33	2	1	33	2	3	3	773
33	2	1	33	2	4	3	773
33	2	2	33	2	3	3	773
33	2	2	33	2	4	3	773
33	2	3	33	2	4	0	773
34	1	1	34	1	2	0	1791
34	1	1	34	1	3	1	1791
34	1	1	34	1	4	1	1791
34	1	2	34	1	3	1	1791
34	1	2	34	1	4	1	1791
34	1	3	34	1	4	0	1791
35	1	1	35	1	2	4	1819
35	1	1	35	1	3	1	1819
35	1	1	35	1	4	5	1819
35	1	2	35	1	3	5	1819
35	1	2	35	1	4	1	1819
35	1	3	35	1	4	4	1819
36	1	1	36	1	2	3	2334
36	1	1	36	1	3	3	2334
36	1	1	36	1	4	3	2334
36	1	2	36	1	3	0	2334
36	1	2	36	1	4	0	2334
36	1	3	36	1	4	0	2334
37	1	1	37	1	2	2	1238
37	1	1	37	1	3	6	1238
37	1	1	37	1	4	5	1238
37	1	2	37	1	3	4	1238
37	1	2	37	1	4	3	1238
37	1	3	37	1	4	1	1238
38	1	1	38	1	2	0	1508
38	1	1	38	1	3	0	1508
38	1	1	38	1	4	0	1508
38	1	2	38	1	3	0	1508
38	1	2	38	1	4	0	1508
38	1	3	38	1	4	0	1508
39	1	1	39	1	2	18	2006
39	1	1	39	1	3	21	2006
39	1	1	39	1	4	25	2006
39	1	2	39	1	3	22	2006
39	1	2	39	1	4	27	2006
39	1	3	39	1	4	22	2006
40	1	1	40	1	2	0	887
40	1	1	40	1	3	0	887
40	1	1	40	1	4	0	887
40	1	2	40	1	3	0	887
40	1	2	40	1	4	0	887
40	1	3	40	1	4	0	887
40	2	1	40	2	2	0	861
40	2	1	40	2	3	1	861
40	2	1	40	2	4	1	861
40	2	2	40	2	3	1	861
40	2	2	40	2	4	1	861
40	2	3	40	2	4	1	861
40	3	1	40	3	2	0	985
40	3	1	40	3	3	0	985
40	3	1	40	3	4	0	985
40	3	2	40	3	3	0	985
40	3	2	40	3	4	0	985
40	3	3	40	3	4	0	985
40	4	1	40	4	2	0	1797
40	4	1	40	4	3	1	1797
40	4	1	40	4	4	1	1797
40	4	2	40	4	3	1	1797
40	4	2	40	4	4	1	1797
40	4	3	40	4	4	0	1797
41	1	1	41	1	2	0	1652
41	1	1	41	1	3	0	1652
41	1	1	41	1	4	0	1652
41	1	2	41	1	3	0	1652
41	1	2	41	1	4	0	1652
41	1	3	41	1	4	0	1652
42	1	1	42	1	2	239	1112
42	1	1	42	1	3	230	1112
42	1	1	42	1	4	235	1112
42	1	2	42	1	3	237	1112
42	1	2	42	1	4	227	1112
42	1	3	42	1	4	237	1112
42	2	1	42	2	2	0	512
42	2	1	42	2	3	0	512
42	2	1	42	2	4	0	512
42	2	2	42	2	3	0	512
42	2	2	42	2	4	0	512
42	2	3	42	2	4	0	512
43	1	1	43	1	2	4	1991
43	1	1	43	1	3	3	1991
43	1	1	43	1	4	7	1991
43	1	2	43	1	3	7	1991
43	1	2	43	1	4	3	1991
43	1	3	43	1	4	4	1991
43	2	1	43	2	2	1	672
43	2	1	43	2	3	1	672
43	2	1	43	2	4	1	672
43	2	2	43	2	3	1	672
43	2	2	43	2	4	1	672
43	2	3	43	2	4	0	672
44	1	1	44	1	2	0	1921
44	1	1	44	1	3	2	1921
44	1	1	44	1	4	2	1921
44	1	2	44	1	3	2	1921
44	1	2	44	1	4	2	1921
44	1	3	44	1	4	0	1921
44	2	1	44	2	2	0	689
44	2	1	44	2	3	1	689
44	2	1	44	2	4	1	689
44	2	2	44	2	3	1	689
44	2	2	44	2	4	1	689
44	2	3	44	2	4	0	689
46	1	1	46	1	2	0	1971
46	1	1	46	1	3	1	1971
46	1	1	46	1	4	1	1971
46	1	2	46	1	3	1	1971
46	1	2	46	1	4	1	1971
46	1	3	46	1	4	0	1971
47	1	1	47	1	2	0	1867
47	1	1	47	1	3	0	1867
47	1	1	47	1	4	0	1867
47	1	2	47	1	3	0	1867
47	1	2	47	1	4	0	1867
47	1	3	47	1	4	0	1867
48	1	1	48	1	2	1	1596
48	1	1	48	1	3	2	1596
48	1	1	48	1	4	3	1596
48	1	2	48	1	3	3	1596
48	1	2	48	1	4	2	1596
48	1	3	48	1	4	1	1596
49	1	1	49	1	2	4	2014
49	1	1	49	1	3	4	2014
49	1	1	49	1	4	2	2014
49	1	2	49	1	3	0	2014
49	1	2	49	1	4	4	2014
49	1	3	49	1	4	4	2014
50	1	1	50	1	2	0	1917
50	1	1	50	1	3	1	1917
50	1	1	50	1	4	4	1917
50	1	2	50	1	3	1	1917
50	1	2	50	1	4	4	1917
50	1	3	50	1	4	3	1917
51	1	1	51	1	2	0	1983
51	1	1	51	1	3	9	1983
51	1	1	51	1	4	9	1983
51	1	2	51	1	3	9	1983
51	1	2	51	1	4	9	1983
51	1	3	51	1	4	0	1983
52	1	1	52	1	2	5	2190
52	1	1	52	1	3	2	2190
52	1	1	52	1	4	3	2190
52	1	2	52	1	3	3	2190
52	1	2	52	1	4	4	2190
52	1	3	52	1	4	3	2190
54	1	1	54	1	2	0	1405
54	1	1	54	1	3	1	1405
54	1	1	54	1	4	1	1405
54	1	2	54	1	3	1	1405
54	1	2	54	1	4	1	1405
54	1	3	54	1	4	0	1405
55	1	1	55	1	2	0	1736
55	1	1	55	1	3	1	1736
55	1	1	55	1	4	1	1736
55	1	2	55	1	3	1	1736
55	1	2	55	1	4	1	1736
55	1	3	55	1	4	0	1736
55	2	1	55	2	2	0	1197
55	2	1	55	2	3	0	1197
55	2	1	55	2	4	0	1197
55	2	2	55	2	3	0	1197
55	2	2	55	2	4	0	1197
55	2	3	55	2	4	0	1197
56	1	1	56	1	2	4	1967
56	1	1	56	1	3	1	1967
56	1	1	56	1	4	5	1967
56	1	2	56	1	3	5	1967
56	1	2	56	1	4	1	1967
56	1	3	56	1	4	4	1967
57	1	1	57	1	2	245	2171
57	1	1	57	1	3	247	2171
57	1	1	57	1	4	251	2171
57	1	2	57	1	3	255	2171
57	1	2	57	1	4	254	2171
57	1	3	57	1	4	248	2171
58	1	1	58	1	2	0	1900
58	1	1	58	1	3	1	1900
58	1	1	58	1	4	1	1900
58	1	2	58	1	3	1	1900
58	1	2	58	1	4	1	1900
58	1	3	58	1	4	0	1900
60	1	1	60	1	2	3	2131
60	1	1	60	1	3	3	2131
60	1	1	60	1	4	2	2131
60	1	2	60	1	3	2	2131
60	1	2	60	1	4	3	2131
60	1	3	60	1	4	1	2131
61	1	1	61	1	2	2	1934
61	1	1	61	1	3	1	1934
61	1	1	61	1	4	3	1934
61	1	2	61	1	3	3	1934
61	1	2	61	1	4	1	1934
61	1	3	61	1	4	2	1934
62	1	1	62	1	2	0	1982
62	1	1	62	1	3	1	1982
62	1	1	62	1	4	1	1982
62	1	2	62	1	3	1	1982
62	1	2	62	1	4	1	1982
62	1	3	62	1	4	0	1982
63	1	1	63	1	2	0	1915
63	1	1	63	1	3	0	1915
63	1	1	63	1	4	0	1915
63	1	2	63	1	3	0	1915
63	1	2	63	1	4	0	1915
63	1	3	63	1	4	0	1915
64	1	1	64	1	2	0	2025
64	1	1	64	1	3	1	2025
64	1	1	64	1	4	1	2025
64	1	2	64	1	3	1	2025
64	1	2	64	1	4	1	2025
64	1	3	64	1	4	0	2025
65	1	1	65	1	2	0	2089
65	1	1	65	1	3	0	2089
65	1	1	65	1	4	0	2089
65	1	2	65	1	3	0	2089
65	1	2	65	1	4	0	2089
65	1	3	65	1	4	0	2089
65	2	1	65	2	2	0	643
65	2	1	65	2	3	0	643
65	2	1	65	2	4	0	643
65	2	2	65	2	3	0	643
65	2	2	65	2	4	0	643
65	2	3	65	2	4	0	643
66	1	1	66	1	2	131	1502
66	1	1	66	1	3	134	1502
66	1	1	66	1	4	133	1502
66	1	2	66	1	3	133	1502
66	1	2	66	1	4	132	1502
66	1	3	66	1	4	139	1502
67	1	1	67	1	2	0	2168
67	1	1	67	1	3	0	2168
67	1	1	67	1	4	0	2168
67	1	2	67	1	3	0	2168
67	1	2	67	1	4	0	2168
67	1	3	67	1	4	0	2168
68	1	1	68	1	2	0	1488
68	1	1	68	1	3	0	1488
68	1	1	68	1	4	0	1488
68	1	2	68	1	3	0	1488
68	1	2	68	1	4	0	1488
68	1	3	68	1	4	0	1488
68	2	1	68	2	2	0	1568
68	2	1	68	2	3	0	1568
68	2	1	68	2	4	0	1568
68	2	2	68	2	3	0	1568
68	2	2	68	2	4	0	1568
68	2	3	68	2	4	0	1568
69	1	1	69	1	2	0	1969
69	1	1	69	1	3	0	1969
69	1	1	69	1	4	0	1969
69	1	2	69	1	3	0	1969
69	1	2	69	1	4	0	1969
69	1	3	69	1	4	0	1969
69	2	1	69	2	2	0	1315
69	2	1	69	2	3	0	1315
69	2	1	69	2	4	0	1315
69	2	2	69	2	3	0	1315
69	2	2	69	2	4	0	1315
69	2	3	69	2	4	0	1315
69	3	1	69	3	2	0	1054
69	3	1	69	3	3	0	1054
69	3	1	69	3	4	0	1054
69	3	2	69	3	3	0	1054
69	3	2	69	3	4	0	1054
69	3	3	69	3	4	0	1054
70	1	1	70	1	2	0	1192
70	1	1	70	1	3	1	1192
70	1	1	70	1	4	1	1192
70	1	2	70	1	3	1	1192
70	1	2	70	1	4	1	1192
70	1	3	70	1	4	0	1192
71	1	1	71	1	2	0	1387
71	1	1	71	1	3	0	1387
71	1	1	71	1	4	0	1387
71	1	2	71	1	3	0	1387
71	1	2	71	1	4	0	1387
71	1	3	71	1	4	0	1387
72	1	1	72	1	2	0	1680
72	1	1	72	1	3	1	1680
72	1	1	72	1	4	1	1680
72	1	2	72	1	3	1	1680
72	1	2	72	1	4	1	1680
72	1	3	72	1	4	0	1680
73	1	1	73	1	2	0	2043
73	1	1	73	1	3	0	2043
73	1	1	73	1	4	0	2043
73	1	2	73	1	3	0	2043
73	1	2	73	1	4	0	2043
73	1	3	73	1	4	0	2043
74	1	1	74	1	2	0	728
74	1	1	74	1	3	0	728
74	1	1	74	1	4	0	728
74	1	2	74	1	3	0	728
74	1	2	74	1	4	0	728
74	1	3	74	1	4	0	728
74	2	1	74	2	2	0	525
74	2	1	74	2	3	0	525
74	2	1	74	2	4	0	525
74	2	2	74	2	3	0	525
74	2	2	74	2	4	0	525
74	2	3	74	2	4	0	525
75	1	1	75	1	2	8	2121
75	1	1	75	1	3	8	2121
75	1	1	75	1	4	13	2121
75	1	2	75	1	3	10	2121
75	1	2	75	1	4	8	2121
75	1	3	75	1	4	8	2121
75	2	1	75	2	2	2	888
75	2	1	75	2	3	6	888
75	2	1	75	2	4	6	888
75	2	2	75	2	3	5	888
75	2	2	75	2	4	5	888
75	2	3	75	2	4	0	888
75	3	1	75	3	2	2	739
75	3	1	75	3	3	2	739
75	3	1	75	3	4	5	739
75	3	2	75	3	3	0	739
75	3	2	75	3	4	6	739
75	3	3	75	3	4	6	739
76	1	1	76	1	2	0	2023
76	1	1	76	1	3	0	2023
76	1	1	76	1	4	0	2023
76	1	2	76	1	3	0	2023
76	1	2	76	1	4	0	2023
76	1	3	76	1	4	0	2023
78	1	1	78	1	2	0	1648
78	1	1	78	1	3	1	1648
78	1	1	78	1	4	1	1648
78	1	2	78	1	3	1	1648
78	1	2	78	1	4	1	1648
78	1	3	78	1	4	0	1648
78	2	1	78	2	2	1	631
78	2	1	78	2	3	1	631
78	2	1	78	2	4	1	631
78	2	2	78	2	3	2	631
78	2	2	78	2	4	2	631
78	2	3	78	2	4	0	631
80	1	1	80	1	2	0	1178
80	1	1	80	1	3	3	1178
80	1	1	80	1	4	3	1178
80	1	2	80	1	3	3	1178
80	1	2	80	1	4	3	1178
80	1	3	80	1	4	0	1178
81	1	1	81	1	2	0	1924
81	1	1	81	1	3	1	1924
81	1	1	81	1	4	1	1924
81	1	2	81	1	3	1	1924
81	1	2	81	1	4	1	1924
81	1	3	81	1	4	0	1924
82	1	1	82	1	2	2	1841
82	1	1	82	1	3	3	1841
82	1	1	82	1	4	5	1841
82	1	2	82	1	3	5	1841
82	1	2	82	1	4	3	1841
82	1	3	82	1	4	3	1841
83	1	1	83	1	2	0	1462
83	1	1	83	1	3	1	1462
83	1	1	83	1	4	1	1462
83	1	2	83	1	3	1	1462
83	1	2	83	1	4	1	1462
83	1	3	83	1	4	0	1462
84	1	1	84	1	2	0	2174
84	1	1	84	1	3	2	2174
84	1	1	84	1	4	2	2174
84	1	2	84	1	3	2	2174
84	1	2	84	1	4	2	2174
84	1	3	84	1	4	0	2174
84	2	1	84	2	2	0	1591
84	2	1	84	2	3	0	1591
84	2	1	84	2	4	0	1591
84	2	2	84	2	3	0	1591
84	2	2	84	2	4	0	1591
84	2	3	84	2	4	0	1591
84	3	1	84	3	2	0	771
84	3	1	84	3	3	1	771
84	3	1	84	3	4	1	771
84	3	2	84	3	3	1	771
84	3	2	84	3	4	1	771
84	3	3	84	3	4	0	771
85	1	1	85	1	2	0	1452
85	1	1	85	1	3	6	1452
85	1	1	85	1	4	6	1452
85	1	2	85	1	3	6	1452
85	1	2	85	1	4	6	1452
85	1	3	85	1	4	0	1452
86	1	1	86	1	2	2	2366
86	1	1	86	1	3	1	2366
86	1	1	86	1	4	1	2366
86	1	2	86	1	3	3	2366
86	1	2	86	1	4	3	2366
86	1	3	86	1	4	0	2366
88	1	1	88	1	2	36	1042
88	1	1	88	1	3	64	1042
88	1	1	88	1	4	71	1042
88	1	2	88	1	3	92	1042
88	1	2	88	1	4	71	1042
88	1	3	88	1	4	64	1042
88	2	1	88	2	2	0	1003
88	2	1	88	2	3	1	1003
88	2	1	88	2	4	1	1003
88	2	2	88	2	3	1	1003
88	2	2	88	2	4	1	1003
88	2	3	88	2	4	0	1003
88	3	1	88	3	2	0	793
88	3	1	88	3	3	0	793
88	3	1	88	3	4	0	793
88	3	2	88	3	3	0	793
88	3	2	88	3	4	0	793
88	3	3	88	3	4	0	793
88	4	1	88	4	2	0	538
88	4	1	88	4	3	0	538
88	4	1	88	4	4	0	538
88	4	2	88	4	3	0	538
88	4	2	88	4	4	0	538
88	4	3	88	4	4	0	538
88	5	1	88	5	2	0	646
88	5	1	88	5	3	0	646
88	5	1	88	5	4	0	646
88	5	2	88	5	3	0	646
88	5	2	88	5	4	0	646
88	5	3	88	5	4	0	646
88	6	1	88	6	2	0	309
88	6	1	88	6	3	0	309
88	6	1	88	6	4	0	309
88	6	2	88	6	3	0	309
88	6	2	88	6	4	0	309
88	6	3	88	6	4	0	309
89	1	1	89	1	2	0	1507
89	1	1	89	1	3	1	1507
89	1	1	89	1	4	1	1507
89	1	2	89	1	3	1	1507
89	1	2	89	1	4	1	1507
89	1	3	89	1	4	0	1507
90	1	1	90	1	2	0	1850
90	1	1	90	1	3	5	1850
90	1	1	90	1	4	5	1850
90	1	2	90	1	3	5	1850
90	1	2	90	1	4	5	1850
90	1	3	90	1	4	0	1850
91	1	1	91	1	2	6	1896
91	1	1	91	1	3	9	1896
91	1	1	91	1	4	12	1896
91	1	2	91	1	3	12	1896
91	1	2	91	1	4	9	1896
91	1	3	91	1	4	3	1896
92	1	1	92	1	2	482	2651
92	1	1	92	1	3	467	2651
92	1	1	92	1	4	457	2651
92	1	2	92	1	3	493	2651
92	1	2	92	1	4	477	2651
92	1	3	92	1	4	480	2651
93	1	1	93	1	2	0	1624
93	1	1	93	1	3	0	1624
93	1	1	93	1	4	0	1624
93	1	2	93	1	3	0	1624
93	1	2	93	1	4	0	1624
93	1	3	93	1	4	0	1624
94	1	1	94	1	2	2	1677
94	1	1	94	1	3	4	1677
94	1	1	94	1	4	7	1677
94	1	2	94	1	3	6	1677
94	1	2	94	1	4	5	1677
94	1	3	94	1	4	3	1677
95	1	1	95	1	2	2	2041
95	1	1	95	1	3	2	2041
95	1	1	95	1	4	3	2041
95	1	2	95	1	3	3	2041
95	1	2	95	1	4	2	2041
95	1	3	95	1	4	1	2041
96	1	1	96	1	2	0	1613
96	1	1	96	1	3	2	1613
96	1	1	96	1	4	2	1613
96	1	2	96	1	3	2	1613
96	1	2	96	1	4	2	1613
96	1	3	96	1	4	0	1613
96	2	1	96	2	2	0	1071
96	2	1	96	2	3	2	1071
96	2	1	96	2	4	2	1071
96	2	2	96	2	3	2	1071
96	2	2	96	2	4	2	1071
96	2	3	96	2	4	0	1071
98	1	1	98	1	2	9	2068
98	1	1	98	1	3	10	2068
98	1	1	98	1	4	3	2068
98	1	2	98	1	3	1	2068
98	1	2	98	1	4	8	2068
98	1	3	98	1	4	7	2068
98	2	1	98	2	2	0	693
98	2	1	98	2	3	0	693
98	2	1	98	2	4	0	693
98	2	2	98	2	3	0	693
98	2	2	98	2	4	0	693
98	2	3	98	2	4	0	693
99	1	1	99	1	2	1	1840
99	1	1	99	1	3	2	1840
99	1	1	99	1	4	2	1840
99	1	2	99	1	3	1	1840
99	1	2	99	1	4	1	1840
99	1	3	99	1	4	0	1840
100	1	1	100	1	2	4	2056
100	1	1	100	1	3	7	2056
100	1	1	100	1	4	6	2056
100	1	2	100	1	3	6	2056
100	1	2	100	1	4	5	2056
100	1	3	100	1	4	1	2056
101	1	1	101	1	2	1	1983
101	1	1	101	1	3	1	1983
101	1	1	101	1	4	3	1983
101	1	2	101	1	3	2	1983
101	1	2	101	1	4	2	1983
101	1	3	101	1	4	2	1983
102	1	1	102	1	2	33	1946
102	1	1	102	1	3	36	1946
102	1	1	102	1	4	33	1946
102	1	2	102	1	3	45	1946
102	1	2	102	1	4	35	1946
102	1	3	102	1	4	37	1946
102	2	1	102	2	2	0	364
102	2	1	102	2	3	0	364
102	2	1	102	2	4	0	364
102	2	2	102	2	3	0	364
102	2	2	102	2	4	0	364
102	2	3	102	2	4	0	364
103	1	1	103	1	2	2	574
103	1	1	103	1	3	2	574
103	1	1	103	1	4	2	574
103	1	2	103	1	3	0	574
103	1	2	103	1	4	0	574
103	1	3	103	1	4	0	574
104	1	1	104	1	2	8	1696
104	1	1	104	1	3	7	1696
104	1	1	104	1	4	10	1696
104	1	2	104	1	3	11	1696
104	1	2	104	1	4	14	1696
104	1	3	104	1	4	8	1696
104	2	1	104	2	2	0	1174
104	2	1	104	2	3	0	1174
104	2	1	104	2	4	0	1174
104	2	2	104	2	3	0	1174
104	2	2	104	2	4	0	1174
104	2	3	104	2	4	0	1174
105	1	1	105	1	2	33	1792
105	1	1	105	1	3	37	1792
105	1	1	105	1	4	30	1792
105	1	2	105	1	3	26	1792
105	1	2	105	1	4	32	1792
105	1	3	105	1	4	31	1792
107	1	1	107	1	2	329	2288
107	1	1	107	1	3	327	2288
107	1	1	107	1	4	352	2288
107	1	2	107	1	3	344	2288
107	1	2	107	1	4	334	2288
107	1	3	107	1	4	339	2288
108	1	1	108	1	2	0	1300
108	1	1	108	1	3	1	1300
108	1	1	108	1	4	1	1300
108	1	2	108	1	3	1	1300
108	1	2	108	1	4	1	1300
108	1	3	108	1	4	0	1300
108	2	1	108	2	2	0	990
108	2	1	108	2	3	0	990
108	2	1	108	2	4	0	990
108	2	2	108	2	3	0	990
108	2	2	108	2	4	0	990
108	2	3	108	2	4	0	990
109	1	1	109	1	2	17	1443
109	1	1	109	1	3	16	1443
109	1	1	109	1	4	13	1443
109	1	2	109	1	3	7	1443
109	1	2	109	1	4	14	1443
109	1	3	109	1	4	16	1443
110	1	1	110	1	2	6	2070
110	1	1	110	1	3	6	2070
110	1	1	110	1	4	7	2070
110	1	2	110	1	3	4	2070
110	1	2	110	1	4	1	2070
110	1	3	110	1	4	3	2070
111	1	1	111	1	2	0	1232
111	1	1	111	1	3	0	1232
111	1	1	111	1	4	1	1232
111	1	2	111	1	3	0	1232
111	1	2	111	1	4	1	1232
111	1	3	111	1	4	1	1232
112	1	1	112	1	2	8	1764
112	1	1	112	1	3	9	1764
112	1	1	112	1	4	2	1764
112	1	2	112	1	3	1	1764
112	1	2	112	1	4	8	1764
112	1	3	112	1	4	9	1764
113	1	1	113	1	2	2	1192
113	1	1	113	1	3	1	1192
113	1	1	113	1	4	3	1192
113	1	2	113	1	3	3	1192
113	1	2	113	1	4	1	1192
113	1	3	113	1	4	2	1192
114	1	1	114	1	2	2	1580
114	1	1	114	1	3	1	1580
114	1	1	114	1	4	3	1580
114	1	2	114	1	3	3	1580
114	1	2	114	1	4	1	1580
114	1	3	114	1	4	2	1580
115	1	1	115	1	2	4	1832
115	1	1	115	1	3	4	1832
115	1	1	115	1	4	5	1832
115	1	2	115	1	3	8	1832
115	1	2	115	1	4	1	1832
115	1	3	115	1	4	7	1832
118	1	1	118	1	2	0	2024
118	1	1	118	1	3	0	2024
118	1	1	118	1	4	0	2024
118	1	2	118	1	3	0	2024
118	1	2	118	1	4	0	2024
118	1	3	118	1	4	0	2024
119	1	1	119	1	2	9	1987
119	1	1	119	1	3	6	1987
119	1	1	119	1	4	3	1987
119	1	2	119	1	3	3	1987
119	1	2	119	1	4	6	1987
119	1	3	119	1	4	3	1987
121	1	1	121	1	2	3	1599
121	1	1	121	1	3	1	1599
121	1	1	121	1	4	4	1599
121	1	2	121	1	3	4	1599
121	1	2	121	1	4	1	1599
121	1	3	121	1	4	3	1599
122	1	1	122	1	2	3	1841
122	1	1	122	1	3	7	1841
122	1	1	122	1	4	7	1841
122	1	2	122	1	3	4	1841
122	1	2	122	1	4	4	1841
122	1	3	122	1	4	0	1841
123	1	1	123	1	2	3	1427
123	1	1	123	1	3	2	1427
123	1	1	123	1	4	2	1427
123	1	2	123	1	3	1	1427
123	1	2	123	1	4	1	1427
123	1	3	123	1	4	0	1427
124	1	1	124	1	2	3	2104
124	1	1	124	1	3	3	2104
124	1	1	124	1	4	4	2104
124	1	2	124	1	3	2	2104
124	1	2	124	1	4	1	2104
124	1	3	124	1	4	1	2104
125	1	1	125	1	2	1	2045
125	1	1	125	1	3	3	2045
125	1	1	125	1	4	4	2045
125	1	2	125	1	3	4	2045
125	1	2	125	1	4	3	2045
125	1	3	125	1	4	1	2045
126	1	1	126	1	2	0	2667
126	1	1	126	1	3	1	2667
126	1	1	126	1	4	1	2667
126	1	2	126	1	3	1	2667
126	1	2	126	1	4	1	2667
126	1	3	126	1	4	0	2667
127	1	1	127	1	2	13	1460
127	1	1	127	1	3	15	1460
127	1	1	127	1	4	11	1460
127	1	2	127	1	3	8	1460
127	1	2	127	1	4	12	1460
127	1	3	127	1	4	4	1460
128	1	1	128	1	2	1	2032
128	1	1	128	1	3	1	2032
128	1	1	128	1	4	1	2032
128	1	2	128	1	3	0	2032
128	1	2	128	1	4	0	2032
128	1	3	128	1	4	0	2032
129	1	1	129	1	2	15	1912
129	1	1	129	1	3	22	1912
129	1	1	129	1	4	13	1912
129	1	2	129	1	3	12	1912
129	1	2	129	1	4	13	1912
129	1	3	129	1	4	13	1912
130	1	1	130	1	2	0	2323
130	1	1	130	1	3	3	2323
130	1	1	130	1	4	3	2323
130	1	2	130	1	3	3	2323
130	1	2	130	1	4	3	2323
130	1	3	130	1	4	0	2323
131	1	1	131	1	2	0	1659
131	1	1	131	1	3	2	1659
131	1	1	131	1	4	2	1659
131	1	2	131	1	3	2	1659
131	1	2	131	1	4	2	1659
131	1	3	131	1	4	0	1659
132	1	1	132	1	2	0	1526
132	1	1	132	1	3	0	1526
132	1	1	132	1	4	0	1526
132	1	2	132	1	3	0	1526
132	1	2	132	1	4	0	1526
132	1	3	132	1	4	0	1526
133	1	1	133	1	2	0	1433
133	1	1	133	1	3	1	1433
133	1	1	133	1	4	1	1433
133	1	2	133	1	3	1	1433
133	1	2	133	1	4	1	1433
133	1	3	133	1	4	0	1433
135	1	1	135	1	2	1	2282
135	1	1	135	1	3	2	2282
135	1	1	135	1	4	2	2282
135	1	2	135	1	3	1	2282
135	1	2	135	1	4	1	2282
135	1	3	135	1	4	0	2282
136	1	1	136	1	2	5	1626
136	1	1	136	1	3	3	1626
136	1	1	136	1	4	4	1626
136	1	2	136	1	3	4	1626
136	1	2	136	1	4	3	1626
136	1	3	136	1	4	5	1626
137	1	1	137	1	2	0	1635
137	1	1	137	1	3	0	1635
137	1	1	137	1	4	0	1635
137	1	2	137	1	3	0	1635
137	1	2	137	1	4	0	1635
137	1	3	137	1	4	0	1635
137	2	1	137	2	2	2	1535
137	2	1	137	2	3	2	1535
137	2	1	137	2	4	2	1535
137	2	2	137	2	3	2	1535
137	2	2	137	2	4	2	1535
137	2	3	137	2	4	2	1535
140	1	1	140	1	2	51	1794
140	1	1	140	1	3	37	1794
140	1	1	140	1	4	46	1794
140	1	2	140	1	3	40	1794
140	1	2	140	1	4	49	1794
140	1	3	140	1	4	53	1794
141	1	1	141	1	2	1	1916
141	1	1	141	1	3	2	1916
141	1	1	141	1	4	3	1916
141	1	2	141	1	3	3	1916
141	1	2	141	1	4	2	1916
141	1	3	141	1	4	1	1916
143	1	1	143	1	2	0	1944
143	1	1	143	1	3	1	1944
143	1	1	143	1	4	1	1944
143	1	2	143	1	3	1	1944
143	1	2	143	1	4	1	1944
143	1	3	143	1	4	0	1944
144	1	1	144	1	2	0	1868
144	1	1	144	1	3	0	1868
144	1	1	144	1	4	0	1868
144	1	2	144	1	3	0	1868
144	1	2	144	1	4	0	1868
144	1	3	144	1	4	0	1868
145	1	1	145	1	2	16	1972
145	1	1	145	1	3	8	1972
145	1	1	145	1	4	11	1972
145	1	2	145	1	3	17	1972
145	1	2	145	1	4	10	1972
145	1	3	145	1	4	11	1972
146	1	1	146	1	2	8	2311
146	1	1	146	1	3	6	2311
146	1	1	146	1	4	2	2311
146	1	2	146	1	3	2	2311
146	1	2	146	1	4	6	2311
146	1	3	146	1	4	6	2311
147	1	1	147	1	2	0	995
147	1	1	147	1	3	1	995
147	1	1	147	1	4	1	995
147	1	2	147	1	3	1	995
147	1	2	147	1	4	1	995
147	1	3	147	1	4	0	995
149	1	1	149	1	2	0	1408
149	1	1	149	1	3	0	1408
149	1	1	149	1	4	0	1408
149	1	2	149	1	3	0	1408
149	1	2	149	1	4	0	1408
149	1	3	149	1	4	0	1408
149	2	1	149	2	2	0	1022
149	2	1	149	2	3	5	1022
149	2	1	149	2	4	5	1022
149	2	2	149	2	3	5	1022
149	2	2	149	2	4	5	1022
149	2	3	149	2	4	0	1022
149	3	1	149	3	2	1	900
149	3	1	149	3	3	1	900
149	3	1	149	3	4	1	900
149	3	2	149	3	3	0	900
149	3	2	149	3	4	0	900
149	3	3	149	3	4	0	900
150	1	1	150	1	2	1	1652
150	1	1	150	1	3	1	1652
150	1	1	150	1	4	2	1652
150	1	2	150	1	3	0	1652
150	1	2	150	1	4	3	1652
150	1	3	150	1	4	3	1652
151	1	1	151	1	2	0	1843
151	1	1	151	1	3	1	1843
151	1	1	151	1	4	3	1843
151	1	2	151	1	3	1	1843
151	1	2	151	1	4	3	1843
151	1	3	151	1	4	2	1843
151	2	1	151	2	2	0	1135
151	2	1	151	2	3	1	1135
151	2	1	151	2	4	1	1135
151	2	2	151	2	3	1	1135
151	2	2	151	2	4	1	1135
151	2	3	151	2	4	0	1135
152	1	1	152	1	2	17	1888
152	1	1	152	1	3	18	1888
152	1	1	152	1	4	20	1888
152	1	2	152	1	3	10	1888
152	1	2	152	1	4	25	1888
152	1	3	152	1	4	20	1888
153	1	1	153	1	2	0	1936
153	1	1	153	1	3	8	1936
153	1	1	153	1	4	8	1936
153	1	2	153	1	3	8	1936
153	1	2	153	1	4	8	1936
153	1	3	153	1	4	0	1936
153	2	1	153	2	2	0	2028
153	2	1	153	2	3	11	2028
153	2	1	153	2	4	11	2028
153	2	2	153	2	3	11	2028
153	2	2	153	2	4	11	2028
153	2	3	153	2	4	0	2028
153	3	1	153	3	2	0	953
153	3	1	153	3	3	3	953
153	3	1	153	3	4	3	953
153	3	2	153	3	3	3	953
153	3	2	153	3	4	3	953
153	3	3	153	3	4	0	953
154	1	1	154	1	2	0	965
154	1	1	154	1	3	0	965
154	1	1	154	1	4	0	965
154	1	2	154	1	3	0	965
154	1	2	154	1	4	0	965
154	1	3	154	1	4	0	965
155	1	1	155	1	2	7	1557
155	1	1	155	1	3	3	1557
155	1	1	155	1	4	9	1557
155	1	2	155	1	3	6	1557
155	1	2	155	1	4	3	1557
155	1	3	155	1	4	9	1557
155	2	1	155	2	2	0	1056
155	2	1	155	2	3	0	1056
155	2	1	155	2	4	0	1056
155	2	2	155	2	3	0	1056
155	2	2	155	2	4	0	1056
155	2	3	155	2	4	0	1056
156	1	1	156	1	2	0	1634
156	1	1	156	1	3	1	1634
156	1	1	156	1	4	1	1634
156	1	2	156	1	3	1	1634
156	1	2	156	1	4	1	1634
156	1	3	156	1	4	0	1634
157	1	1	157	1	2	1	2118
157	1	1	157	1	3	4	2118
157	1	1	157	1	4	4	2118
157	1	2	157	1	3	5	2118
157	1	2	157	1	4	5	2118
157	1	3	157	1	4	0	2118
158	1	1	158	1	2	0	1948
158	1	1	158	1	3	1	1948
158	1	1	158	1	4	1	1948
158	1	2	158	1	3	1	1948
158	1	2	158	1	4	1	1948
158	1	3	158	1	4	0	1948
159	1	1	159	1	2	1	1943
159	1	1	159	1	3	3	1943
159	1	1	159	1	4	4	1943
159	1	2	159	1	3	4	1943
159	1	2	159	1	4	3	1943
159	1	3	159	1	4	1	1943
159	2	1	159	2	2	13	848
159	2	1	159	2	3	13	848
159	2	1	159	2	4	16	848
159	2	2	159	2	3	12	848
159	2	2	159	2	4	21	848
159	2	3	159	2	4	14	848
159	3	1	159	3	2	0	1411
159	3	1	159	3	3	0	1411
159	3	1	159	3	4	0	1411
159	3	2	159	3	3	0	1411
159	3	2	159	3	4	0	1411
159	3	3	159	3	4	0	1411
159	4	1	159	4	2	0	671
159	4	1	159	4	3	0	671
159	4	1	159	4	4	1	671
159	4	2	159	4	3	0	671
159	4	2	159	4	4	1	671
159	4	3	159	4	4	1	671
159	5	1	159	5	2	0	462
159	5	1	159	5	3	0	462
159	5	1	159	5	4	0	462
159	5	2	159	5	3	0	462
159	5	2	159	5	4	0	462
159	5	3	159	5	4	0	462
160	1	1	160	1	2	0	1893
160	1	1	160	1	3	0	1893
160	1	1	160	1	4	0	1893
160	1	2	160	1	3	0	1893
160	1	2	160	1	4	0	1893
160	1	3	160	1	4	0	1893
160	2	1	160	2	2	0	1903
160	2	1	160	2	3	0	1903
160	2	1	160	2	4	0	1903
160	2	2	160	2	3	0	1903
160	2	2	160	2	4	0	1903
160	2	3	160	2	4	0	1903
161	1	1	161	1	2	0	2018
161	1	1	161	1	3	0	2018
161	1	1	161	1	4	0	2018
161	1	2	161	1	3	0	2018
161	1	2	161	1	4	0	2018
161	1	3	161	1	4	0	2018
161	2	1	161	2	2	0	711
161	2	1	161	2	3	0	711
161	2	1	161	2	4	0	711
161	2	2	161	2	3	0	711
161	2	2	161	2	4	0	711
161	2	3	161	2	4	0	711
161	3	1	161	3	2	0	841
161	3	1	161	3	3	0	841
161	3	1	161	3	4	0	841
161	3	2	161	3	3	0	841
161	3	2	161	3	4	0	841
161	3	3	161	3	4	0	841
161	4	1	161	4	2	0	573
161	4	1	161	4	3	0	573
161	4	1	161	4	4	0	573
161	4	2	161	4	3	0	573
161	4	2	161	4	4	0	573
161	4	3	161	4	4	0	573
164	1	1	164	1	2	143	3522
164	1	1	164	1	3	135	3522
164	1	1	164	1	4	131	3522
164	1	2	164	1	3	115	3522
164	1	2	164	1	4	140	3522
164	1	3	164	1	4	148	3522
165	1	1	165	1	2	0	1733
165	1	1	165	1	3	1	1733
165	1	1	165	1	4	1	1733
165	1	2	165	1	3	1	1733
165	1	2	165	1	4	1	1733
165	1	3	165	1	4	0	1733
166	1	1	166	1	2	0	1990
166	1	1	166	1	3	2	1990
166	1	1	166	1	4	2	1990
166	1	2	166	1	3	2	1990
166	1	2	166	1	4	2	1990
166	1	3	166	1	4	0	1990
167	1	1	167	1	2	0	1975
167	1	1	167	1	3	1	1975
167	1	1	167	1	4	1	1975
167	1	2	167	1	3	1	1975
167	1	2	167	1	4	1	1975
167	1	3	167	1	4	0	1975
167	2	1	167	2	2	0	644
167	2	1	167	2	3	0	644
167	2	1	167	2	4	0	644
167	2	2	167	2	3	0	644
167	2	2	167	2	4	0	644
167	2	3	167	2	4	0	644
169	1	1	169	1	2	0	1562
169	1	1	169	1	3	1	1562
169	1	1	169	1	4	1	1562
169	1	2	169	1	3	1	1562
169	1	2	169	1	4	1	1562
169	1	3	169	1	4	0	1562
170	1	1	170	1	2	0	2059
170	1	1	170	1	3	2	2059
170	1	1	170	1	4	2	2059
170	1	2	170	1	3	2	2059
170	1	2	170	1	4	2	2059
170	1	3	170	1	4	0	2059
171	1	1	171	1	2	2	1457
171	1	1	171	1	3	1	1457
171	1	1	171	1	4	3	1457
171	1	2	171	1	3	3	1457
171	1	2	171	1	4	1	1457
171	1	3	171	1	4	2	1457
172	1	1	172	1	2	0	1798
172	1	1	172	1	3	1	1798
172	1	1	172	1	4	1	1798
172	1	2	172	1	3	1	1798
172	1	2	172	1	4	1	1798
172	1	3	172	1	4	0	1798
173	1	1	173	1	2	0	1361
173	1	1	173	1	3	0	1361
173	1	1	173	1	4	0	1361
173	1	2	173	1	3	0	1361
173	1	2	173	1	4	0	1361
173	1	3	173	1	4	0	1361
174	1	1	174	1	2	0	2084
174	1	1	174	1	3	1	2084
174	1	1	174	1	4	1	2084
174	1	2	174	1	3	1	2084
174	1	2	174	1	4	1	2084
174	1	3	174	1	4	0	2084
175	1	1	175	1	2	0	1940
175	1	1	175	1	3	1	1940
175	1	1	175	1	4	1	1940
175	1	2	175	1	3	1	1940
175	1	2	175	1	4	1	1940
175	1	3	175	1	4	0	1940
176	1	1	176	1	2	0	2152
176	1	1	176	1	3	0	2152
176	1	1	176	1	4	0	2152
176	1	2	176	1	3	0	2152
176	1	2	176	1	4	0	2152
176	1	3	176	1	4	0	2152
177	1	1	177	1	2	5	1939
177	1	1	177	1	3	4	1939
177	1	1	177	1	4	8	1939
177	1	2	177	1	3	7	1939
177	1	2	177	1	4	3	1939
177	1	3	177	1	4	4	1939
178	1	1	178	1	2	0	1602
178	1	1	178	1	3	1	1602
178	1	1	178	1	4	1	1602
178	1	2	178	1	3	1	1602
178	1	2	178	1	4	1	1602
178	1	3	178	1	4	0	1602
178	2	1	178	2	2	0	1153
178	2	1	178	2	3	3	1153
178	2	1	178	2	4	3	1153
178	2	2	178	2	3	3	1153
178	2	2	178	2	4	3	1153
178	2	3	178	2	4	0	1153
179	1	1	179	1	2	5	2041
179	1	1	179	1	3	6	2041
179	1	1	179	1	4	11	2041
179	1	2	179	1	3	11	2041
179	1	2	179	1	4	6	2041
179	1	3	179	1	4	5	2041
180	1	1	180	1	2	2	2406
180	1	1	180	1	3	2	2406
180	1	1	180	1	4	4	2406
180	1	2	180	1	3	4	2406
180	1	2	180	1	4	2	2406
180	1	3	180	1	4	2	2406
181	1	1	181	1	2	2	2086
181	1	1	181	1	3	7	2086
181	1	1	181	1	4	8	2086
181	1	2	181	1	3	8	2086
181	1	2	181	1	4	6	2086
181	1	3	181	1	4	2	2086
182	1	1	182	1	2	0	1700
182	1	1	182	1	3	0	1700
182	1	1	182	1	4	0	1700
182	1	2	182	1	3	0	1700
182	1	2	182	1	4	0	1700
182	1	3	182	1	4	0	1700
183	1	1	183	1	2	0	1188
183	1	1	183	1	3	0	1188
183	1	1	183	1	4	0	1188
183	1	2	183	1	3	0	1188
183	1	2	183	1	4	0	1188
183	1	3	183	1	4	0	1188
184	1	1	184	1	2	0	1972
184	1	1	184	1	3	2	1972
184	1	1	184	1	4	2	1972
184	1	2	184	1	3	2	1972
184	1	2	184	1	4	2	1972
184	1	3	184	1	4	0	1972
185	1	1	185	1	2	0	1876
185	1	1	185	1	3	3	1876
185	1	1	185	1	4	3	1876
185	1	2	185	1	3	3	1876
185	1	2	185	1	4	3	1876
185	1	3	185	1	4	0	1876
186	1	1	186	1	2	6	1489
186	1	1	186	1	3	5	1489
186	1	1	186	1	4	3	1489
186	1	2	186	1	3	2	1489
186	1	2	186	1	4	5	1489
186	1	3	186	1	4	4	1489
187	1	1	187	1	2	0	1824
187	1	1	187	1	3	0	1824
187	1	1	187	1	4	0	1824
187	1	2	187	1	3	0	1824
187	1	2	187	1	4	0	1824
187	1	3	187	1	4	0	1824
188	1	1	188	1	2	0	1985
188	1	1	188	1	3	0	1985
188	1	1	188	1	4	0	1985
188	1	2	188	1	3	0	1985
188	1	2	188	1	4	0	1985
188	1	3	188	1	4	0	1985
189	1	1	189	1	2	0	1448
189	1	1	189	1	3	0	1448
189	1	1	189	1	4	0	1448
189	1	2	189	1	3	0	1448
189	1	2	189	1	4	0	1448
189	1	3	189	1	4	0	1448
189	2	1	189	2	2	3	1640
189	2	1	189	2	3	1	1640
189	2	1	189	2	4	4	1640
189	2	2	189	2	3	4	1640
189	2	2	189	2	4	2	1640
189	2	3	189	2	4	3	1640
190	1	1	190	1	2	0	1432
190	1	1	190	1	3	4	1432
190	1	1	190	1	4	4	1432
190	1	2	190	1	3	4	1432
190	1	2	190	1	4	4	1432
190	1	3	190	1	4	0	1432
192	1	1	192	1	2	0	2321
192	1	1	192	1	3	0	2321
192	1	1	192	1	4	0	2321
192	1	2	192	1	3	0	2321
192	1	2	192	1	4	0	2321
192	1	3	192	1	4	0	2321
193	1	1	193	1	2	1	1838
193	1	1	193	1	3	4	1838
193	1	1	193	1	4	5	1838
193	1	2	193	1	3	5	1838
193	1	2	193	1	4	4	1838
193	1	3	193	1	4	1	1838
194	1	1	194	1	2	0	1775
194	1	1	194	1	3	3	1775
194	1	1	194	1	4	3	1775
194	1	2	194	1	3	3	1775
194	1	2	194	1	4	3	1775
194	1	3	194	1	4	0	1775
194	2	1	194	2	2	0	832
194	2	1	194	2	3	0	832
194	2	1	194	2	4	0	832
194	2	2	194	2	3	0	832
194	2	2	194	2	4	0	832
194	2	3	194	2	4	0	832
194	3	1	194	3	2	0	651
194	3	1	194	3	3	2	651
194	3	1	194	3	4	2	651
194	3	2	194	3	3	2	651
194	3	2	194	3	4	2	651
194	3	3	194	3	4	0	651
195	1	1	195	1	2	0	1420
195	1	1	195	1	3	1	1420
195	1	1	195	1	4	1	1420
195	1	2	195	1	3	1	1420
195	1	2	195	1	4	1	1420
195	1	3	195	1	4	0	1420
195	2	1	195	2	2	0	331
195	2	1	195	2	3	0	331
195	2	1	195	2	4	0	331
195	2	2	195	2	3	0	331
195	2	2	195	2	4	0	331
195	2	3	195	2	4	0	331
196	1	1	196	1	2	0	1960
196	1	1	196	1	3	3	1960
196	1	1	196	1	4	3	1960
196	1	2	196	1	3	3	1960
196	1	2	196	1	4	3	1960
196	1	3	196	1	4	0	1960
197	1	1	197	1	2	1	1537
197	1	1	197	1	3	1	1537
197	1	1	197	1	4	2	1537
197	1	2	197	1	3	2	1537
197	1	2	197	1	4	1	1537
197	1	3	197	1	4	1	1537
197	2	1	197	2	2	1	1807
197	2	1	197	2	3	1	1807
197	2	1	197	2	4	1	1807
197	2	2	197	2	3	1	1807
197	2	2	197	2	4	1	1807
197	2	3	197	2	4	0	1807
198	1	1	198	1	2	2	1099
198	1	1	198	1	3	2	1099
198	1	1	198	1	4	4	1099
198	1	2	198	1	3	4	1099
198	1	2	198	1	4	2	1099
198	1	3	198	1	4	3	1099
199	1	1	199	1	2	0	1908
199	1	1	199	1	3	7	1908
199	1	1	199	1	4	7	1908
199	1	2	199	1	3	7	1908
199	1	2	199	1	4	7	1908
199	1	3	199	1	4	0	1908
200	1	1	200	1	2	0	1952
200	1	1	200	1	3	1	1952
200	1	1	200	1	4	1	1952
200	1	2	200	1	3	1	1952
200	1	2	200	1	4	1	1952
200	1	3	200	1	4	0	1952
201	1	1	201	1	2	0	2115
201	1	1	201	1	3	4	2115
201	1	1	201	1	4	2	2115
201	1	2	201	1	3	4	2115
201	1	2	201	1	4	2	2115
201	1	3	201	1	4	2	2115
202	1	1	202	1	2	1	2338
202	1	1	202	1	3	5	2338
202	1	1	202	1	4	5	2338
202	1	2	202	1	3	6	2338
202	1	2	202	1	4	6	2338
202	1	3	202	1	4	0	2338
203	1	1	203	1	2	4	1904
203	1	1	203	1	3	1	1904
203	1	1	203	1	4	5	1904
203	1	2	203	1	3	5	1904
203	1	2	203	1	4	1	1904
203	1	3	203	1	4	4	1904
204	1	1	204	1	2	0	1147
204	1	1	204	1	3	9	1147
204	1	1	204	1	4	9	1147
204	1	2	204	1	3	9	1147
204	1	2	204	1	4	9	1147
204	1	3	204	1	4	0	1147
205	1	1	205	1	2	0	2018
205	1	1	205	1	3	0	2018
205	1	1	205	1	4	0	2018
205	1	2	205	1	3	0	2018
205	1	2	205	1	4	0	2018
205	1	3	205	1	4	0	2018
206	1	1	206	1	2	1	2000
206	1	1	206	1	3	4	2000
206	1	1	206	1	4	5	2000
206	1	2	206	1	3	5	2000
206	1	2	206	1	4	4	2000
206	1	3	206	1	4	1	2000
207	1	1	207	1	2	1	2118
207	1	1	207	1	3	1	2118
207	1	1	207	1	4	1	2118
207	1	2	207	1	3	0	2118
207	1	2	207	1	4	2	2118
207	1	3	207	1	4	2	2118
208	1	1	208	1	2	0	2047
208	1	1	208	1	3	3	2047
208	1	1	208	1	4	3	2047
208	1	2	208	1	3	3	2047
208	1	2	208	1	4	3	2047
208	1	3	208	1	4	0	2047
209	1	1	209	1	2	2	1973
209	1	1	209	1	3	6	1973
209	1	1	209	1	4	6	1973
209	1	2	209	1	3	4	1973
209	1	2	209	1	4	4	1973
209	1	3	209	1	4	0	1973
210	1	1	210	1	2	0	1971
210	1	1	210	1	3	7	1971
210	1	1	210	1	4	7	1971
210	1	2	210	1	3	7	1971
210	1	2	210	1	4	7	1971
210	1	3	210	1	4	0	1971
211	1	1	211	1	2	7	2432
211	1	1	211	1	3	4	2432
211	1	1	211	1	4	7	2432
211	1	2	211	1	3	8	2432
211	1	2	211	1	4	5	2432
211	1	3	211	1	4	3	2432
212	1	1	212	1	2	11	1485
212	1	1	212	1	3	11	1485
212	1	1	212	1	4	18	1485
212	1	2	212	1	3	13	1485
212	1	2	212	1	4	15	1485
212	1	3	212	1	4	14	1485
214	1	1	214	1	2	17	1659
214	1	1	214	1	3	18	1659
214	1	1	214	1	4	23	1659
214	1	2	214	1	3	27	1659
214	1	2	214	1	4	25	1659
214	1	3	214	1	4	17	1659
215	1	1	215	1	2	0	1402
215	1	1	215	1	3	0	1402
215	1	1	215	1	4	0	1402
215	1	2	215	1	3	0	1402
215	1	2	215	1	4	0	1402
215	1	3	215	1	4	0	1402
215	2	1	215	2	2	2	1857
215	2	1	215	2	3	2	1857
215	2	1	215	2	4	3	1857
215	2	2	215	2	3	2	1857
215	2	2	215	2	4	1	1857
215	2	3	215	2	4	1	1857
216	1	1	216	1	2	2	1923
216	1	1	216	1	3	6	1923
216	1	1	216	1	4	8	1923
216	1	2	216	1	3	8	1923
216	1	2	216	1	4	6	1923
216	1	3	216	1	4	2	1923
218	1	1	218	1	2	0	1810
218	1	1	218	1	3	1	1810
218	1	1	218	1	4	1	1810
218	1	2	218	1	3	1	1810
218	1	2	218	1	4	1	1810
218	1	3	218	1	4	0	1810
219	1	1	219	1	2	3	1991
219	1	1	219	1	3	3	1991
219	1	1	219	1	4	1	1991
219	1	2	219	1	3	0	1991
219	1	2	219	1	4	2	1991
219	1	3	219	1	4	2	1991
220	1	1	220	1	2	2	1984
220	1	1	220	1	3	1	1984
220	1	1	220	1	4	3	1984
220	1	2	220	1	3	3	1984
220	1	2	220	1	4	1	1984
220	1	3	220	1	4	2	1984
221	1	1	221	1	2	0	1820
221	1	1	221	1	3	0	1820
221	1	1	221	1	4	0	1820
221	1	2	221	1	3	0	1820
221	1	2	221	1	4	0	1820
221	1	3	221	1	4	0	1820
222	1	1	222	1	2	3	2053
222	1	1	222	1	3	4	2053
222	1	1	222	1	4	2	2053
222	1	2	222	1	3	6	2053
222	1	2	222	1	4	2	2053
222	1	3	222	1	4	4	2053
224	1	1	224	1	2	1	1859
224	1	1	224	1	3	7	1859
224	1	1	224	1	4	10	1859
224	1	2	224	1	3	7	1859
224	1	2	224	1	4	10	1859
224	1	3	224	1	4	3	1859
225	1	1	225	1	2	1	2125
225	1	1	225	1	3	1	2125
225	1	1	225	1	4	2	2125
225	1	2	225	1	3	2	2125
225	1	2	225	1	4	1	2125
225	1	3	225	1	4	1	2125
226	1	1	226	1	2	1	1925
226	1	1	226	1	3	2	1925
226	1	1	226	1	4	5	1925
226	1	2	226	1	3	3	1925
226	1	2	226	1	4	4	1925
226	1	3	226	1	4	3	1925
227	1	1	227	1	2	2	1908
227	1	1	227	1	3	7	1908
227	1	1	227	1	4	7	1908
227	1	2	227	1	3	9	1908
227	1	2	227	1	4	9	1908
227	1	3	227	1	4	0	1908
228	1	1	228	1	2	0	2273
228	1	1	228	1	3	4	2273
228	1	1	228	1	4	4	2273
228	1	2	228	1	3	4	2273
228	1	2	228	1	4	4	2273
228	1	3	228	1	4	0	2273
228	2	1	228	2	2	0	1204
228	2	1	228	2	3	4	1204
228	2	1	228	2	4	4	1204
228	2	2	228	2	3	4	1204
228	2	2	228	2	4	4	1204
228	2	3	228	2	4	0	1204
228	3	1	228	3	2	0	612
228	3	1	228	3	3	0	612
228	3	1	228	3	4	0	612
228	3	2	228	3	3	0	612
228	3	2	228	3	4	0	612
228	3	3	228	3	4	0	612
229	1	1	229	1	2	6	2030
229	1	1	229	1	3	7	2030
229	1	1	229	1	4	7	2030
229	1	2	229	1	3	5	2030
229	1	2	229	1	4	7	2030
229	1	3	229	1	4	5	2030
230	1	1	230	1	2	0	2036
230	1	1	230	1	3	10	2036
230	1	1	230	1	4	10	2036
230	1	2	230	1	3	10	2036
230	1	2	230	1	4	10	2036
230	1	3	230	1	4	0	2036
231	1	1	231	1	2	0	1592
231	1	1	231	1	3	1	1592
231	1	1	231	1	4	1	1592
231	1	2	231	1	3	1	1592
231	1	2	231	1	4	1	1592
231	1	3	231	1	4	0	1592
231	2	1	231	2	2	0	799
231	2	1	231	2	3	0	799
231	2	1	231	2	4	0	799
231	2	2	231	2	3	0	799
231	2	2	231	2	4	0	799
231	2	3	231	2	4	0	799
232	1	1	232	1	2	0	1965
232	1	1	232	1	3	2	1965
232	1	1	232	1	4	2	1965
232	1	2	232	1	3	2	1965
232	1	2	232	1	4	2	1965
232	1	3	232	1	4	0	1965
233	1	1	233	1	2	3	1300
233	1	1	233	1	3	3	1300
233	1	1	233	1	4	3	1300
233	1	2	233	1	3	0	1300
233	1	2	233	1	4	0	1300
233	1	3	233	1	4	0	1300
234	1	1	234	1	2	0	2208
234	1	1	234	1	3	5	2208
234	1	1	234	1	4	5	2208
234	1	2	234	1	3	5	2208
234	1	2	234	1	4	5	2208
234	1	3	234	1	4	0	2208
236	1	1	236	1	2	0	2121
236	1	1	236	1	3	3	2121
236	1	1	236	1	4	3	2121
236	1	2	236	1	3	3	2121
236	1	2	236	1	4	3	2121
236	1	3	236	1	4	0	2121
238	1	1	238	1	2	0	2206
238	1	1	238	1	3	0	2206
238	1	1	238	1	4	0	2206
238	1	2	238	1	3	0	2206
238	1	2	238	1	4	0	2206
238	1	3	238	1	4	0	2206
239	1	1	239	1	2	0	2259
239	1	1	239	1	3	0	2259
239	1	1	239	1	4	0	2259
239	1	2	239	1	3	0	2259
239	1	2	239	1	4	0	2259
239	1	3	239	1	4	0	2259
240	1	1	240	1	2	1	2289
240	1	1	240	1	3	3	2289
240	1	1	240	1	4	3	2289
240	1	2	240	1	3	4	2289
240	1	2	240	1	4	2	2289
240	1	3	240	1	4	2	2289
241	1	1	241	1	2	3	1934
241	1	1	241	1	3	5	1934
241	1	1	241	1	4	6	1934
241	1	2	241	1	3	4	1934
241	1	2	241	1	4	3	1934
241	1	3	241	1	4	1	1934
242	1	1	242	1	2	0	2000
242	1	1	242	1	3	2	2000
242	1	1	242	1	4	2	2000
242	1	2	242	1	3	2	2000
242	1	2	242	1	4	2	2000
242	1	3	242	1	4	0	2000
243	1	1	243	1	2	0	1791
243	1	1	243	1	3	4	1791
243	1	1	243	1	4	5	1791
243	1	2	243	1	3	4	1791
243	1	2	243	1	4	5	1791
243	1	3	243	1	4	2	1791
243	2	1	243	2	2	0	1631
243	2	1	243	2	3	4	1631
243	2	1	243	2	4	4	1631
243	2	2	243	2	3	4	1631
243	2	2	243	2	4	4	1631
243	2	3	243	2	4	0	1631
243	3	1	243	3	2	0	784
243	3	1	243	3	3	0	784
243	3	1	243	3	4	0	784
243	3	2	243	3	3	0	784
243	3	2	243	3	4	0	784
243	3	3	243	3	4	0	784
243	4	1	243	4	2	0	665
243	4	1	243	4	3	1	665
243	4	1	243	4	4	1	665
243	4	2	243	4	3	1	665
243	4	2	243	4	4	1	665
243	4	3	243	4	4	0	665
244	1	1	244	1	2	5	701
244	1	1	244	1	3	6	701
244	1	1	244	1	4	6	701
244	1	2	244	1	3	3	701
244	1	2	244	1	4	4	701
244	1	3	244	1	4	3	701
245	1	1	245	1	2	0	1854
245	1	1	245	1	3	0	1854
245	1	1	245	1	4	0	1854
245	1	2	245	1	3	0	1854
245	1	2	245	1	4	0	1854
245	1	3	245	1	4	0	1854
245	2	1	245	2	2	5	2270
245	2	1	245	2	3	7	2270
245	2	1	245	2	4	8	2270
245	2	2	245	2	3	6	2270
245	2	2	245	2	4	6	2270
245	2	3	245	2	4	6	2270
247	1	1	247	1	2	0	1757
247	1	1	247	1	3	1	1757
247	1	1	247	1	4	1	1757
247	1	2	247	1	3	1	1757
247	1	2	247	1	4	1	1757
247	1	3	247	1	4	0	1757
250	1	1	250	1	2	1	2479
250	1	1	250	1	3	1	2479
250	1	1	250	1	4	2	2479
250	1	2	250	1	3	2	2479
250	1	2	250	1	4	1	2479
250	1	3	250	1	4	1	2479
251	1	1	251	1	2	0	2201
251	1	1	251	1	3	2	2201
251	1	1	251	1	4	3	2201
251	1	2	251	1	3	2	2201
251	1	2	251	1	4	3	2201
251	1	3	251	1	4	1	2201
252	1	1	252	1	2	30	1957
252	1	1	252	1	3	21	1957
252	1	1	252	1	4	31	1957
252	1	2	252	1	3	30	1957
252	1	2	252	1	4	30	1957
252	1	3	252	1	4	13	1957
253	1	1	253	1	2	2	1346
253	1	1	253	1	3	2	1346
253	1	1	253	1	4	2	1346
253	1	2	253	1	3	0	1346
253	1	2	253	1	4	2	1346
253	1	3	253	1	4	2	1346
254	1	1	254	1	2	0	2072
254	1	1	254	1	3	2	2072
254	1	1	254	1	4	2	2072
254	1	2	254	1	3	2	2072
254	1	2	254	1	4	2	2072
254	1	3	254	1	4	0	2072
257	1	1	257	1	2	16	1368
257	1	1	257	1	3	10	1368
257	1	1	257	1	4	10	1368
257	1	2	257	1	3	17	1368
257	1	2	257	1	4	17	1368
257	1	3	257	1	4	14	1368
259	1	1	259	1	2	0	1981
259	1	1	259	1	3	1	1981
259	1	1	259	1	4	1	1981
259	1	2	259	1	3	1	1981
259	1	2	259	1	4	1	1981
259	1	3	259	1	4	0	1981
260	1	1	260	1	2	2	2060
260	1	1	260	1	3	3	2060
260	1	1	260	1	4	4	2060
260	1	2	260	1	3	4	2060
260	1	2	260	1	4	2	2060
260	1	3	260	1	4	2	2060
261	1	1	261	1	2	2	1989
261	1	1	261	1	3	2	1989
261	1	1	261	1	4	3	1989
261	1	2	261	1	3	2	1989
261	1	2	261	1	4	1	1989
261	1	3	261	1	4	1	1989
264	1	1	264	1	2	2	1523
264	1	1	264	1	3	3	1523
264	1	1	264	1	4	4	1523
264	1	2	264	1	3	4	1523
264	1	2	264	1	4	4	1523
264	1	3	264	1	4	1	1523
265	1	1	265	1	2	0	1670
265	1	1	265	1	3	10	1670
265	1	1	265	1	4	10	1670
265	1	2	265	1	3	10	1670
265	1	2	265	1	4	10	1670
265	1	3	265	1	4	0	1670
266	1	1	266	1	2	5	1187
266	1	1	266	1	3	6	1187
266	1	1	266	1	4	7	1187
266	1	2	266	1	3	4	1187
266	1	2	266	1	4	7	1187
266	1	3	266	1	4	7	1187
267	1	1	267	1	2	2	2050
267	1	1	267	1	3	1	2050
267	1	1	267	1	4	3	2050
267	1	2	267	1	3	3	2050
267	1	2	267	1	4	1	2050
267	1	3	267	1	4	2	2050
268	1	1	268	1	2	19	1783
268	1	1	268	1	3	26	1783
268	1	1	268	1	4	20	1783
268	1	2	268	1	3	27	1783
268	1	2	268	1	4	28	1783
268	1	3	268	1	4	18	1783
269	1	1	269	1	2	2	2327
269	1	1	269	1	3	6	2327
269	1	1	269	1	4	7	2327
269	1	2	269	1	3	7	2327
269	1	2	269	1	4	5	2327
269	1	3	269	1	4	6	2327
269	2	1	269	2	2	0	1686
269	2	1	269	2	3	0	1686
269	2	1	269	2	4	0	1686
269	2	2	269	2	3	0	1686
269	2	2	269	2	4	0	1686
269	2	3	269	2	4	0	1686
269	3	1	269	3	2	0	575
269	3	1	269	3	3	0	575
269	3	1	269	3	4	0	575
269	3	2	269	3	3	0	575
269	3	2	269	3	4	0	575
269	3	3	269	3	4	0	575
270	1	1	270	1	2	6	1581
270	1	1	270	1	3	7	1581
270	1	1	270	1	4	7	1581
270	1	2	270	1	3	6	1581
270	1	2	270	1	4	6	1581
270	1	3	270	1	4	10	1581
271	1	1	271	1	2	55	1842
271	1	1	271	1	3	49	1842
271	1	1	271	1	4	43	1842
271	1	2	271	1	3	47	1842
271	1	2	271	1	4	47	1842
271	1	3	271	1	4	44	1842
271	2	1	271	2	2	276	1843
271	2	1	271	2	3	287	1843
271	2	1	271	2	4	305	1843
271	2	2	271	2	3	289	1843
271	2	2	271	2	4	298	1843
271	2	3	271	2	4	291	1843
271	3	1	271	3	2	0	800
271	3	1	271	3	3	1	800
271	3	1	271	3	4	1	800
271	3	2	271	3	3	1	800
271	3	2	271	3	4	1	800
271	3	3	271	3	4	0	800
271	4	1	271	4	2	0	777
271	4	1	271	4	3	0	777
271	4	1	271	4	4	0	777
271	4	2	271	4	3	0	777
271	4	2	271	4	4	0	777
271	4	3	271	4	4	0	777
271	5	1	271	5	2	0	1166
271	5	1	271	5	3	0	1166
271	5	1	271	5	4	0	1166
271	5	2	271	5	3	0	1166
271	5	2	271	5	4	0	1166
271	5	3	271	5	4	0	1166
271	6	1	271	6	2	0	933
271	6	1	271	6	3	0	933
271	6	1	271	6	4	0	933
271	6	2	271	6	3	0	933
271	6	2	271	6	4	0	933
271	6	3	271	6	4	0	933
271	7	1	271	7	2	0	480
271	7	1	271	7	3	1	480
271	7	1	271	7	4	1	480
271	7	2	271	7	3	1	480
271	7	2	271	7	4	1	480
271	7	3	271	7	4	0	480
272	1	1	272	1	2	77	1933
272	1	1	272	1	3	75	1933
272	1	1	272	1	4	83	1933
272	1	2	272	1	3	81	1933
272	1	2	272	1	4	81	1933
272	1	3	272	1	4	79	1933
273	1	1	273	1	2	10	2024
273	1	1	273	1	3	1	2024
273	1	1	273	1	4	11	2024
273	1	2	273	1	3	11	2024
273	1	2	273	1	4	1	2024
273	1	3	273	1	4	10	2024
274	1	1	274	1	2	0	1696
274	1	1	274	1	3	7	1696
274	1	1	274	1	4	7	1696
274	1	2	274	1	3	7	1696
274	1	2	274	1	4	7	1696
274	1	3	274	1	4	0	1696
275	1	1	275	1	2	7	1714
275	1	1	275	1	3	7	1714
275	1	1	275	1	4	11	1714
275	1	2	275	1	3	14	1714
275	1	2	275	1	4	11	1714
275	1	3	275	1	4	4	1714
276	1	1	276	1	2	1	1978
276	1	1	276	1	3	3	1978
276	1	1	276	1	4	3	1978
276	1	2	276	1	3	2	1978
276	1	2	276	1	4	2	1978
276	1	3	276	1	4	0	1978
277	1	1	277	1	2	0	1476
277	1	1	277	1	3	6	1476
277	1	1	277	1	4	6	1476
277	1	2	277	1	3	6	1476
277	1	2	277	1	4	6	1476
277	1	3	277	1	4	2	1476
278	1	1	278	1	2	49	1829
278	1	1	278	1	3	47	1829
278	1	1	278	1	4	49	1829
278	1	2	278	1	3	48	1829
278	1	2	278	1	4	57	1829
278	1	3	278	1	4	49	1829
279	1	1	279	1	2	1	1908
279	1	1	279	1	3	1	1908
279	1	1	279	1	4	2	1908
279	1	2	279	1	3	2	1908
279	1	2	279	1	4	1	1908
279	1	3	279	1	4	1	1908
280	1	1	280	1	2	3	1223
280	1	1	280	1	3	5	1223
280	1	1	280	1	4	5	1223
280	1	2	280	1	3	2	1223
280	1	2	280	1	4	2	1223
280	1	3	280	1	4	0	1223
281	1	1	281	1	2	0	1991
281	1	1	281	1	3	1	1991
281	1	1	281	1	4	1	1991
281	1	2	281	1	3	1	1991
281	1	2	281	1	4	1	1991
281	1	3	281	1	4	0	1991
282	1	1	282	1	2	0	1473
282	1	1	282	1	3	1	1473
282	1	1	282	1	4	1	1473
282	1	2	282	1	3	1	1473
282	1	2	282	1	4	1	1473
282	1	3	282	1	4	1	1473
283	1	1	283	1	2	1	2101
283	1	1	283	1	3	2	2101
283	1	1	283	1	4	3	2101
283	1	2	283	1	3	3	2101
283	1	2	283	1	4	2	2101
283	1	3	283	1	4	1	2101
284	1	1	284	1	2	0	2022
284	1	1	284	1	3	2	2022
284	1	1	284	1	4	2	2022
284	1	2	284	1	3	2	2022
284	1	2	284	1	4	2	2022
284	1	3	284	1	4	0	2022
285	1	1	285	1	2	1	1810
285	1	1	285	1	3	10	1810
285	1	1	285	1	4	10	1810
285	1	2	285	1	3	11	1810
285	1	2	285	1	4	11	1810
285	1	3	285	1	4	0	1810
285	2	1	285	2	2	1	1062
285	2	1	285	2	3	1	1062
285	2	1	285	2	4	2	1062
285	2	2	285	2	3	2	1062
285	2	2	285	2	4	1	1062
285	2	3	285	2	4	1	1062
286	1	1	286	1	2	0	1302
286	1	1	286	1	3	0	1302
286	1	1	286	1	4	0	1302
286	1	2	286	1	3	0	1302
286	1	2	286	1	4	0	1302
286	1	3	286	1	4	0	1302
286	2	1	286	2	2	0	935
286	2	1	286	2	3	0	935
286	2	1	286	2	4	0	935
286	2	2	286	2	3	0	935
286	2	2	286	2	4	0	935
286	2	3	286	2	4	0	935
287	1	1	287	1	2	0	1740
287	1	1	287	1	3	0	1740
287	1	1	287	1	4	1	1740
287	1	2	287	1	3	0	1740
287	1	2	287	1	4	1	1740
287	1	3	287	1	4	1	1740
288	1	1	288	1	2	2	2168
288	1	1	288	1	3	2	2168
288	1	1	288	1	4	4	2168
288	1	2	288	1	3	4	2168
288	1	2	288	1	4	2	2168
288	1	3	288	1	4	2	2168
289	1	1	289	1	2	0	2113
289	1	1	289	1	3	2	2113
289	1	1	289	1	4	2	2113
289	1	2	289	1	3	2	2113
289	1	2	289	1	4	2	2113
289	1	3	289	1	4	0	2113
289	2	1	289	2	2	0	1110
289	2	1	289	2	3	0	1110
289	2	1	289	2	4	0	1110
289	2	2	289	2	3	0	1110
289	2	2	289	2	4	0	1110
289	2	3	289	2	4	0	1110
290	1	1	290	1	2	0	2178
290	1	1	290	1	3	0	2178
290	1	1	290	1	4	0	2178
290	1	2	290	1	3	0	2178
290	1	2	290	1	4	0	2178
290	1	3	290	1	4	0	2178
291	1	1	291	1	2	1	1451
291	1	1	291	1	3	1	1451
291	1	1	291	1	4	2	1451
291	1	2	291	1	3	2	1451
291	1	2	291	1	4	1	1451
291	1	3	291	1	4	1	1451
292	1	1	292	1	2	1	1295
292	1	1	292	1	3	3	1295
292	1	1	292	1	4	3	1295
292	1	2	292	1	3	3	1295
292	1	2	292	1	4	2	1295
292	1	3	292	1	4	2	1295
293	1	1	293	1	2	1	1443
293	1	1	293	1	3	1	1443
293	1	1	293	1	4	2	1443
293	1	2	293	1	3	2	1443
293	1	2	293	1	4	1	1443
293	1	3	293	1	4	1	1443
294	1	1	294	1	2	0	1766
294	1	1	294	1	3	4	1766
294	1	1	294	1	4	4	1766
294	1	2	294	1	3	4	1766
294	1	2	294	1	4	4	1766
294	1	3	294	1	4	0	1766
294	2	1	294	2	2	0	1631
294	2	1	294	2	3	1	1631
294	2	1	294	2	4	1	1631
294	2	2	294	2	3	1	1631
294	2	2	294	2	4	1	1631
294	2	3	294	2	4	0	1631
295	1	1	295	1	2	0	2089
295	1	1	295	1	3	0	2089
295	1	1	295	1	4	1	2089
295	1	2	295	1	3	0	2089
295	1	2	295	1	4	1	2089
295	1	3	295	1	4	1	2089
296	1	1	296	1	2	1	2111
296	1	1	296	1	3	1	2111
296	1	1	296	1	4	2	2111
296	1	2	296	1	3	2	2111
296	1	2	296	1	4	1	2111
296	1	3	296	1	4	1	2111
297	1	1	297	1	2	0	1611
297	1	1	297	1	3	0	1611
297	1	1	297	1	4	0	1611
297	1	2	297	1	3	0	1611
297	1	2	297	1	4	0	1611
297	1	3	297	1	4	0	1611
298	1	1	298	1	2	6	1936
298	1	1	298	1	3	1	1936
298	1	1	298	1	4	7	1936
298	1	2	298	1	3	7	1936
298	1	2	298	1	4	1	1936
298	1	3	298	1	4	6	1936
298	2	1	298	2	2	0	725
298	2	1	298	2	3	0	725
298	2	1	298	2	4	1	725
298	2	2	298	2	3	0	725
298	2	2	298	2	4	1	725
298	2	3	298	2	4	1	725
299	1	1	299	1	2	2	1879
299	1	1	299	1	3	5	1879
299	1	1	299	1	4	8	1879
299	1	2	299	1	3	7	1879
299	1	2	299	1	4	6	1879
299	1	3	299	1	4	3	1879
299	2	1	299	2	2	0	1904
299	2	1	299	2	3	0	1904
299	2	1	299	2	4	0	1904
299	2	2	299	2	3	0	1904
299	2	2	299	2	4	0	1904
299	2	3	299	2	4	0	1904
300	1	1	300	1	2	0	1950
300	1	1	300	1	3	2	1950
300	1	1	300	1	4	2	1950
300	1	2	300	1	3	2	1950
300	1	2	300	1	4	2	1950
300	1	3	300	1	4	0	1950
301	1	1	301	1	2	0	2069
301	1	1	301	1	3	0	2069
301	1	1	301	1	4	0	2069
301	1	2	301	1	3	0	2069
301	1	2	301	1	4	0	2069
301	1	3	301	1	4	0	2069
301	2	1	301	2	2	0	1761
301	2	1	301	2	3	3	1761
301	2	1	301	2	4	3	1761
301	2	2	301	2	3	3	1761
301	2	2	301	2	4	3	1761
301	2	3	301	2	4	0	1761
301	3	1	301	3	2	0	1216
301	3	1	301	3	3	0	1216
301	3	1	301	3	4	0	1216
301	3	2	301	3	3	0	1216
301	3	2	301	3	4	0	1216
301	3	3	301	3	4	0	1216
302	1	1	302	1	2	9	1397
302	1	1	302	1	3	9	1397
302	1	1	302	1	4	12	1397
302	1	2	302	1	3	12	1397
302	1	2	302	1	4	5	1397
302	1	3	302	1	4	9	1397
303	1	1	303	1	2	97	2641
303	1	1	303	1	3	94	2641
303	1	1	303	1	4	87	2641
303	1	2	303	1	3	93	2641
303	1	2	303	1	4	49	2641
303	1	3	303	1	4	93	2641
304	1	1	304	1	2	0	1500
304	1	1	304	1	3	1	1500
304	1	1	304	1	4	1	1500
304	1	2	304	1	3	1	1500
304	1	2	304	1	4	1	1500
304	1	3	304	1	4	0	1500
304	2	1	304	2	2	0	1278
304	2	1	304	2	3	1	1278
304	2	1	304	2	4	1	1278
304	2	2	304	2	3	1	1278
304	2	2	304	2	4	1	1278
304	2	3	304	2	4	0	1278
304	3	1	304	3	2	0	616
304	3	1	304	3	3	0	616
304	3	1	304	3	4	0	616
304	3	2	304	3	3	0	616
304	3	2	304	3	4	0	616
304	3	3	304	3	4	0	616
305	1	1	305	1	2	20	1897
305	1	1	305	1	3	22	1897
305	1	1	305	1	4	35	1897
305	1	2	305	1	3	22	1897
305	1	2	305	1	4	31	1897
305	1	3	305	1	4	29	1897
306	1	1	306	1	2	0	2074
306	1	1	306	1	3	3	2074
306	1	1	306	1	4	3	2074
306	1	2	306	1	3	3	2074
306	1	2	306	1	4	3	2074
306	1	3	306	1	4	0	2074
307	1	1	307	1	2	6	1871
307	1	1	307	1	3	1	1871
307	1	1	307	1	4	7	1871
307	1	2	307	1	3	7	1871
307	1	2	307	1	4	1	1871
307	1	3	307	1	4	6	1871
307	2	1	307	2	2	0	1071
307	2	1	307	2	3	0	1071
307	2	1	307	2	4	0	1071
307	2	2	307	2	3	0	1071
307	2	2	307	2	4	0	1071
307	2	3	307	2	4	0	1071
309	1	1	309	1	2	0	1955
309	1	1	309	1	3	0	1955
309	1	1	309	1	4	0	1955
309	1	2	309	1	3	0	1955
309	1	2	309	1	4	0	1955
309	1	3	309	1	4	0	1955
309	2	1	309	2	2	0	1180
309	2	1	309	2	3	2	1180
309	2	1	309	2	4	2	1180
309	2	2	309	2	3	2	1180
309	2	2	309	2	4	2	1180
309	2	3	309	2	4	0	1180
309	3	1	309	3	2	0	478
309	3	1	309	3	3	0	478
309	3	1	309	3	4	0	478
309	3	2	309	3	3	0	478
309	3	2	309	3	4	0	478
309	3	3	309	3	4	0	478
311	1	1	311	1	2	10	2413
311	1	1	311	1	3	7	2413
311	1	1	311	1	4	10	2413
311	1	2	311	1	3	9	2413
311	1	2	311	1	4	8	2413
311	1	3	311	1	4	5	2413
312	1	1	312	1	2	1	1531
312	1	1	312	1	3	1	1531
312	1	1	312	1	4	2	1531
312	1	2	312	1	3	2	1531
312	1	2	312	1	4	1	1531
312	1	3	312	1	4	1	1531
313	1	1	313	1	2	0	1853
313	1	1	313	1	3	1	1853
313	1	1	313	1	4	3	1853
313	1	2	313	1	3	1	1853
313	1	2	313	1	4	3	1853
313	1	3	313	1	4	2	1853
314	1	1	314	1	2	3	1996
314	1	1	314	1	3	4	1996
314	1	1	314	1	4	7	1996
314	1	2	314	1	3	7	1996
314	1	2	314	1	4	4	1996
314	1	3	314	1	4	3	1996
315	1	1	315	1	2	193	583
315	1	1	315	1	3	186	583
315	1	1	315	1	4	179	583
315	1	2	315	1	3	200	583
315	1	2	315	1	4	176	583
315	1	3	315	1	4	183	583
316	1	1	316	1	2	8	1825
316	1	1	316	1	3	10	1825
316	1	1	316	1	4	10	1825
316	1	2	316	1	3	9	1825
316	1	2	316	1	4	7	1825
316	1	3	316	1	4	9	1825
316	2	1	316	2	2	0	1038
316	2	1	316	2	3	0	1038
316	2	1	316	2	4	0	1038
316	2	2	316	2	3	0	1038
316	2	2	316	2	4	0	1038
316	2	3	316	2	4	0	1038
318	1	1	318	1	2	0	1559
318	1	1	318	1	3	2	1559
318	1	1	318	1	4	2	1559
318	1	2	318	1	3	2	1559
318	1	2	318	1	4	2	1559
318	1	3	318	1	4	0	1559
318	2	1	318	2	2	0	840
318	2	1	318	2	3	1	840
318	2	1	318	2	4	1	840
318	2	2	318	2	3	1	840
318	2	2	318	2	4	1	840
318	2	3	318	2	4	0	840
319	1	1	319	1	2	6	2274
319	1	1	319	1	3	4	2274
319	1	1	319	1	4	6	2274
319	1	2	319	1	3	9	2274
319	1	2	319	1	4	7	2274
319	1	3	319	1	4	2	2274
320	1	1	320	1	2	9	1156
320	1	1	320	1	3	10	1156
320	1	1	320	1	4	15	1156
320	1	2	320	1	3	2	1156
320	1	2	320	1	4	8	1156
320	1	3	320	1	4	8	1156
321	1	1	321	1	2	1	1867
321	1	1	321	1	3	1	1867
321	1	1	321	1	4	7	1867
321	1	2	321	1	3	2	1867
321	1	2	321	1	4	6	1867
321	1	3	321	1	4	6	1867
322	1	1	322	1	2	2	889
322	1	1	322	1	3	4	889
322	1	1	322	1	4	3	889
322	1	2	322	1	3	4	889
322	1	2	322	1	4	4	889
322	1	3	322	1	4	2	889
323	1	1	323	1	2	0	1476
323	1	1	323	1	3	1	1476
323	1	1	323	1	4	1	1476
323	1	2	323	1	3	1	1476
323	1	2	323	1	4	1	1476
323	1	3	323	1	4	0	1476
324	1	1	324	1	2	7	1164
324	1	1	324	1	3	7	1164
324	1	1	324	1	4	10	1164
324	1	2	324	1	3	8	1164
324	1	2	324	1	4	7	1164
324	1	3	324	1	4	7	1164
325	1	1	325	1	2	3	2064
325	1	1	325	1	3	4	2064
325	1	1	325	1	4	4	2064
325	1	2	325	1	3	1	2064
325	1	2	325	1	4	1	2064
325	1	3	325	1	4	0	2064
326	1	1	326	1	2	0	2057
326	1	1	326	1	3	0	2057
326	1	1	326	1	4	0	2057
326	1	2	326	1	3	0	2057
326	1	2	326	1	4	0	2057
326	1	3	326	1	4	0	2057
327	1	1	327	1	2	10	2290
327	1	1	327	1	3	11	2290
327	1	1	327	1	4	3	2290
327	1	2	327	1	3	2	2290
327	1	2	327	1	4	10	2290
327	1	3	327	1	4	11	2290
328	1	1	328	1	2	0	1652
328	1	1	328	1	3	2	1652
328	1	1	328	1	4	2	1652
328	1	2	328	1	3	2	1652
328	1	2	328	1	4	2	1652
328	1	3	328	1	4	0	1652
328	2	1	328	2	2	0	1151
328	2	1	328	2	3	0	1151
328	2	1	328	2	4	0	1151
328	2	2	328	2	3	0	1151
328	2	2	328	2	4	0	1151
328	2	3	328	2	4	0	1151
328	3	1	328	3	2	0	485
328	3	1	328	3	3	0	485
328	3	1	328	3	4	0	485
328	3	2	328	3	3	0	485
328	3	2	328	3	4	0	485
328	3	3	328	3	4	0	485
328	4	1	328	4	2	0	510
328	4	1	328	4	3	0	510
328	4	1	328	4	4	0	510
328	4	2	328	4	3	0	510
328	4	2	328	4	4	0	510
328	4	3	328	4	4	0	510
330	1	1	330	1	2	1	1838
330	1	1	330	1	3	5	1838
330	1	1	330	1	4	7	1838
330	1	2	330	1	3	4	1838
330	1	2	330	1	4	8	1838
330	1	3	330	1	4	4	1838
333	1	1	333	1	2	0	1501
333	1	1	333	1	3	0	1501
333	1	1	333	1	4	0	1501
333	1	2	333	1	3	0	1501
333	1	2	333	1	4	0	1501
333	1	3	333	1	4	0	1501
334	1	1	334	1	2	0	2013
334	1	1	334	1	3	1	2013
334	1	1	334	1	4	1	2013
334	1	2	334	1	3	1	2013
334	1	2	334	1	4	1	2013
334	1	3	334	1	4	0	2013
335	1	1	335	1	2	3	1913
335	1	1	335	1	3	2	1913
335	1	1	335	1	4	5	1913
335	1	2	335	1	3	5	1913
335	1	2	335	1	4	2	1913
335	1	3	335	1	4	3	1913
335	2	1	335	2	2	0	1689
335	2	1	335	2	3	0	1689
335	2	1	335	2	4	1	1689
335	2	2	335	2	3	0	1689
335	2	2	335	2	4	1	1689
335	2	3	335	2	4	1	1689
337	1	1	337	1	2	0	1750
337	1	1	337	1	3	2	1750
337	1	1	337	1	4	2	1750
337	1	2	337	1	3	2	1750
337	1	2	337	1	4	2	1750
337	1	3	337	1	4	0	1750
338	1	1	338	1	2	0	1942
338	1	1	338	1	3	0	1942
338	1	1	338	1	4	0	1942
338	1	2	338	1	3	0	1942
338	1	2	338	1	4	0	1942
338	1	3	338	1	4	0	1942
339	1	1	339	1	2	3	2083
339	1	1	339	1	3	1	2083
339	1	1	339	1	4	2	2083
339	1	2	339	1	3	4	2083
339	1	2	339	1	4	4	2083
339	1	3	339	1	4	1	2083
339	2	1	339	2	2	0	700
339	2	1	339	2	3	1	700
339	2	1	339	2	4	1	700
339	2	2	339	2	3	1	700
339	2	2	339	2	4	1	700
339	2	3	339	2	4	0	700
340	1	1	340	1	2	0	1258
340	1	1	340	1	3	2	1258
340	1	1	340	1	4	3	1258
340	1	2	340	1	3	2	1258
340	1	2	340	1	4	3	1258
340	1	3	340	1	4	1	1258
340	2	1	340	2	2	0	1026
340	2	1	340	2	3	0	1026
340	2	1	340	2	4	0	1026
340	2	2	340	2	3	0	1026
340	2	2	340	2	4	0	1026
340	2	3	340	2	4	0	1026
341	1	1	341	1	2	0	1698
341	1	1	341	1	3	3	1698
341	1	1	341	1	4	2	1698
341	1	2	341	1	3	3	1698
341	1	2	341	1	4	2	1698
341	1	3	341	1	4	2	1698
342	1	1	342	1	2	0	2065
342	1	1	342	1	3	0	2065
342	1	1	342	1	4	0	2065
342	1	2	342	1	3	0	2065
342	1	2	342	1	4	0	2065
342	1	3	342	1	4	0	2065
344	1	1	344	1	2	1	1845
344	1	1	344	1	3	3	1845
344	1	1	344	1	4	4	1845
344	1	2	344	1	3	4	1845
344	1	2	344	1	4	3	1845
344	1	3	344	1	4	1	1845
345	1	1	345	1	2	0	2095
345	1	1	345	1	3	0	2095
345	1	1	345	1	4	0	2095
345	1	2	345	1	3	0	2095
345	1	2	345	1	4	0	2095
345	1	3	345	1	4	0	2095
346	1	1	346	1	2	6	2012
346	1	1	346	1	3	12	2012
346	1	1	346	1	4	7	2012
346	1	2	346	1	3	8	2012
346	1	2	346	1	4	7	2012
346	1	3	346	1	4	8	2012
347	1	1	347	1	2	0	1941
347	1	1	347	1	3	5	1941
347	1	1	347	1	4	5	1941
347	1	2	347	1	3	5	1941
347	1	2	347	1	4	5	1941
347	1	3	347	1	4	0	1941
348	1	1	348	1	2	2	1624
348	1	1	348	1	3	2	1624
348	1	1	348	1	4	6	1624
348	1	2	348	1	3	2	1624
348	1	2	348	1	4	4	1624
348	1	3	348	1	4	4	1624
348	2	1	348	2	2	6	1316
348	2	1	348	2	3	18	1316
348	2	1	348	2	4	20	1316
348	2	2	348	2	3	16	1316
348	2	2	348	2	4	17	1316
348	2	3	348	2	4	6	1316
349	1	1	349	1	2	14	1888
349	1	1	349	1	3	11	1888
349	1	1	349	1	4	8	1888
349	1	2	349	1	3	11	1888
349	1	2	349	1	4	13	1888
349	1	3	349	1	4	10	1888
350	1	1	350	1	2	1	1245
350	1	1	350	1	3	5	1245
350	1	1	350	1	4	6	1245
350	1	2	350	1	3	6	1245
350	1	2	350	1	4	5	1245
350	1	3	350	1	4	1	1245
350	2	1	350	2	2	2	973
350	2	1	350	2	3	2	973
350	2	1	350	2	4	1	973
350	2	2	350	2	3	0	973
350	2	2	350	2	4	1	973
350	2	3	350	2	4	1	973
350	3	1	350	3	2	0	838
350	3	1	350	3	3	0	838
350	3	1	350	3	4	2	838
350	3	2	350	3	3	0	838
350	3	2	350	3	4	2	838
350	3	3	350	3	4	2	838
351	1	1	351	1	2	70	1954
351	1	1	351	1	3	60	1954
351	1	1	351	1	4	68	1954
351	1	2	351	1	3	67	1954
351	1	2	351	1	4	65	1954
351	1	3	351	1	4	71	1954
352	1	1	352	1	2	1	2059
352	1	1	352	1	3	1	2059
352	1	1	352	1	4	2	2059
352	1	2	352	1	3	2	2059
352	1	2	352	1	4	1	2059
352	1	3	352	1	4	1	2059
353	1	1	353	1	2	1	1427
353	1	1	353	1	3	2	1427
353	1	1	353	1	4	3	1427
353	1	2	353	1	3	3	1427
353	1	2	353	1	4	2	1427
353	1	3	353	1	4	1	1427
354	1	1	354	1	2	7	1562
354	1	1	354	1	3	13	1562
354	1	1	354	1	4	13	1562
354	1	2	354	1	3	20	1562
354	1	2	354	1	4	6	1562
354	1	3	354	1	4	14	1562
355	1	1	355	1	2	1	2031
355	1	1	355	1	3	1	2031
355	1	1	355	1	4	2	2031
355	1	2	355	1	3	2	2031
355	1	2	355	1	4	1	2031
355	1	3	355	1	4	1	2031
356	1	1	356	1	2	9	1391
356	1	1	356	1	3	16	1391
356	1	1	356	1	4	14	1391
356	1	2	356	1	3	12	1391
356	1	2	356	1	4	12	1391
356	1	3	356	1	4	6	1391
357	1	1	357	1	2	0	2020
357	1	1	357	1	3	1	2020
357	1	1	357	1	4	1	2020
357	1	2	357	1	3	1	2020
357	1	2	357	1	4	1	2020
357	1	3	357	1	4	0	2020
358	1	1	358	1	2	9	1369
358	1	1	358	1	3	2	1369
358	1	1	358	1	4	9	1369
358	1	2	358	1	3	8	1369
358	1	2	358	1	4	2	1369
358	1	3	358	1	4	9	1369
359	1	1	359	1	2	0	1619
359	1	1	359	1	3	0	1619
359	1	1	359	1	4	0	1619
359	1	2	359	1	3	0	1619
359	1	2	359	1	4	0	1619
359	1	3	359	1	4	0	1619
361	1	1	361	1	2	3	1993
361	1	1	361	1	3	3	1993
361	1	1	361	1	4	2	1993
361	1	2	361	1	3	5	1993
361	1	2	361	1	4	2	1993
361	1	3	361	1	4	3	1993
362	1	1	362	1	2	1	1593
362	1	1	362	1	3	2	1593
362	1	1	362	1	4	2	1593
362	1	2	362	1	3	1	1593
362	1	2	362	1	4	1	1593
362	1	3	362	1	4	0	1593
362	2	1	362	2	2	1	1581
362	2	1	362	2	3	2	1581
362	2	1	362	2	4	3	1581
362	2	2	362	2	3	3	1581
362	2	2	362	2	4	2	1581
362	2	3	362	2	4	1	1581
363	1	1	363	1	2	0	1509
363	1	1	363	1	3	2	1509
363	1	1	363	1	4	3	1509
363	1	2	363	1	3	2	1509
363	1	2	363	1	4	3	1509
363	1	3	363	1	4	1	1509
364	1	1	364	1	2	1	2148
364	1	1	364	1	3	1	2148
364	1	1	364	1	4	1	2148
364	1	2	364	1	3	2	2148
364	1	2	364	1	4	2	2148
364	1	3	364	1	4	0	2148
365	1	1	365	1	2	0	1915
365	1	1	365	1	3	1	1915
365	1	1	365	1	4	1	1915
365	1	2	365	1	3	1	1915
365	1	2	365	1	4	1	1915
365	1	3	365	1	4	0	1915
366	1	1	366	1	2	0	2021
366	1	1	366	1	3	1	2021
366	1	1	366	1	4	1	2021
366	1	2	366	1	3	1	2021
366	1	2	366	1	4	1	2021
366	1	3	366	1	4	0	2021
367	1	1	367	1	2	1	2539
367	1	1	367	1	3	1	2539
367	1	1	367	1	4	2	2539
367	1	2	367	1	3	2	2539
367	1	2	367	1	4	1	2539
367	1	3	367	1	4	1	2539
367	2	1	367	2	2	0	1047
367	2	1	367	2	3	0	1047
367	2	1	367	2	4	0	1047
367	2	2	367	2	3	0	1047
367	2	2	367	2	4	0	1047
367	2	3	367	2	4	0	1047
368	1	1	368	1	2	0	1806
368	1	1	368	1	3	1	1806
368	1	1	368	1	4	1	1806
368	1	2	368	1	3	1	1806
368	1	2	368	1	4	1	1806
368	1	3	368	1	4	0	1806
369	1	1	369	1	2	2	1772
369	1	1	369	1	3	8	1772
369	1	1	369	1	4	6	1772
369	1	2	369	1	3	9	1772
369	1	2	369	1	4	7	1772
369	1	3	369	1	4	3	1772
370	1	1	370	1	2	0	1852
370	1	1	370	1	3	1	1852
370	1	1	370	1	4	1	1852
370	1	2	370	1	3	1	1852
370	1	2	370	1	4	1	1852
370	1	3	370	1	4	0	1852
371	1	1	371	1	2	8	1685
371	1	1	371	1	3	9	1685
371	1	1	371	1	4	9	1685
371	1	2	371	1	3	4	1685
371	1	2	371	1	4	9	1685
371	1	3	371	1	4	7	1685
372	1	1	372	1	2	0	2026
372	1	1	372	1	3	2	2026
372	1	1	372	1	4	2	2026
372	1	2	372	1	3	2	2026
372	1	2	372	1	4	2	2026
372	1	3	372	1	4	0	2026
373	1	1	373	1	2	0	3094
373	1	1	373	1	3	1	3094
373	1	1	373	1	4	1	3094
373	1	2	373	1	3	1	3094
373	1	2	373	1	4	1	3094
373	1	3	373	1	4	0	3094
373	2	1	373	2	2	0	656
373	2	1	373	2	3	0	656
373	2	1	373	2	4	0	656
373	2	2	373	2	3	0	656
373	2	2	373	2	4	0	656
373	2	3	373	2	4	0	656
374	1	1	374	1	2	0	1995
374	1	1	374	1	3	1	1995
374	1	1	374	1	4	1	1995
374	1	2	374	1	3	1	1995
374	1	2	374	1	4	1	1995
374	1	3	374	1	4	0	1995
375	1	1	375	1	2	3	1846
375	1	1	375	1	3	3	1846
375	1	1	375	1	4	6	1846
375	1	2	375	1	3	6	1846
375	1	2	375	1	4	3	1846
375	1	3	375	1	4	3	1846
377	1	1	377	1	2	0	2170
377	1	1	377	1	3	1	2170
377	1	1	377	1	4	1	2170
377	1	2	377	1	3	1	2170
377	1	2	377	1	4	1	2170
377	1	3	377	1	4	0	2170
378	1	1	378	1	2	0	1818
378	1	1	378	1	3	1	1818
378	1	1	378	1	4	1	1818
378	1	2	378	1	3	1	1818
378	1	2	378	1	4	1	1818
378	1	3	378	1	4	0	1818
379	1	1	379	1	2	1	1628
379	1	1	379	1	3	6	1628
379	1	1	379	1	4	6	1628
379	1	2	379	1	3	5	1628
379	1	2	379	1	4	5	1628
379	1	3	379	1	4	0	1628
380	1	1	380	1	2	3	1858
380	1	1	380	1	3	1	1858
380	1	1	380	1	4	4	1858
380	1	2	380	1	3	4	1858
380	1	2	380	1	4	1	1858
380	1	3	380	1	4	3	1858
381	1	1	381	1	2	0	2081
381	1	1	381	1	3	0	2081
381	1	1	381	1	4	0	2081
381	1	2	381	1	3	0	2081
381	1	2	381	1	4	0	2081
381	1	3	381	1	4	0	2081
382	1	1	382	1	2	0	1863
382	1	1	382	1	3	4	1863
382	1	1	382	1	4	4	1863
382	1	2	382	1	3	4	1863
382	1	2	382	1	4	4	1863
382	1	3	382	1	4	0	1863
383	1	1	383	1	2	0	1156
383	1	1	383	1	3	1	1156
383	1	1	383	1	4	1	1156
383	1	2	383	1	3	1	1156
383	1	2	383	1	4	1	1156
383	1	3	383	1	4	0	1156
384	1	1	384	1	2	0	1291
384	1	1	384	1	3	1	1291
384	1	1	384	1	4	1	1291
384	1	2	384	1	3	1	1291
384	1	2	384	1	4	1	1291
384	1	3	384	1	4	0	1291
385	1	1	385	1	2	0	1938
385	1	1	385	1	3	3	1938
385	1	1	385	1	4	1	1938
385	1	2	385	1	3	3	1938
385	1	2	385	1	4	1	1938
385	1	3	385	1	4	2	1938
386	1	1	386	1	2	0	2099
386	1	1	386	1	3	2	2099
386	1	1	386	1	4	4	2099
386	1	2	386	1	3	2	2099
386	1	2	386	1	4	4	2099
386	1	3	386	1	4	2	2099
387	1	1	387	1	2	3	1457
387	1	1	387	1	3	9	1457
387	1	1	387	1	4	9	1457
387	1	2	387	1	3	10	1457
387	1	2	387	1	4	10	1457
387	1	3	387	1	4	1	1457
388	1	1	388	1	2	1	2043
388	1	1	388	1	3	4	2043
388	1	1	388	1	4	4	2043
388	1	2	388	1	3	3	2043
388	1	2	388	1	4	3	2043
388	1	3	388	1	4	1	2043
389	1	1	389	1	2	0	1650
389	1	1	389	1	3	3	1650
389	1	1	389	1	4	1	1650
389	1	2	389	1	3	3	1650
389	1	2	389	1	4	1	1650
389	1	3	389	1	4	2	1650
389	2	1	389	2	2	1	1498
389	2	1	389	2	3	3	1498
389	2	1	389	2	4	4	1498
389	2	2	389	2	3	4	1498
389	2	2	389	2	4	3	1498
389	2	3	389	2	4	1	1498
390	1	1	390	1	2	3	1786
390	1	1	390	1	3	1	1786
390	1	1	390	1	4	4	1786
390	1	2	390	1	3	4	1786
390	1	2	390	1	4	3	1786
390	1	3	390	1	4	3	1786
391	1	1	391	1	2	17	2122
391	1	1	391	1	3	12	2122
391	1	1	391	1	4	13	2122
391	1	2	391	1	3	7	2122
391	1	2	391	1	4	9	2122
391	1	3	391	1	4	15	2122
392	1	1	392	1	2	1	1537
392	1	1	392	1	3	6	1537
392	1	1	392	1	4	6	1537
392	1	2	392	1	3	5	1537
392	1	2	392	1	4	5	1537
392	1	3	392	1	4	0	1537
392	2	1	392	2	2	0	1359
392	2	1	392	2	3	3	1359
392	2	1	392	2	4	3	1359
392	2	2	392	2	3	3	1359
392	2	2	392	2	4	3	1359
392	2	3	392	2	4	0	1359
392	3	1	392	3	2	0	699
392	3	1	392	3	3	0	699
392	3	1	392	3	4	0	699
392	3	2	392	3	3	0	699
392	3	2	392	3	4	0	699
392	3	3	392	3	4	0	699
393	1	1	393	1	2	2	1896
393	1	1	393	1	3	2	1896
393	1	1	393	1	4	2	1896
393	1	2	393	1	3	0	1896
393	1	2	393	1	4	0	1896
393	1	3	393	1	4	0	1896
394	1	1	394	1	2	1	1470
394	1	1	394	1	3	2	1470
394	1	1	394	1	4	3	1470
394	1	2	394	1	3	3	1470
394	1	2	394	1	4	2	1470
394	1	3	394	1	4	1	1470
394	2	1	394	2	2	0	1153
394	2	1	394	2	3	0	1153
394	2	1	394	2	4	1	1153
394	2	2	394	2	3	0	1153
394	2	2	394	2	4	1	1153
394	2	3	394	2	4	1	1153
395	1	1	395	1	2	0	2136
395	1	1	395	1	3	1	2136
395	1	1	395	1	4	1	2136
395	1	2	395	1	3	1	2136
395	1	2	395	1	4	1	2136
395	1	3	395	1	4	0	2136
396	1	1	396	1	2	0	2369
396	1	1	396	1	3	11	2369
396	1	1	396	1	4	10	2369
396	1	2	396	1	3	11	2369
396	1	2	396	1	4	10	2369
396	1	3	396	1	4	1	2369
399	1	1	399	1	2	0	2046
399	1	1	399	1	3	3	2046
399	1	1	399	1	4	3	2046
399	1	2	399	1	3	3	2046
399	1	2	399	1	4	3	2046
399	1	3	399	1	4	0	2046
400	1	1	400	1	2	0	2131
400	1	1	400	1	3	1	2131
400	1	1	400	1	4	1	2131
400	1	2	400	1	3	1	2131
400	1	2	400	1	4	1	2131
400	1	3	400	1	4	0	2131
402	1	1	402	1	2	0	811
402	1	1	402	1	3	2	811
402	1	1	402	1	4	2	811
402	1	2	402	1	3	2	811
402	1	2	402	1	4	2	811
402	1	3	402	1	4	0	811
402	2	1	402	2	2	0	630
402	2	1	402	2	3	0	630
402	2	1	402	2	4	0	630
402	2	2	402	2	3	0	630
402	2	2	402	2	4	0	630
402	2	3	402	2	4	0	630
403	1	1	403	1	2	0	1730
403	1	1	403	1	3	0	1730
403	1	1	403	1	4	0	1730
403	1	2	403	1	3	0	1730
403	1	2	403	1	4	0	1730
403	1	3	403	1	4	0	1730
403	2	1	403	2	2	0	272
403	2	1	403	2	3	0	272
403	2	1	403	2	4	0	272
403	2	2	403	2	3	0	272
403	2	2	403	2	4	0	272
403	2	3	403	2	4	0	272
