1	1	1	1	1	2	6	1876
1	1	1	1	1	3	3	1876
1	1	1	1	1	4	8	1876
1	1	2	1	1	3	9	1876
1	1	2	1	1	4	4	1876
1	1	3	1	1	4	5	1876
1	2	1	1	2	2	9	269
1	2	1	1	2	3	7	269
1	2	1	1	2	4	6	269
1	2	2	1	2	3	8	269
1	2	2	1	2	4	7	269
1	2	3	1	2	4	7	269
2	1	1	2	1	2	1	1788
2	1	1	2	1	3	3	1788
2	1	1	2	1	4	3	1788
2	1	2	2	1	3	2	1788
2	1	2	2	1	4	4	1788
2	1	3	2	1	4	2	1788
2	2	1	2	2	2	0	230
2	2	1	2	2	3	0	230
2	2	1	2	2	4	0	230
2	2	2	2	2	3	0	230
2	2	2	2	2	4	0	230
2	2	3	2	2	4	0	230
3	1	1	3	1	2	3	1851
3	1	1	3	1	3	1	1851
3	1	1	3	1	4	4	1851
3	1	2	3	1	3	4	1851
3	1	2	3	1	4	1	1851
3	1	3	3	1	4	3	1851
3	2	1	3	2	2	3	817
3	2	1	3	2	3	2	817
3	2	1	3	2	4	3	817
3	2	2	3	2	3	1	817
3	2	2	3	2	4	2	817
3	2	3	3	2	4	1	817
4	1	1	4	1	2	0	1752
4	1	1	4	1	3	1	1752
4	1	1	4	1	4	4	1752
4	1	2	4	1	3	1	1752
4	1	2	4	1	4	4	1752
4	1	3	4	1	4	3	1752
5	1	1	5	1	2	1	1095
5	1	1	5	1	3	1	1095
5	1	1	5	1	4	1	1095
5	1	2	5	1	3	0	1095
5	1	2	5	1	4	0	1095
5	1	3	5	1	4	0	1095
5	2	1	5	2	2	0	1075
5	2	1	5	2	3	4	1075
5	2	1	5	2	4	4	1075
5	2	2	5	2	3	4	1075
5	2	2	5	2	4	4	1075
5	2	3	5	2	4	0	1075
5	3	1	5	3	2	0	725
5	3	1	5	3	3	4	725
5	3	1	5	3	4	4	725
5	3	2	5	3	3	4	725
5	3	2	5	3	4	4	725
5	3	3	5	3	4	0	725
5	4	1	5	4	2	0	305
5	4	1	5	4	3	0	305
5	4	1	5	4	4	0	305
5	4	2	5	4	3	0	305
5	4	2	5	4	4	0	305
5	4	3	5	4	4	0	305
7	1	1	7	1	2	2	1646
7	1	1	7	1	3	2	1646
7	1	1	7	1	4	1	1646
7	1	2	7	1	3	0	1646
7	1	2	7	1	4	3	1646
7	1	3	7	1	4	3	1646
8	1	1	8	1	2	0	1699
8	1	1	8	1	3	4	1699
8	1	1	8	1	4	4	1699
8	1	2	8	1	3	4	1699
8	1	2	8	1	4	4	1699
8	1	3	8	1	4	0	1699
9	1	1	9	1	2	0	1776
9	1	1	9	1	3	1	1776
9	1	1	9	1	4	1	1776
9	1	2	9	1	3	1	1776
9	1	2	9	1	4	1	1776
9	1	3	9	1	4	0	1776
10	1	1	10	1	2	0	1096
10	1	1	10	1	3	0	1096
10	1	1	10	1	4	0	1096
10	1	2	10	1	3	0	1096
10	1	2	10	1	4	0	1096
10	1	3	10	1	4	0	1096
11	1	1	11	1	2	0	1351
11	1	1	11	1	3	0	1351
11	1	1	11	1	4	0	1351
11	1	2	11	1	3	0	1351
11	1	2	11	1	4	0	1351
11	1	3	11	1	4	0	1351
11	2	1	11	2	2	0	520
11	2	1	11	2	3	0	520
11	2	1	11	2	4	0	520
11	2	2	11	2	3	0	520
11	2	2	11	2	4	0	520
11	2	3	11	2	4	0	520
11	3	1	11	3	2	1	534
11	3	1	11	3	3	1	534
11	3	1	11	3	4	1	534
11	3	2	11	3	3	0	534
11	3	2	11	3	4	0	534
11	3	3	11	3	4	0	534
12	1	1	12	1	2	1	1750
12	1	1	12	1	3	1	1750
12	1	1	12	1	4	1	1750
12	1	2	12	1	3	0	1750
12	1	2	12	1	4	0	1750
12	1	3	12	1	4	0	1750
13	1	1	13	1	2	1	1024
13	1	1	13	1	3	2	1024
13	1	1	13	1	4	2	1024
13	1	2	13	1	3	1	1024
13	1	2	13	1	4	1	1024
13	1	3	13	1	4	2	1024
13	2	1	13	2	2	0	600
13	2	1	13	2	3	0	600
13	2	1	13	2	4	0	600
13	2	2	13	2	3	0	600
13	2	2	13	2	4	0	600
13	2	3	13	2	4	0	600
13	3	1	13	3	2	0	250
13	3	1	13	3	3	0	250
13	3	1	13	3	4	0	250
13	3	2	13	3	3	0	250
13	3	2	13	3	4	0	250
13	3	3	13	3	4	0	250
14	1	1	14	1	2	0	1894
14	1	1	14	1	3	0	1894
14	1	1	14	1	4	0	1894
14	1	2	14	1	3	0	1894
14	1	2	14	1	4	0	1894
14	1	3	14	1	4	0	1894
15	1	1	15	1	2	1	1757
15	1	1	15	1	3	8	1757
15	1	1	15	1	4	9	1757
15	1	2	15	1	3	9	1757
15	1	2	15	1	4	8	1757
15	1	3	15	1	4	1	1757
15	2	1	15	2	2	0	229
15	2	1	15	2	3	0	229
15	2	1	15	2	4	0	229
15	2	2	15	2	3	0	229
15	2	2	15	2	4	0	229
15	2	3	15	2	4	0	229
16	1	1	16	1	2	1	1576
16	1	1	16	1	3	1	1576
16	1	1	16	1	4	1	1576
16	1	2	16	1	3	0	1576
16	1	2	16	1	4	0	1576
16	1	3	16	1	4	0	1576
17	1	1	17	1	2	0	1766
17	1	1	17	1	3	3	1766
17	1	1	17	1	4	3	1766
17	1	2	17	1	3	3	1766
17	1	2	17	1	4	3	1766
17	1	3	17	1	4	0	1766
17	2	1	17	2	2	0	1881
17	2	1	17	2	3	2	1881
17	2	1	17	2	4	2	1881
17	2	2	17	2	3	2	1881
17	2	2	17	2	4	2	1881
17	2	3	17	2	4	0	1881
18	1	1	18	1	2	0	1824
18	1	1	18	1	3	0	1824
18	1	1	18	1	4	0	1824
18	1	2	18	1	3	0	1824
18	1	2	18	1	4	0	1824
18	1	3	18	1	4	0	1824
19	1	1	19	1	2	5	1859
19	1	1	19	1	3	1	1859
19	1	1	19	1	4	6	1859
19	1	2	19	1	3	6	1859
19	1	2	19	1	4	1	1859
19	1	3	19	1	4	5	1859
19	2	1	19	2	2	1	1711
19	2	1	19	2	3	1	1711
19	2	1	19	2	4	1	1711
19	2	2	19	2	3	0	1711
19	2	2	19	2	4	0	1711
19	2	3	19	2	4	0	1711
19	3	1	19	3	2	6	1467
19	3	1	19	3	3	2	1467
19	3	1	19	3	4	6	1467
19	3	2	19	3	3	7	1467
19	3	2	19	3	4	2	1467
19	3	3	19	3	4	6	1467
19	4	1	19	4	2	1	1427
19	4	1	19	4	3	1	1427
19	4	1	19	4	4	1	1427
19	4	2	19	4	3	0	1427
19	4	2	19	4	4	0	1427
19	4	3	19	4	4	0	1427
19	5	1	19	5	2	0	1138
19	5	1	19	5	3	1	1138
19	5	1	19	5	4	1	1138
19	5	2	19	5	3	1	1138
19	5	2	19	5	4	1	1138
19	5	3	19	5	4	0	1138
19	6	1	19	6	2	0	1320
19	6	1	19	6	3	1	1320
19	6	1	19	6	4	1	1320
19	6	2	19	6	3	1	1320
19	6	2	19	6	4	1	1320
19	6	3	19	6	4	0	1320
19	7	1	19	7	2	0	664
19	7	1	19	7	3	0	664
19	7	1	19	7	4	0	664
19	7	2	19	7	3	0	664
19	7	2	19	7	4	0	664
19	7	3	19	7	4	0	664
19	8	1	19	8	2	0	463
19	8	1	19	8	3	0	463
19	8	1	19	8	4	0	463
19	8	2	19	8	3	0	463
19	8	2	19	8	4	0	463
19	8	3	19	8	4	0	463
19	9	1	19	9	2	0	212
19	9	1	19	9	3	0	212
19	9	1	19	9	4	0	212
19	9	2	19	9	3	0	212
19	9	2	19	9	4	0	212
19	9	3	19	9	4	0	212
20	1	1	20	1	2	1	1556
20	1	1	20	1	3	1	1556
20	1	1	20	1	4	2	1556
20	1	2	20	1	3	2	1556
20	1	2	20	1	4	1	1556
20	1	3	20	1	4	1	1556
20	2	1	20	2	2	13	1440
20	2	1	20	2	3	12	1440
20	2	1	20	2	4	12	1440
20	2	2	20	2	3	2	1440
20	2	2	20	2	4	4	1440
20	2	3	20	2	4	4	1440
20	3	1	20	3	2	0	989
20	3	1	20	3	3	1	989
20	3	1	20	3	4	1	989
20	3	2	20	3	3	1	989
20	3	2	20	3	4	1	989
20	3	3	20	3	4	0	989
21	1	1	21	1	2	0	1097
21	1	1	21	1	3	0	1097
21	1	1	21	1	4	0	1097
21	1	2	21	1	3	0	1097
21	1	2	21	1	4	0	1097
21	1	3	21	1	4	0	1097
22	1	1	22	1	2	2	1768
22	1	1	22	1	3	1	1768
22	1	1	22	1	4	2	1768
22	1	2	22	1	3	3	1768
22	1	2	22	1	4	2	1768
22	1	3	22	1	4	1	1768
23	1	1	23	1	2	145	759
23	1	1	23	1	3	167	759
23	1	1	23	1	4	164	759
23	1	2	23	1	3	155	759
23	1	2	23	1	4	125	759
23	1	3	23	1	4	171	759
24	1	1	24	1	2	0	1635
24	1	1	24	1	3	0	1635
24	1	1	24	1	4	0	1635
24	1	2	24	1	3	0	1635
24	1	2	24	1	4	0	1635
24	1	3	24	1	4	0	1635
25	1	1	25	1	2	0	1446
25	1	1	25	1	3	1	1446
25	1	1	25	1	4	1	1446
25	1	2	25	1	3	1	1446
25	1	2	25	1	4	1	1446
25	1	3	25	1	4	0	1446
25	2	1	25	2	2	0	535
25	2	1	25	2	3	0	535
25	2	1	25	2	4	0	535
25	2	2	25	2	3	0	535
25	2	2	25	2	4	0	535
25	2	3	25	2	4	0	535
26	1	1	26	1	2	0	1287
26	1	1	26	1	3	0	1287
26	1	1	26	1	4	0	1287
26	1	2	26	1	3	0	1287
26	1	2	26	1	4	0	1287
26	1	3	26	1	4	0	1287
27	1	1	27	1	2	1	1103
27	1	1	27	1	3	3	1103
27	1	1	27	1	4	3	1103
27	1	2	27	1	3	2	1103
27	1	2	27	1	4	2	1103
27	1	3	27	1	4	0	1103
28	1	1	28	1	2	0	1641
28	1	1	28	1	3	1	1641
28	1	1	28	1	4	1	1641
28	1	2	28	1	3	1	1641
28	1	2	28	1	4	1	1641
28	1	3	28	1	4	0	1641
29	1	1	29	1	2	0	1800
29	1	1	29	1	3	13	1800
29	1	1	29	1	4	13	1800
29	1	2	29	1	3	13	1800
29	1	2	29	1	4	13	1800
29	1	3	29	1	4	0	1800
30	1	1	30	1	2	0	794
30	1	1	30	1	3	0	794
30	1	1	30	1	4	0	794
30	1	2	30	1	3	0	794
30	1	2	30	1	4	0	794
30	1	3	30	1	4	0	794
30	2	1	30	2	2	0	510
30	2	1	30	2	3	1	510
30	2	1	30	2	4	1	510
30	2	2	30	2	3	1	510
30	2	2	30	2	4	1	510
30	2	3	30	2	4	0	510
31	1	1	31	1	2	0	1734
31	1	1	31	1	3	1	1734
31	1	1	31	1	4	1	1734
31	1	2	31	1	3	1	1734
31	1	2	31	1	4	1	1734
31	1	3	31	1	4	0	1734
32	1	1	32	1	2	0	1523
32	1	1	32	1	3	0	1523
32	1	1	32	1	4	0	1523
32	1	2	32	1	3	0	1523
32	1	2	32	1	4	0	1523
32	1	3	32	1	4	0	1523
33	1	1	33	1	2	0	1479
33	1	1	33	1	3	2	1479
33	1	1	33	1	4	2	1479
33	1	2	33	1	3	2	1479
33	1	2	33	1	4	2	1479
33	1	3	33	1	4	0	1479
33	2	1	33	2	2	0	608
33	2	1	33	2	3	0	608
33	2	1	33	2	4	0	608
33	2	2	33	2	3	0	608
33	2	2	33	2	4	0	608
33	2	3	33	2	4	0	608
34	1	1	34	1	2	0	1127
34	1	1	34	1	3	0	1127
34	1	1	34	1	4	0	1127
34	1	2	34	1	3	0	1127
34	1	2	34	1	4	0	1127
34	1	3	34	1	4	0	1127
35	1	1	35	1	2	3	1674
35	1	1	35	1	3	2	1674
35	1	1	35	1	4	2	1674
35	1	2	35	1	3	1	1674
35	1	2	35	1	4	1	1674
35	1	3	35	1	4	2	1674
36	1	1	36	1	2	0	1960
36	1	1	36	1	3	0	1960
36	1	1	36	1	4	0	1960
36	1	2	36	1	3	0	1960
36	1	2	36	1	4	0	1960
36	1	3	36	1	4	0	1960
36	2	1	36	2	2	0	234
36	2	1	36	2	3	0	234
36	2	1	36	2	4	0	234
36	2	2	36	2	3	0	234
36	2	2	36	2	4	0	234
36	2	3	36	2	4	0	234
37	1	1	37	1	2	6	1165
37	1	1	37	1	3	5	1165
37	1	1	37	1	4	5	1165
37	1	2	37	1	3	1	1165
37	1	2	37	1	4	3	1165
37	1	3	37	1	4	2	1165
38	1	1	38	1	2	0	1219
38	1	1	38	1	3	3	1219
38	1	1	38	1	4	3	1219
38	1	2	38	1	3	3	1219
38	1	2	38	1	4	3	1219
38	1	3	38	1	4	0	1219
39	1	1	39	1	2	9	1827
39	1	1	39	1	3	8	1827
39	1	1	39	1	4	9	1827
39	1	2	39	1	3	5	1827
39	1	2	39	1	4	14	1827
39	1	3	39	1	4	11	1827
40	1	1	40	1	2	0	1752
40	1	1	40	1	3	0	1752
40	1	1	40	1	4	0	1752
40	1	2	40	1	3	0	1752
40	1	2	40	1	4	0	1752
40	1	3	40	1	4	0	1752
40	2	1	40	2	2	0	651
40	2	1	40	2	3	0	651
40	2	1	40	2	4	0	651
40	2	2	40	2	3	0	651
40	2	2	40	2	4	0	651
40	2	3	40	2	4	0	651
40	3	1	40	3	2	0	872
40	3	1	40	3	3	0	872
40	3	1	40	3	4	0	872
40	3	2	40	3	3	0	872
40	3	2	40	3	4	0	872
40	3	3	40	3	4	0	872
40	4	1	40	4	2	0	668
40	4	1	40	4	3	0	668
40	4	1	40	4	4	0	668
40	4	2	40	4	3	0	668
40	4	2	40	4	4	0	668
40	4	3	40	4	4	0	668
40	5	1	40	5	2	0	636
40	5	1	40	5	3	3	636
40	5	1	40	5	4	3	636
40	5	2	40	5	3	3	636
40	5	2	40	5	4	3	636
40	5	3	40	5	4	0	636
41	1	1	41	1	2	0	1571
41	1	1	41	1	3	0	1571
41	1	1	41	1	4	0	1571
41	1	2	41	1	3	0	1571
41	1	2	41	1	4	0	1571
41	1	3	41	1	4	0	1571
41	2	1	41	2	2	0	220
41	2	1	41	2	3	0	220
41	2	1	41	2	4	0	220
41	2	2	41	2	3	0	220
41	2	2	41	2	4	0	220
41	2	3	41	2	4	0	220
42	1	1	42	1	2	8	2152
42	1	1	42	1	3	5	2152
42	1	1	42	1	4	8	2152
42	1	2	42	1	3	3	2152
42	1	2	42	1	4	6	2152
42	1	3	42	1	4	5	2152
42	2	1	42	2	2	0	728
42	2	1	42	2	3	0	728
42	2	1	42	2	4	0	728
42	2	2	42	2	3	0	728
42	2	2	42	2	4	0	728
42	2	3	42	2	4	0	728
42	3	1	42	3	2	0	306
42	3	1	42	3	3	0	306
42	3	1	42	3	4	0	306
42	3	2	42	3	3	0	306
42	3	2	42	3	4	0	306
42	3	3	42	3	4	0	306
43	1	1	43	1	2	0	1747
43	1	1	43	1	3	0	1747
43	1	1	43	1	4	1	1747
43	1	2	43	1	3	0	1747
43	1	2	43	1	4	1	1747
43	1	3	43	1	4	1	1747
43	2	1	43	2	2	0	812
43	2	1	43	2	3	0	812
43	2	1	43	2	4	0	812
43	2	2	43	2	3	0	812
43	2	2	43	2	4	0	812
43	2	3	43	2	4	0	812
43	3	1	43	3	2	0	605
43	3	1	43	3	3	0	605
43	3	1	43	3	4	0	605
43	3	2	43	3	3	0	605
43	3	2	43	3	4	0	605
43	3	3	43	3	4	0	605
44	1	1	44	1	2	10	1794
44	1	1	44	1	3	12	1794
44	1	1	44	1	4	9	1794
44	1	2	44	1	3	7	1794
44	1	2	44	1	4	12	1794
44	1	3	44	1	4	9	1794
44	2	1	44	2	2	0	492
44	2	1	44	2	3	0	492
44	2	1	44	2	4	0	492
44	2	2	44	2	3	0	492
44	2	2	44	2	4	0	492
44	2	3	44	2	4	0	492
46	1	1	46	1	2	3	1780
46	1	1	46	1	3	6	1780
46	1	1	46	1	4	1	1780
46	1	2	46	1	3	3	1780
46	1	2	46	1	4	4	1780
46	1	3	46	1	4	5	1780
47	1	1	47	1	2	1	1650
47	1	1	47	1	3	1	1650
47	1	1	47	1	4	2	1650
47	1	2	47	1	3	2	1650
47	1	2	47	1	4	1	1650
47	1	3	47	1	4	1	1650
48	1	1	48	1	2	0	1507
48	1	1	48	1	3	1	1507
48	1	1	48	1	4	1	1507
48	1	2	48	1	3	1	1507
48	1	2	48	1	4	1	1507
48	1	3	48	1	4	0	1507
49	1	1	49	1	2	1	1659
49	1	1	49	1	3	1	1659
49	1	1	49	1	4	1	1659
49	1	2	49	1	3	2	1659
49	1	2	49	1	4	2	1659
49	1	3	49	1	4	0	1659
50	1	1	50	1	2	6	1776
50	1	1	50	1	3	4	1776
50	1	1	50	1	4	3	1776
50	1	2	50	1	3	6	1776
50	1	2	50	1	4	9	1776
50	1	3	50	1	4	3	1776
51	1	1	51	1	2	1	1634
51	1	1	51	1	3	7	1634
51	1	1	51	1	4	8	1634
51	1	2	51	1	3	8	1634
51	1	2	51	1	4	7	1634
51	1	3	51	1	4	3	1634
52	1	1	52	1	2	4	2054
52	1	1	52	1	3	7	2054
52	1	1	52	1	4	6	2054
52	1	2	52	1	3	8	2054
52	1	2	52	1	4	3	2054
52	1	3	52	1	4	6	2054
54	1	1	54	1	2	0	1289
54	1	1	54	1	3	1	1289
54	1	1	54	1	4	1	1289
54	1	2	54	1	3	1	1289
54	1	2	54	1	4	1	1289
54	1	3	54	1	4	0	1289
55	1	1	55	1	2	0	1486
55	1	1	55	1	3	2	1486
55	1	1	55	1	4	2	1486
55	1	2	55	1	3	2	1486
55	1	2	55	1	4	2	1486
55	1	3	55	1	4	0	1486
55	2	1	55	2	2	0	973
55	2	1	55	2	3	0	973
55	2	1	55	2	4	0	973
55	2	2	55	2	3	0	973
55	2	2	55	2	4	0	973
55	2	3	55	2	4	0	973
55	3	1	55	3	2	0	273
55	3	1	55	3	3	0	273
55	3	1	55	3	4	0	273
55	3	2	55	3	3	0	273
55	3	2	55	3	4	0	273
55	3	3	55	3	4	0	273
56	1	1	56	1	2	6	1874
56	1	1	56	1	3	5	1874
56	1	1	56	1	4	3	1874
56	1	2	56	1	3	3	1874
56	1	2	56	1	4	5	1874
56	1	3	56	1	4	4	1874
57	1	1	57	1	2	378	2208
57	1	1	57	1	3	374	2208
57	1	1	57	1	4	368	2208
57	1	2	57	1	3	376	2208
57	1	2	57	1	4	374	2208
57	1	3	57	1	4	383	2208
58	1	1	58	1	2	0	1532
58	1	1	58	1	3	0	1532
58	1	1	58	1	4	0	1532
58	1	2	58	1	3	0	1532
58	1	2	58	1	4	0	1532
58	1	3	58	1	4	0	1532
60	1	1	60	1	2	2	1797
60	1	1	60	1	3	1	1797
60	1	1	60	1	4	3	1797
60	1	2	60	1	3	1	1797
60	1	2	60	1	4	1	1797
60	1	3	60	1	4	2	1797
61	1	1	61	1	2	0	1820
61	1	1	61	1	3	0	1820
61	1	1	61	1	4	0	1820
61	1	2	61	1	3	0	1820
61	1	2	61	1	4	0	1820
61	1	3	61	1	4	0	1820
62	1	1	62	1	2	0	1653
62	1	1	62	1	3	2	1653
62	1	1	62	1	4	1	1653
62	1	2	62	1	3	2	1653
62	1	2	62	1	4	1	1653
62	1	3	62	1	4	1	1653
63	1	1	63	1	2	0	1794
63	1	1	63	1	3	0	1794
63	1	1	63	1	4	0	1794
63	1	2	63	1	3	0	1794
63	1	2	63	1	4	0	1794
63	1	3	63	1	4	0	1794
64	1	1	64	1	2	0	1757
64	1	1	64	1	3	0	1757
64	1	1	64	1	4	0	1757
64	1	2	64	1	3	0	1757
64	1	2	64	1	4	0	1757
64	1	3	64	1	4	0	1757
65	1	1	65	1	2	0	1929
65	1	1	65	1	3	0	1929
65	1	1	65	1	4	0	1929
65	1	2	65	1	3	0	1929
65	1	2	65	1	4	0	1929
65	1	3	65	1	4	0	1929
66	1	1	66	1	2	51	1031
66	1	1	66	1	3	38	1031
66	1	1	66	1	4	28	1031
66	1	2	66	1	3	48	1031
66	1	2	66	1	4	51	1031
66	1	3	66	1	4	29	1031
67	1	1	67	1	2	0	1786
67	1	1	67	1	3	0	1786
67	1	1	67	1	4	0	1786
67	1	2	67	1	3	0	1786
67	1	2	67	1	4	0	1786
67	1	3	67	1	4	0	1786
68	1	1	68	1	2	0	1370
68	1	1	68	1	3	0	1370
68	1	1	68	1	4	0	1370
68	1	2	68	1	3	0	1370
68	1	2	68	1	4	0	1370
68	1	3	68	1	4	0	1370
68	2	1	68	2	2	0	1335
68	2	1	68	2	3	0	1335
68	2	1	68	2	4	0	1335
68	2	2	68	2	3	0	1335
68	2	2	68	2	4	0	1335
68	2	3	68	2	4	0	1335
68	3	1	68	3	2	0	488
68	3	1	68	3	3	0	488
68	3	1	68	3	4	0	488
68	3	2	68	3	3	0	488
68	3	2	68	3	4	0	488
68	3	3	68	3	4	0	488
69	1	1	69	1	2	0	1679
69	1	1	69	1	3	0	1679
69	1	1	69	1	4	0	1679
69	1	2	69	1	3	0	1679
69	1	2	69	1	4	0	1679
69	1	3	69	1	4	0	1679
69	2	1	69	2	2	0	1055
69	2	1	69	2	3	0	1055
69	2	1	69	2	4	0	1055
69	2	2	69	2	3	0	1055
69	2	2	69	2	4	0	1055
69	2	3	69	2	4	0	1055
69	3	1	69	3	2	0	969
69	3	1	69	3	3	0	969
69	3	1	69	3	4	0	969
69	3	2	69	3	3	0	969
69	3	2	69	3	4	0	969
69	3	3	69	3	4	0	969
70	1	1	70	1	2	0	544
70	1	1	70	1	3	0	544
70	1	1	70	1	4	0	544
70	1	2	70	1	3	0	544
70	1	2	70	1	4	0	544
70	1	3	70	1	4	0	544
70	2	1	70	2	2	0	797
70	2	1	70	2	3	0	797
70	2	1	70	2	4	0	797
70	2	2	70	2	3	0	797
70	2	2	70	2	4	0	797
70	2	3	70	2	4	0	797
71	1	1	71	1	2	0	1346
71	1	1	71	1	3	0	1346
71	1	1	71	1	4	0	1346
71	1	2	71	1	3	0	1346
71	1	2	71	1	4	0	1346
71	1	3	71	1	4	0	1346
71	2	1	71	2	2	0	1127
71	2	1	71	2	3	0	1127
71	2	1	71	2	4	0	1127
71	2	2	71	2	3	0	1127
71	2	2	71	2	4	0	1127
71	2	3	71	2	4	0	1127
72	1	1	72	1	2	0	1381
72	1	1	72	1	3	0	1381
72	1	1	72	1	4	0	1381
72	1	2	72	1	3	0	1381
72	1	2	72	1	4	0	1381
72	1	3	72	1	4	0	1381
73	1	1	73	1	2	0	1778
73	1	1	73	1	3	0	1778
73	1	1	73	1	4	0	1778
73	1	2	73	1	3	0	1778
73	1	2	73	1	4	0	1778
73	1	3	73	1	4	0	1778
74	1	1	74	1	2	0	630
74	1	1	74	1	3	0	630
74	1	1	74	1	4	0	630
74	1	2	74	1	3	0	630
74	1	2	74	1	4	0	630
74	1	3	74	1	4	0	630
74	2	1	74	2	2	0	516
74	2	1	74	2	3	0	516
74	2	1	74	2	4	0	516
74	2	2	74	2	3	0	516
74	2	2	74	2	4	0	516
74	2	3	74	2	4	0	516
75	1	1	75	1	2	1	1618
75	1	1	75	1	3	3	1618
75	1	1	75	1	4	4	1618
75	1	2	75	1	3	4	1618
75	1	2	75	1	4	3	1618
75	1	3	75	1	4	1	1618
75	2	1	75	2	2	0	756
75	2	1	75	2	3	1	756
75	2	1	75	2	4	1	756
75	2	2	75	2	3	1	756
75	2	2	75	2	4	1	756
75	2	3	75	2	4	0	756
75	3	1	75	3	2	9	608
75	3	1	75	3	3	13	608
75	3	1	75	3	4	10	608
75	3	2	75	3	3	11	608
75	3	2	75	3	4	7	608
75	3	3	75	3	4	6	608
76	1	1	76	1	2	0	1648
76	1	1	76	1	3	0	1648
76	1	1	76	1	4	0	1648
76	1	2	76	1	3	0	1648
76	1	2	76	1	4	0	1648
76	1	3	76	1	4	0	1648
78	1	1	78	1	2	0	1313
78	1	1	78	1	3	2	1313
78	1	1	78	1	4	2	1313
78	1	2	78	1	3	2	1313
78	1	2	78	1	4	2	1313
78	1	3	78	1	4	0	1313
78	2	1	78	2	2	0	569
78	2	1	78	2	3	0	569
78	2	1	78	2	4	0	569
78	2	2	78	2	3	0	569
78	2	2	78	2	4	0	569
78	2	3	78	2	4	0	569
80	1	1	80	1	2	17	1156
80	1	1	80	1	3	16	1156
80	1	1	80	1	4	15	1156
80	1	2	80	1	3	12	1156
80	1	2	80	1	4	19	1156
80	1	3	80	1	4	13	1156
81	1	1	81	1	2	0	1669
81	1	1	81	1	3	2	1669
81	1	1	81	1	4	3	1669
81	1	2	81	1	3	2	1669
81	1	2	81	1	4	3	1669
81	1	3	81	1	4	2	1669
82	1	1	82	1	2	0	1445
82	1	1	82	1	3	8	1445
82	1	1	82	1	4	8	1445
82	1	2	82	1	3	8	1445
82	1	2	82	1	4	8	1445
82	1	3	82	1	4	0	1445
83	1	1	83	1	2	0	1220
83	1	1	83	1	3	1	1220
83	1	1	83	1	4	1	1220
83	1	2	83	1	3	1	1220
83	1	2	83	1	4	1	1220
83	1	3	83	1	4	0	1220
84	1	1	84	1	2	3	1952
84	1	1	84	1	3	4	1952
84	1	1	84	1	4	4	1952
84	1	2	84	1	3	1	1952
84	1	2	84	1	4	1	1952
84	1	3	84	1	4	0	1952
84	2	1	84	2	2	0	961
84	2	1	84	2	3	1	961
84	2	1	84	2	4	1	961
84	2	2	84	2	3	1	961
84	2	2	84	2	4	1	961
84	2	3	84	2	4	0	961
84	3	1	84	3	2	1	849
84	3	1	84	3	3	1	849
84	3	1	84	3	4	1	849
84	3	2	84	3	3	0	849
84	3	2	84	3	4	0	849
84	3	3	84	3	4	0	849
85	1	1	85	1	2	0	1419
85	1	1	85	1	3	0	1419
85	1	1	85	1	4	0	1419
85	1	2	85	1	3	0	1419
85	1	2	85	1	4	0	1419
85	1	3	85	1	4	0	1419
85	2	1	85	2	2	0	1164
85	2	1	85	2	3	0	1164
85	2	1	85	2	4	0	1164
85	2	2	85	2	3	0	1164
85	2	2	85	2	4	0	1164
85	2	3	85	2	4	0	1164
86	1	1	86	1	2	0	926
86	1	1	86	1	3	1	926
86	1	1	86	1	4	1	926
86	1	2	86	1	3	1	926
86	1	2	86	1	4	1	926
86	1	3	86	1	4	0	926
86	2	1	86	2	2	0	1020
86	2	1	86	2	3	2	1020
86	2	1	86	2	4	2	1020
86	2	2	86	2	3	2	1020
86	2	2	86	2	4	2	1020
86	2	3	86	2	4	0	1020
87	1	1	87	1	2	0	1515
87	1	1	87	1	3	1	1515
87	1	1	87	1	4	1	1515
87	1	2	87	1	3	1	1515
87	1	2	87	1	4	1	1515
87	1	3	87	1	4	0	1515
87	2	1	87	2	2	0	512
87	2	1	87	2	3	1	512
87	2	1	87	2	4	1	512
87	2	2	87	2	3	1	512
87	2	2	87	2	4	1	512
87	2	3	87	2	4	0	512
88	1	1	88	1	2	0	740
88	1	1	88	1	3	4	740
88	1	1	88	1	4	4	740
88	1	2	88	1	3	4	740
88	1	2	88	1	4	4	740
88	1	3	88	1	4	0	740
88	2	1	88	2	2	0	844
88	2	1	88	2	3	2	844
88	2	1	88	2	4	2	844
88	2	2	88	2	3	2	844
88	2	2	88	2	4	2	844
88	2	3	88	2	4	0	844
88	3	1	88	3	2	0	587
88	3	1	88	3	3	3	587
88	3	1	88	3	4	3	587
88	3	2	88	3	3	3	587
88	3	2	88	3	4	3	587
88	3	3	88	3	4	0	587
88	4	1	88	4	2	0	522
88	4	1	88	4	3	0	522
88	4	1	88	4	4	0	522
88	4	2	88	4	3	0	522
88	4	2	88	4	4	0	522
88	4	3	88	4	4	0	522
88	5	1	88	5	2	0	412
88	5	1	88	5	3	0	412
88	5	1	88	5	4	0	412
88	5	2	88	5	3	0	412
88	5	2	88	5	4	0	412
88	5	3	88	5	4	0	412
88	6	1	88	6	2	0	470
88	6	1	88	6	3	0	470
88	6	1	88	6	4	0	470
88	6	2	88	6	3	0	470
88	6	2	88	6	4	0	470
88	6	3	88	6	4	0	470
88	7	1	88	7	2	0	430
88	7	1	88	7	3	0	430
88	7	1	88	7	4	0	430
88	7	2	88	7	3	0	430
88	7	2	88	7	4	0	430
88	7	3	88	7	4	0	430
88	8	1	88	8	2	0	291
88	8	1	88	8	3	0	291
88	8	1	88	8	4	0	291
88	8	2	88	8	3	0	291
88	8	2	88	8	4	0	291
88	8	3	88	8	4	0	291
89	1	1	89	1	2	0	1015
89	1	1	89	1	3	1	1015
89	1	1	89	1	4	1	1015
89	1	2	89	1	3	1	1015
89	1	2	89	1	4	1	1015
89	1	3	89	1	4	0	1015
90	1	1	90	1	2	0	1642
90	1	1	90	1	3	0	1642
90	1	1	90	1	4	0	1642
90	1	2	90	1	3	0	1642
90	1	2	90	1	4	0	1642
90	1	3	90	1	4	0	1642
91	1	1	91	1	2	8	1804
91	1	1	91	1	3	3	1804
91	1	1	91	1	4	17	1804
91	1	2	91	1	3	11	1804
91	1	2	91	1	4	9	1804
91	1	3	91	1	4	15	1804
92	1	1	92	1	2	1	1760
92	1	1	92	1	3	1	1760
92	1	1	92	1	4	4	1760
92	1	2	92	1	3	0	1760
92	1	2	92	1	4	3	1760
92	1	3	92	1	4	3	1760
93	1	1	93	1	2	0	1422
93	1	1	93	1	3	0	1422
93	1	1	93	1	4	0	1422
93	1	2	93	1	3	0	1422
93	1	2	93	1	4	0	1422
93	1	3	93	1	4	0	1422
94	1	1	94	1	2	2	1573
94	1	1	94	1	3	4	1573
94	1	1	94	1	4	4	1573
94	1	2	94	1	3	3	1573
94	1	2	94	1	4	3	1573
94	1	3	94	1	4	0	1573
95	1	1	95	1	2	0	1819
95	1	1	95	1	3	0	1819
95	1	1	95	1	4	0	1819
95	1	2	95	1	3	0	1819
95	1	2	95	1	4	0	1819
95	1	3	95	1	4	0	1819
96	1	1	96	1	2	3	1538
96	1	1	96	1	3	3	1538
96	1	1	96	1	4	1	1538
96	1	2	96	1	3	0	1538
96	1	2	96	1	4	2	1538
96	1	3	96	1	4	2	1538
98	1	1	98	1	2	0	1890
98	1	1	98	1	3	0	1890
98	1	1	98	1	4	0	1890
98	1	2	98	1	3	0	1890
98	1	2	98	1	4	0	1890
98	1	3	98	1	4	0	1890
98	2	1	98	2	2	0	710
98	2	1	98	2	3	0	710
98	2	1	98	2	4	0	710
98	2	2	98	2	3	0	710
98	2	2	98	2	4	0	710
98	2	3	98	2	4	0	710
99	1	1	99	1	2	0	1616
99	1	1	99	1	3	1	1616
99	1	1	99	1	4	1	1616
99	1	2	99	1	3	1	1616
99	1	2	99	1	4	1	1616
99	1	3	99	1	4	0	1616
100	1	1	100	1	2	4	1676
100	1	1	100	1	3	6	1676
100	1	1	100	1	4	2	1676
100	1	2	100	1	3	4	1676
100	1	2	100	1	4	6	1676
100	1	3	100	1	4	6	1676
101	1	1	101	1	2	2	1896
101	1	1	101	1	3	4	1896
101	1	1	101	1	4	6	1896
101	1	2	101	1	3	6	1896
101	1	2	101	1	4	4	1896
101	1	3	101	1	4	2	1896
102	1	1	102	1	2	0	1884
102	1	1	102	1	3	0	1884
102	1	1	102	1	4	0	1884
102	1	2	102	1	3	0	1884
102	1	2	102	1	4	0	1884
102	1	3	102	1	4	0	1884
102	2	1	102	2	2	0	680
102	2	1	102	2	3	3	680
102	2	1	102	2	4	3	680
102	2	2	102	2	3	3	680
102	2	2	102	2	4	3	680
102	2	3	102	2	4	0	680
102	3	1	102	3	2	0	240
102	3	1	102	3	3	0	240
102	3	1	102	3	4	0	240
102	3	2	102	3	3	0	240
102	3	2	102	3	4	0	240
102	3	3	102	3	4	0	240
102	4	1	102	4	2	0	150
102	4	1	102	4	3	0	150
102	4	1	102	4	4	0	150
102	4	2	102	4	3	0	150
102	4	2	102	4	4	0	150
102	4	3	102	4	4	0	150
103	1	1	103	1	2	4	1381
103	1	1	103	1	3	3	1381
103	1	1	103	1	4	5	1381
103	1	2	103	1	3	5	1381
103	1	2	103	1	4	3	1381
103	1	3	103	1	4	4	1381
103	2	1	103	2	2	0	678
103	2	1	103	2	3	0	678
103	2	1	103	2	4	1	678
103	2	2	103	2	3	0	678
103	2	2	103	2	4	1	678
103	2	3	103	2	4	1	678
103	3	1	103	3	2	0	811
103	3	1	103	3	3	0	811
103	3	1	103	3	4	0	811
103	3	2	103	3	3	0	811
103	3	2	103	3	4	0	811
103	3	3	103	3	4	0	811
104	1	1	104	1	2	0	1377
104	1	1	104	1	3	0	1377
104	1	1	104	1	4	0	1377
104	1	2	104	1	3	0	1377
104	1	2	104	1	4	0	1377
104	1	3	104	1	4	0	1377
104	2	1	104	2	2	0	611
104	2	1	104	2	3	0	611
104	2	1	104	2	4	0	611
104	2	2	104	2	3	0	611
104	2	2	104	2	4	0	611
104	2	3	104	2	4	0	611
104	3	1	104	3	2	0	273
104	3	1	104	3	3	0	273
104	3	1	104	3	4	0	273
104	3	2	104	3	3	0	273
104	3	2	104	3	4	0	273
104	3	3	104	3	4	0	273
105	1	1	105	1	2	16	1544
105	1	1	105	1	3	18	1544
105	1	1	105	1	4	19	1544
105	1	2	105	1	3	17	1544
105	1	2	105	1	4	18	1544
105	1	3	105	1	4	15	1544
107	1	1	107	1	2	0	1235
107	1	1	107	1	3	3	1235
107	1	1	107	1	4	4	1235
107	1	2	107	1	3	3	1235
107	1	2	107	1	4	4	1235
107	1	3	107	1	4	1	1235
108	1	1	108	1	2	1	1011
108	1	1	108	1	3	2	1011
108	1	1	108	1	4	3	1011
108	1	2	108	1	3	3	1011
108	1	2	108	1	4	2	1011
108	1	3	108	1	4	1	1011
108	2	1	108	2	2	0	833
108	2	1	108	2	3	0	833
108	2	1	108	2	4	0	833
108	2	2	108	2	3	0	833
108	2	2	108	2	4	0	833
108	2	3	108	2	4	0	833
109	1	1	109	1	2	0	1220
109	1	1	109	1	3	0	1220
109	1	1	109	1	4	0	1220
109	1	2	109	1	3	0	1220
109	1	2	109	1	4	0	1220
109	1	3	109	1	4	0	1220
110	1	1	110	1	2	4	1918
110	1	1	110	1	3	1	1918
110	1	1	110	1	4	4	1918
110	1	2	110	1	3	5	1918
110	1	2	110	1	4	4	1918
110	1	3	110	1	4	3	1918
111	1	1	111	1	2	0	997
111	1	1	111	1	3	1	997
111	1	1	111	1	4	1	997
111	1	2	111	1	3	1	997
111	1	2	111	1	4	1	997
111	1	3	111	1	4	0	997
112	1	1	112	1	2	0	1495
112	1	1	112	1	3	0	1495
112	1	1	112	1	4	1	1495
112	1	2	112	1	3	0	1495
112	1	2	112	1	4	1	1495
112	1	3	112	1	4	1	1495
113	1	1	113	1	2	0	967
113	1	1	113	1	3	0	967
113	1	1	113	1	4	0	967
113	1	2	113	1	3	0	967
113	1	2	113	1	4	0	967
113	1	3	113	1	4	0	967
114	1	1	114	1	2	0	1439
114	1	1	114	1	3	0	1439
114	1	1	114	1	4	0	1439
114	1	2	114	1	3	0	1439
114	1	2	114	1	4	0	1439
114	1	3	114	1	4	0	1439
115	1	1	115	1	2	0	1725
115	1	1	115	1	3	0	1725
115	1	1	115	1	4	0	1725
115	1	2	115	1	3	0	1725
115	1	2	115	1	4	0	1725
115	1	3	115	1	4	0	1725
118	1	1	118	1	2	0	1728
118	1	1	118	1	3	1	1728
118	1	1	118	1	4	1	1728
118	1	2	118	1	3	1	1728
118	1	2	118	1	4	1	1728
118	1	3	118	1	4	0	1728
119	1	1	119	1	2	1	1714
119	1	1	119	1	3	8	1714
119	1	1	119	1	4	9	1714
119	1	2	119	1	3	9	1714
119	1	2	119	1	4	8	1714
119	1	3	119	1	4	1	1714
120	1	1	120	1	2	4	1434
120	1	1	120	1	3	4	1434
120	1	1	120	1	4	2	1434
120	1	2	120	1	3	0	1434
120	1	2	120	1	4	6	1434
120	1	3	120	1	4	6	1434
121	1	1	121	1	2	2	1295
121	1	1	121	1	3	3	1295
121	1	1	121	1	4	3	1295
121	1	2	121	1	3	1	1295
121	1	2	121	1	4	3	1295
121	1	3	121	1	4	2	1295
122	1	1	122	1	2	0	1746
122	1	1	122	1	3	0	1746
122	1	1	122	1	4	0	1746
122	1	2	122	1	3	0	1746
122	1	2	122	1	4	0	1746
122	1	3	122	1	4	0	1746
123	1	1	123	1	2	0	1329
123	1	1	123	1	3	0	1329
123	1	1	123	1	4	0	1329
123	1	2	123	1	3	0	1329
123	1	2	123	1	4	0	1329
123	1	3	123	1	4	0	1329
124	1	1	124	1	2	0	1800
124	1	1	124	1	3	0	1800
124	1	1	124	1	4	0	1800
124	1	2	124	1	3	0	1800
124	1	2	124	1	4	0	1800
124	1	3	124	1	4	0	1800
125	1	1	125	1	2	0	1813
125	1	1	125	1	3	0	1813
125	1	1	125	1	4	0	1813
125	1	2	125	1	3	0	1813
125	1	2	125	1	4	0	1813
125	1	3	125	1	4	0	1813
126	1	1	126	1	2	0	2413
126	1	1	126	1	3	0	2413
126	1	1	126	1	4	0	2413
126	1	2	126	1	3	0	2413
126	1	2	126	1	4	0	2413
126	1	3	126	1	4	0	2413
127	1	1	127	1	2	0	1212
127	1	1	127	1	3	0	1212
127	1	1	127	1	4	0	1212
127	1	2	127	1	3	0	1212
127	1	2	127	1	4	0	1212
127	1	3	127	1	4	0	1212
128	1	1	128	1	2	0	1811
128	1	1	128	1	3	0	1811
128	1	1	128	1	4	0	1811
128	1	2	128	1	3	0	1811
128	1	2	128	1	4	0	1811
128	1	3	128	1	4	0	1811
129	1	1	129	1	2	10	1769
129	1	1	129	1	3	6	1769
129	1	1	129	1	4	15	1769
129	1	2	129	1	3	10	1769
129	1	2	129	1	4	11	1769
129	1	3	129	1	4	13	1769
130	1	1	130	1	2	1	2177
130	1	1	130	1	3	1	2177
130	1	1	130	1	4	2	2177
130	1	2	130	1	3	2	2177
130	1	2	130	1	4	1	2177
130	1	3	130	1	4	1	2177
131	1	1	131	1	2	3	1343
131	1	1	131	1	3	3	1343
131	1	1	131	1	4	3	1343
131	1	2	131	1	3	2	1343
131	1	2	131	1	4	2	1343
131	1	3	131	1	4	2	1343
132	1	1	132	1	2	0	1134
132	1	1	132	1	3	4	1134
132	1	1	132	1	4	4	1134
132	1	2	132	1	3	4	1134
132	1	2	132	1	4	4	1134
132	1	3	132	1	4	0	1134
133	1	1	133	1	2	0	1173
133	1	1	133	1	3	2	1173
133	1	1	133	1	4	1	1173
133	1	2	133	1	3	2	1173
133	1	2	133	1	4	1	1173
133	1	3	133	1	4	1	1173
135	1	1	135	1	2	4	2071
135	1	1	135	1	3	4	2071
135	1	1	135	1	4	4	2071
135	1	2	135	1	3	4	2071
135	1	2	135	1	4	4	2071
135	1	3	135	1	4	4	2071
136	1	1	136	1	2	0	1303
136	1	1	136	1	3	8	1303
136	1	1	136	1	4	8	1303
136	1	2	136	1	3	8	1303
136	1	2	136	1	4	8	1303
136	1	3	136	1	4	0	1303
137	1	1	137	1	2	0	1703
137	1	1	137	1	3	0	1703
137	1	1	137	1	4	0	1703
137	1	2	137	1	3	0	1703
137	1	2	137	1	4	0	1703
137	1	3	137	1	4	0	1703
137	2	1	137	2	2	0	612
137	2	1	137	2	3	0	612
137	2	1	137	2	4	0	612
137	2	2	137	2	3	0	612
137	2	2	137	2	4	0	612
137	2	3	137	2	4	0	612
137	3	1	137	3	2	0	408
137	3	1	137	3	3	0	408
137	3	1	137	3	4	0	408
137	3	2	137	3	3	0	408
137	3	2	137	3	4	0	408
137	3	3	137	3	4	0	408
140	1	1	140	1	2	3	1661
140	1	1	140	1	3	2	1661
140	1	1	140	1	4	5	1661
140	1	2	140	1	3	5	1661
140	1	2	140	1	4	2	1661
140	1	3	140	1	4	3	1661
140	2	1	140	2	2	0	239
140	2	1	140	2	3	0	239
140	2	1	140	2	4	0	239
140	2	2	140	2	3	0	239
140	2	2	140	2	4	0	239
140	2	3	140	2	4	0	239
141	1	1	141	1	2	0	1648
141	1	1	141	1	3	1	1648
141	1	1	141	1	4	1	1648
141	1	2	141	1	3	1	1648
141	1	2	141	1	4	1	1648
141	1	3	141	1	4	0	1648
143	1	1	143	1	2	0	1731
143	1	1	143	1	3	0	1731
143	1	1	143	1	4	0	1731
143	1	2	143	1	3	0	1731
143	1	2	143	1	4	0	1731
143	1	3	143	1	4	0	1731
144	1	1	144	1	2	0	1639
144	1	1	144	1	3	0	1639
144	1	1	144	1	4	0	1639
144	1	2	144	1	3	0	1639
144	1	2	144	1	4	0	1639
144	1	3	144	1	4	0	1639
145	1	1	145	1	2	1	1607
145	1	1	145	1	3	4	1607
145	1	1	145	1	4	3	1607
145	1	2	145	1	3	3	1607
145	1	2	145	1	4	2	1607
145	1	3	145	1	4	1	1607
145	2	1	145	2	2	0	316
145	2	1	145	2	3	0	316
145	2	1	145	2	4	0	316
145	2	2	145	2	3	0	316
145	2	2	145	2	4	0	316
145	2	3	145	2	4	0	316
146	1	1	146	1	2	0	2070
146	1	1	146	1	3	0	2070
146	1	1	146	1	4	0	2070
146	1	2	146	1	3	0	2070
146	1	2	146	1	4	0	2070
146	1	3	146	1	4	0	2070
147	1	1	147	1	2	0	789
147	1	1	147	1	3	0	789
147	1	1	147	1	4	0	789
147	1	2	147	1	3	0	789
147	1	2	147	1	4	0	789
147	1	3	147	1	4	0	789
148	1	1	148	1	2	0	1815
148	1	1	148	1	3	1	1815
148	1	1	148	1	4	1	1815
148	1	2	148	1	3	1	1815
148	1	2	148	1	4	1	1815
148	1	3	148	1	4	0	1815
149	1	1	149	1	2	0	1101
149	1	1	149	1	3	1	1101
149	1	1	149	1	4	1	1101
149	1	2	149	1	3	1	1101
149	1	2	149	1	4	1	1101
149	1	3	149	1	4	0	1101
149	2	1	149	2	2	0	1046
149	2	1	149	2	3	0	1046
149	2	1	149	2	4	0	1046
149	2	2	149	2	3	0	1046
149	2	2	149	2	4	0	1046
149	2	3	149	2	4	0	1046
149	3	1	149	3	2	0	681
149	3	1	149	3	3	0	681
149	3	1	149	3	4	0	681
149	3	2	149	3	3	0	681
149	3	2	149	3	4	0	681
149	3	3	149	3	4	0	681
150	1	1	150	1	2	0	1433
150	1	1	150	1	3	1	1433
150	1	1	150	1	4	1	1433
150	1	2	150	1	3	1	1433
150	1	2	150	1	4	1	1433
150	1	3	150	1	4	1	1433
151	1	1	151	1	2	0	1568
151	1	1	151	1	3	0	1568
151	1	1	151	1	4	0	1568
151	1	2	151	1	3	0	1568
151	1	2	151	1	4	0	1568
151	1	3	151	1	4	0	1568
151	2	1	151	2	2	0	885
151	2	1	151	2	3	0	885
151	2	1	151	2	4	0	885
151	2	2	151	2	3	0	885
151	2	2	151	2	4	0	885
151	2	3	151	2	4	0	885
152	1	1	152	1	2	2	1618
152	1	1	152	1	3	4	1618
152	1	1	152	1	4	5	1618
152	1	2	152	1	3	6	1618
152	1	2	152	1	4	7	1618
152	1	3	152	1	4	3	1618
152	2	1	152	2	2	0	326
152	2	1	152	2	3	0	326
152	2	1	152	2	4	0	326
152	2	2	152	2	3	0	326
152	2	2	152	2	4	0	326
152	2	3	152	2	4	0	326
153	1	1	153	1	2	0	1647
153	1	1	153	1	3	0	1647
153	1	1	153	1	4	0	1647
153	1	2	153	1	3	0	1647
153	1	2	153	1	4	0	1647
153	1	3	153	1	4	0	1647
153	2	1	153	2	2	0	1653
153	2	1	153	2	3	1	1653
153	2	1	153	2	4	1	1653
153	2	2	153	2	3	1	1653
153	2	2	153	2	4	1	1653
153	2	3	153	2	4	0	1653
154	1	1	154	1	2	0	557
154	1	1	154	1	3	0	557
154	1	1	154	1	4	0	557
154	1	2	154	1	3	0	557
154	1	2	154	1	4	0	557
154	1	3	154	1	4	0	557
154	2	1	154	2	2	0	502
154	2	1	154	2	3	0	502
154	2	1	154	2	4	0	502
154	2	2	154	2	3	0	502
154	2	2	154	2	4	0	502
154	2	3	154	2	4	0	502
155	1	1	155	1	2	0	1264
155	1	1	155	1	3	1	1264
155	1	1	155	1	4	1	1264
155	1	2	155	1	3	1	1264
155	1	2	155	1	4	1	1264
155	1	3	155	1	4	0	1264
155	2	1	155	2	2	0	759
155	2	1	155	2	3	0	759
155	2	1	155	2	4	0	759
155	2	2	155	2	3	0	759
155	2	2	155	2	4	0	759
155	2	3	155	2	4	0	759
156	1	1	156	1	2	0	1535
156	1	1	156	1	3	0	1535
156	1	1	156	1	4	0	1535
156	1	2	156	1	3	0	1535
156	1	2	156	1	4	0	1535
156	1	3	156	1	4	0	1535
157	1	1	157	1	2	9	1780
157	1	1	157	1	3	12	1780
157	1	1	157	1	4	8	1780
157	1	2	157	1	3	11	1780
157	1	2	157	1	4	7	1780
157	1	3	157	1	4	12	1780
158	1	1	158	1	2	4	1556
158	1	1	158	1	3	5	1556
158	1	1	158	1	4	10	1556
158	1	2	158	1	3	6	1556
158	1	2	158	1	4	11	1556
158	1	3	158	1	4	7	1556
159	1	1	159	1	2	0	1692
159	1	1	159	1	3	0	1692
159	1	1	159	1	4	0	1692
159	1	2	159	1	3	0	1692
159	1	2	159	1	4	0	1692
159	1	3	159	1	4	0	1692
159	2	1	159	2	2	0	677
159	2	1	159	2	3	3	677
159	2	1	159	2	4	8	677
159	2	2	159	2	3	3	677
159	2	2	159	2	4	8	677
159	2	3	159	2	4	7	677
159	3	1	159	3	2	0	464
159	3	1	159	3	3	0	464
159	3	1	159	3	4	0	464
159	3	2	159	3	3	0	464
159	3	2	159	3	4	0	464
159	3	3	159	3	4	0	464
160	1	1	160	1	2	0	1596
160	1	1	160	1	3	0	1596
160	1	1	160	1	4	2	1596
160	1	2	160	1	3	0	1596
160	1	2	160	1	4	2	1596
160	1	3	160	1	4	2	1596
160	2	1	160	2	2	0	958
160	2	1	160	2	3	0	958
160	2	1	160	2	4	0	958
160	2	2	160	2	3	0	958
160	2	2	160	2	4	0	958
160	2	3	160	2	4	0	958
161	1	1	161	1	2	1	1821
161	1	1	161	1	3	1	1821
161	1	1	161	1	4	2	1821
161	1	2	161	1	3	2	1821
161	1	2	161	1	4	1	1821
161	1	3	161	1	4	1	1821
161	2	1	161	2	2	0	522
161	2	1	161	2	3	0	522
161	2	1	161	2	4	0	522
161	2	2	161	2	3	0	522
161	2	2	161	2	4	0	522
161	2	3	161	2	4	0	522
164	1	1	164	1	2	0	2014
164	1	1	164	1	3	0	2014
164	1	1	164	1	4	0	2014
164	1	2	164	1	3	0	2014
164	1	2	164	1	4	0	2014
164	1	3	164	1	4	0	2014
165	1	1	165	1	2	0	1464
165	1	1	165	1	3	0	1464
165	1	1	165	1	4	0	1464
165	1	2	165	1	3	0	1464
165	1	2	165	1	4	0	1464
165	1	3	165	1	4	0	1464
166	1	1	166	1	2	0	1901
166	1	1	166	1	3	0	1901
166	1	1	166	1	4	0	1901
166	1	2	166	1	3	0	1901
166	1	2	166	1	4	0	1901
166	1	3	166	1	4	0	1901
167	1	1	167	1	2	0	1830
167	1	1	167	1	3	0	1830
167	1	1	167	1	4	0	1830
167	1	2	167	1	3	0	1830
167	1	2	167	1	4	0	1830
167	1	3	167	1	4	0	1830
167	2	1	167	2	2	0	396
167	2	1	167	2	3	0	396
167	2	1	167	2	4	0	396
167	2	2	167	2	3	0	396
167	2	2	167	2	4	0	396
167	2	3	167	2	4	0	396
169	1	1	169	1	2	0	1446
169	1	1	169	1	3	4	1446
169	1	1	169	1	4	4	1446
169	1	2	169	1	3	4	1446
169	1	2	169	1	4	4	1446
169	1	3	169	1	4	0	1446
170	1	1	170	1	2	0	1828
170	1	1	170	1	3	0	1828
170	1	1	170	1	4	0	1828
170	1	2	170	1	3	0	1828
170	1	2	170	1	4	0	1828
170	1	3	170	1	4	0	1828
171	1	1	171	1	2	1	1149
171	1	1	171	1	3	1	1149
171	1	1	171	1	4	2	1149
171	1	2	171	1	3	2	1149
171	1	2	171	1	4	1	1149
171	1	3	171	1	4	1	1149
172	1	1	172	1	2	0	1581
172	1	1	172	1	3	1	1581
172	1	1	172	1	4	1	1581
172	1	2	172	1	3	1	1581
172	1	2	172	1	4	1	1581
172	1	3	172	1	4	0	1581
173	1	1	173	1	2	0	1085
173	1	1	173	1	3	0	1085
173	1	1	173	1	4	0	1085
173	1	2	173	1	3	0	1085
173	1	2	173	1	4	0	1085
173	1	3	173	1	4	0	1085
174	1	1	174	1	2	5	1944
174	1	1	174	1	3	2	1944
174	1	1	174	1	4	3	1944
174	1	2	174	1	3	5	1944
174	1	2	174	1	4	4	1944
174	1	3	174	1	4	3	1944
175	1	1	175	1	2	0	1662
175	1	1	175	1	3	0	1662
175	1	1	175	1	4	0	1662
175	1	2	175	1	3	0	1662
175	1	2	175	1	4	0	1662
175	1	3	175	1	4	0	1662
176	1	1	176	1	2	0	1775
176	1	1	176	1	3	0	1775
176	1	1	176	1	4	0	1775
176	1	2	176	1	3	0	1775
176	1	2	176	1	4	0	1775
176	1	3	176	1	4	0	1775
176	2	1	176	2	2	0	786
176	2	1	176	2	3	0	786
176	2	1	176	2	4	0	786
176	2	2	176	2	3	0	786
176	2	2	176	2	4	0	786
176	2	3	176	2	4	0	786
177	1	1	177	1	2	0	1816
177	1	1	177	1	3	2	1816
177	1	1	177	1	4	2	1816
177	1	2	177	1	3	2	1816
177	1	2	177	1	4	2	1816
177	1	3	177	1	4	0	1816
178	1	1	178	1	2	0	1309
178	1	1	178	1	3	0	1309
178	1	1	178	1	4	0	1309
178	1	2	178	1	3	0	1309
178	1	2	178	1	4	0	1309
178	1	3	178	1	4	0	1309
178	2	1	178	2	2	0	888
178	2	1	178	2	3	0	888
178	2	1	178	2	4	0	888
178	2	2	178	2	3	0	888
178	2	2	178	2	4	0	888
178	2	3	178	2	4	0	888
179	1	1	179	1	2	4	1922
179	1	1	179	1	3	5	1922
179	1	1	179	1	4	5	1922
179	1	2	179	1	3	1	1922
179	1	2	179	1	4	1	1922
179	1	3	179	1	4	0	1922
180	1	1	180	1	2	1	1915
180	1	1	180	1	3	3	1915
180	1	1	180	1	4	4	1915
180	1	2	180	1	3	4	1915
180	1	2	180	1	4	3	1915
180	1	3	180	1	4	1	1915
181	1	1	181	1	2	0	1834
181	1	1	181	1	3	1	1834
181	1	1	181	1	4	1	1834
181	1	2	181	1	3	1	1834
181	1	2	181	1	4	1	1834
181	1	3	181	1	4	0	1834
182	1	1	182	1	2	0	1574
182	1	1	182	1	3	0	1574
182	1	1	182	1	4	0	1574
182	1	2	182	1	3	0	1574
182	1	2	182	1	4	0	1574
182	1	3	182	1	4	0	1574
182	2	1	182	2	2	0	236
182	2	1	182	2	3	0	236
182	2	1	182	2	4	0	236
182	2	2	182	2	3	0	236
182	2	2	182	2	4	0	236
182	2	3	182	2	4	0	236
182	3	1	182	3	2	0	254
182	3	1	182	3	3	0	254
182	3	1	182	3	4	0	254
182	3	2	182	3	3	0	254
182	3	2	182	3	4	0	254
182	3	3	182	3	4	0	254
183	1	1	183	1	2	0	1489
183	1	1	183	1	3	0	1489
183	1	1	183	1	4	0	1489
183	1	2	183	1	3	0	1489
183	1	2	183	1	4	0	1489
183	1	3	183	1	4	0	1489
184	1	1	184	1	2	0	1890
184	1	1	184	1	3	1	1890
184	1	1	184	1	4	3	1890
184	1	2	184	1	3	1	1890
184	1	2	184	1	4	3	1890
184	1	3	184	1	4	2	1890
185	1	1	185	1	2	2	1849
185	1	1	185	1	3	1	1849
185	1	1	185	1	4	4	1849
185	1	2	185	1	3	1	1849
185	1	2	185	1	4	4	1849
185	1	3	185	1	4	5	1849
186	1	1	186	1	2	0	1341
186	1	1	186	1	3	0	1341
186	1	1	186	1	4	0	1341
186	1	2	186	1	3	0	1341
186	1	2	186	1	4	0	1341
186	1	3	186	1	4	0	1341
187	1	1	187	1	2	0	1693
187	1	1	187	1	3	0	1693
187	1	1	187	1	4	0	1693
187	1	2	187	1	3	0	1693
187	1	2	187	1	4	0	1693
187	1	3	187	1	4	0	1693
187	2	1	187	2	2	0	502
187	2	1	187	2	3	0	502
187	2	1	187	2	4	0	502
187	2	2	187	2	3	0	502
187	2	2	187	2	4	0	502
187	2	3	187	2	4	0	502
188	1	1	188	1	2	2	1854
188	1	1	188	1	3	1	1854
188	1	1	188	1	4	2	1854
188	1	2	188	1	3	3	1854
188	1	2	188	1	4	2	1854
188	1	3	188	1	4	1	1854
189	1	1	189	1	2	0	1056
189	1	1	189	1	3	0	1056
189	1	1	189	1	4	0	1056
189	1	2	189	1	3	0	1056
189	1	2	189	1	4	0	1056
189	1	3	189	1	4	0	1056
189	2	1	189	2	2	0	515
189	2	1	189	2	3	0	515
189	2	1	189	2	4	0	515
189	2	2	189	2	3	0	515
189	2	2	189	2	4	0	515
189	2	3	189	2	4	0	515
189	3	1	189	3	2	0	344
189	3	1	189	3	3	0	344
189	3	1	189	3	4	0	344
189	3	2	189	3	3	0	344
189	3	2	189	3	4	0	344
189	3	3	189	3	4	0	344
190	1	1	190	1	2	0	1337
190	1	1	190	1	3	1	1337
190	1	1	190	1	4	1	1337
190	1	2	190	1	3	1	1337
190	1	2	190	1	4	1	1337
190	1	3	190	1	4	0	1337
191	1	1	191	1	2	3	1525
191	1	1	191	1	3	10	1525
191	1	1	191	1	4	11	1525
191	1	2	191	1	3	11	1525
191	1	2	191	1	4	10	1525
191	1	3	191	1	4	1	1525
192	1	1	192	1	2	2	2009
192	1	1	192	1	3	2	2009
192	1	1	192	1	4	2	2009
192	1	2	192	1	3	0	2009
192	1	2	192	1	4	4	2009
192	1	3	192	1	4	4	2009
193	1	1	193	1	2	0	1664
193	1	1	193	1	3	1	1664
193	1	1	193	1	4	1	1664
193	1	2	193	1	3	1	1664
193	1	2	193	1	4	1	1664
193	1	3	193	1	4	0	1664
193	2	1	193	2	2	0	723
193	2	1	193	2	3	0	723
193	2	1	193	2	4	0	723
193	2	2	193	2	3	0	723
193	2	2	193	2	4	0	723
193	2	3	193	2	4	0	723
194	1	1	194	1	2	0	1592
194	1	1	194	1	3	0	1592
194	1	1	194	1	4	0	1592
194	1	2	194	1	3	0	1592
194	1	2	194	1	4	0	1592
194	1	3	194	1	4	0	1592
194	2	1	194	2	2	0	581
194	2	1	194	2	3	0	581
194	2	1	194	2	4	0	581
194	2	2	194	2	3	0	581
194	2	2	194	2	4	0	581
194	2	3	194	2	4	0	581
194	3	1	194	3	2	0	622
194	3	1	194	3	3	0	622
194	3	1	194	3	4	0	622
194	3	2	194	3	3	0	622
194	3	2	194	3	4	0	622
194	3	3	194	3	4	0	622
195	1	1	195	1	2	0	1282
195	1	1	195	1	3	0	1282
195	1	1	195	1	4	0	1282
195	1	2	195	1	3	0	1282
195	1	2	195	1	4	0	1282
195	1	3	195	1	4	0	1282
195	2	1	195	2	2	0	229
195	2	1	195	2	3	0	229
195	2	1	195	2	4	0	229
195	2	2	195	2	3	0	229
195	2	2	195	2	4	0	229
195	2	3	195	2	4	0	229
196	1	1	196	1	2	4	1698
196	1	1	196	1	3	5	1698
196	1	1	196	1	4	6	1698
196	1	2	196	1	3	6	1698
196	1	2	196	1	4	2	1698
196	1	3	196	1	4	4	1698
197	1	1	197	1	2	0	1277
197	1	1	197	1	3	0	1277
197	1	1	197	1	4	0	1277
197	1	2	197	1	3	0	1277
197	1	2	197	1	4	0	1277
197	1	3	197	1	4	0	1277
197	2	1	197	2	2	0	1188
197	2	1	197	2	3	0	1188
197	2	1	197	2	4	0	1188
197	2	2	197	2	3	0	1188
197	2	2	197	2	4	0	1188
197	2	3	197	2	4	0	1188
198	1	1	198	1	2	0	938
198	1	1	198	1	3	0	938
198	1	1	198	1	4	0	938
198	1	2	198	1	3	0	938
198	1	2	198	1	4	0	938
198	1	3	198	1	4	0	938
199	1	1	199	1	2	0	1615
199	1	1	199	1	3	0	1615
199	1	1	199	1	4	0	1615
199	1	2	199	1	3	0	1615
199	1	2	199	1	4	0	1615
199	1	3	199	1	4	0	1615
200	1	1	200	1	2	0	1757
200	1	1	200	1	3	0	1757
200	1	1	200	1	4	0	1757
200	1	2	200	1	3	0	1757
200	1	2	200	1	4	0	1757
200	1	3	200	1	4	0	1757
201	1	1	201	1	2	7	1921
201	1	1	201	1	3	5	1921
201	1	1	201	1	4	11	1921
201	1	2	201	1	3	6	1921
201	1	2	201	1	4	11	1921
201	1	3	201	1	4	6	1921
201	2	1	201	2	2	0	240
201	2	1	201	2	3	0	240
201	2	1	201	2	4	0	240
201	2	2	201	2	3	0	240
201	2	2	201	2	4	0	240
201	2	3	201	2	4	0	240
201	3	1	201	3	2	0	156
201	3	1	201	3	3	0	156
201	3	1	201	3	4	0	156
201	3	2	201	3	3	0	156
201	3	2	201	3	4	0	156
201	3	3	201	3	4	0	156
202	1	1	202	1	2	7	2195
202	1	1	202	1	3	16	2195
202	1	1	202	1	4	15	2195
202	1	2	202	1	3	14	2195
202	1	2	202	1	4	18	2195
202	1	3	202	1	4	10	2195
202	2	1	202	2	2	0	349
202	2	1	202	2	3	0	349
202	2	1	202	2	4	0	349
202	2	2	202	2	3	0	349
202	2	2	202	2	4	0	349
202	2	3	202	2	4	0	349
203	1	1	203	1	2	2	1937
203	1	1	203	1	3	4	1937
203	1	1	203	1	4	6	1937
203	1	2	203	1	3	6	1937
203	1	2	203	1	4	4	1937
203	1	3	203	1	4	2	1937
204	1	1	204	1	2	2	839
204	1	1	204	1	3	1	839
204	1	1	204	1	4	3	839
204	1	2	204	1	3	3	839
204	1	2	204	1	4	1	839
204	1	3	204	1	4	2	839
205	1	1	205	1	2	1	1734
205	1	1	205	1	3	2	1734
205	1	1	205	1	4	1	1734
205	1	2	205	1	3	3	1734
205	1	2	205	1	4	2	1734
205	1	3	205	1	4	1	1734
206	1	1	206	1	2	0	1860
206	1	1	206	1	3	1	1860
206	1	1	206	1	4	1	1860
206	1	2	206	1	3	1	1860
206	1	2	206	1	4	1	1860
206	1	3	206	1	4	0	1860
207	1	1	207	1	2	0	1826
207	1	1	207	1	3	0	1826
207	1	1	207	1	4	0	1826
207	1	2	207	1	3	0	1826
207	1	2	207	1	4	0	1826
207	1	3	207	1	4	0	1826
208	1	1	208	1	2	0	1897
208	1	1	208	1	3	0	1897
208	1	1	208	1	4	0	1897
208	1	2	208	1	3	0	1897
208	1	2	208	1	4	0	1897
208	1	3	208	1	4	0	1897
209	1	1	209	1	2	3	1768
209	1	1	209	1	3	3	1768
209	1	1	209	1	4	5	1768
209	1	2	209	1	3	5	1768
209	1	2	209	1	4	3	1768
209	1	3	209	1	4	3	1768
210	1	1	210	1	2	6	1935
210	1	1	210	1	3	5	1935
210	1	1	210	1	4	11	1935
210	1	2	210	1	3	7	1935
210	1	2	210	1	4	5	1935
210	1	3	210	1	4	6	1935
211	1	1	211	1	2	2	1954
211	1	1	211	1	3	1	1954
211	1	1	211	1	4	3	1954
211	1	2	211	1	3	3	1954
211	1	2	211	1	4	1	1954
211	1	3	211	1	4	2	1954
212	1	1	212	1	2	0	1202
212	1	1	212	1	3	0	1202
212	1	1	212	1	4	0	1202
212	1	2	212	1	3	0	1202
212	1	2	212	1	4	0	1202
212	1	3	212	1	4	0	1202
213	1	1	213	1	2	0	1255
213	1	1	213	1	3	0	1255
213	1	1	213	1	4	0	1255
213	1	2	213	1	3	0	1255
213	1	2	213	1	4	0	1255
213	1	3	213	1	4	0	1255
214	1	1	214	1	2	3	1560
214	1	1	214	1	3	4	1560
214	1	1	214	1	4	4	1560
214	1	2	214	1	3	4	1560
214	1	2	214	1	4	4	1560
214	1	3	214	1	4	2	1560
215	1	1	215	1	2	0	1210
215	1	1	215	1	3	0	1210
215	1	1	215	1	4	0	1210
215	1	2	215	1	3	0	1210
215	1	2	215	1	4	0	1210
215	1	3	215	1	4	0	1210
215	2	1	215	2	2	0	1888
215	2	1	215	2	3	0	1888
215	2	1	215	2	4	0	1888
215	2	2	215	2	3	0	1888
215	2	2	215	2	4	0	1888
215	2	3	215	2	4	0	1888
216	1	1	216	1	2	7	1864
216	1	1	216	1	3	7	1864
216	1	1	216	1	4	6	1864
216	1	2	216	1	3	4	1864
216	1	2	216	1	4	8	1864
216	1	3	216	1	4	4	1864
218	1	1	218	1	2	0	1610
218	1	1	218	1	3	0	1610
218	1	1	218	1	4	0	1610
218	1	2	218	1	3	0	1610
218	1	2	218	1	4	0	1610
218	1	3	218	1	4	0	1610
219	1	1	219	1	2	2	1662
219	1	1	219	1	3	2	1662
219	1	1	219	1	4	2	1662
219	1	2	219	1	3	0	1662
219	1	2	219	1	4	0	1662
219	1	3	219	1	4	0	1662
220	1	1	220	1	2	0	1602
220	1	1	220	1	3	2	1602
220	1	1	220	1	4	2	1602
220	1	2	220	1	3	2	1602
220	1	2	220	1	4	2	1602
220	1	3	220	1	4	1	1602
221	1	1	221	1	2	0	1786
221	1	1	221	1	3	0	1786
221	1	1	221	1	4	0	1786
221	1	2	221	1	3	0	1786
221	1	2	221	1	4	0	1786
221	1	3	221	1	4	0	1786
222	1	1	222	1	2	0	1778
222	1	1	222	1	3	0	1778
222	1	1	222	1	4	0	1778
222	1	2	222	1	3	0	1778
222	1	2	222	1	4	0	1778
222	1	3	222	1	4	0	1778
224	1	1	224	1	2	1	1346
224	1	1	224	1	3	1	1346
224	1	1	224	1	4	2	1346
224	1	2	224	1	3	2	1346
224	1	2	224	1	4	1	1346
224	1	3	224	1	4	1	1346
225	1	1	225	1	2	0	1817
225	1	1	225	1	3	2	1817
225	1	1	225	1	4	2	1817
225	1	2	225	1	3	2	1817
225	1	2	225	1	4	2	1817
225	1	3	225	1	4	0	1817
226	1	1	226	1	2	9	1583
226	1	1	226	1	3	12	1583
226	1	1	226	1	4	13	1583
226	1	2	226	1	3	11	1583
226	1	2	226	1	4	10	1583
226	1	3	226	1	4	5	1583
227	1	1	227	1	2	1	1759
227	1	1	227	1	3	1	1759
227	1	1	227	1	4	2	1759
227	1	2	227	1	3	2	1759
227	1	2	227	1	4	1	1759
227	1	3	227	1	4	1	1759
228	1	1	228	1	2	0	1297
228	1	1	228	1	3	0	1297
228	1	1	228	1	4	0	1297
228	1	2	228	1	3	0	1297
228	1	2	228	1	4	0	1297
228	1	3	228	1	4	0	1297
228	2	1	228	2	2	0	797
228	2	1	228	2	3	0	797
228	2	1	228	2	4	0	797
228	2	2	228	2	3	0	797
228	2	2	228	2	4	0	797
228	2	3	228	2	4	0	797
228	3	1	228	3	2	0	549
228	3	1	228	3	3	0	549
228	3	1	228	3	4	0	549
228	3	2	228	3	3	0	549
228	3	2	228	3	4	0	549
228	3	3	228	3	4	0	549
229	1	1	229	1	2	0	1928
229	1	1	229	1	3	1	1928
229	1	1	229	1	4	1	1928
229	1	2	229	1	3	1	1928
229	1	2	229	1	4	1	1928
229	1	3	229	1	4	0	1928
230	1	1	230	1	2	1	1725
230	1	1	230	1	3	2	1725
230	1	1	230	1	4	5	1725
230	1	2	230	1	3	3	1725
230	1	2	230	1	4	4	1725
230	1	3	230	1	4	3	1725
231	1	1	231	1	2	3	1452
231	1	1	231	1	3	4	1452
231	1	1	231	1	4	5	1452
231	1	2	231	1	3	7	1452
231	1	2	231	1	4	2	1452
231	1	3	231	1	4	5	1452
231	2	1	231	2	2	0	550
231	2	1	231	2	3	0	550
231	2	1	231	2	4	0	550
231	2	2	231	2	3	0	550
231	2	2	231	2	4	0	550
231	2	3	231	2	4	0	550
232	1	1	232	1	2	1	1755
232	1	1	232	1	3	1	1755
232	1	1	232	1	4	2	1755
232	1	2	232	1	3	2	1755
232	1	2	232	1	4	1	1755
232	1	3	232	1	4	1	1755
233	1	1	233	1	2	0	1081
233	1	1	233	1	3	1	1081
233	1	1	233	1	4	1	1081
233	1	2	233	1	3	1	1081
233	1	2	233	1	4	1	1081
233	1	3	233	1	4	0	1081
234	1	1	234	1	2	5	2003
234	1	1	234	1	3	1	2003
234	1	1	234	1	4	6	2003
234	1	2	234	1	3	6	2003
234	1	2	234	1	4	1	2003
234	1	3	234	1	4	5	2003
236	1	1	236	1	2	0	1760
236	1	1	236	1	3	0	1760
236	1	1	236	1	4	0	1760
236	1	2	236	1	3	0	1760
236	1	2	236	1	4	0	1760
236	1	3	236	1	4	0	1760
237	1	1	237	1	2	5	1470
237	1	1	237	1	3	1	1470
237	1	1	237	1	4	6	1470
237	1	2	237	1	3	6	1470
237	1	2	237	1	4	1	1470
237	1	3	237	1	4	5	1470
238	1	1	238	1	2	0	1905
238	1	1	238	1	3	0	1905
238	1	1	238	1	4	0	1905
238	1	2	238	1	3	0	1905
238	1	2	238	1	4	0	1905
238	1	3	238	1	4	0	1905
239	1	1	239	1	2	0	1964
239	1	1	239	1	3	0	1964
239	1	1	239	1	4	0	1964
239	1	2	239	1	3	0	1964
239	1	2	239	1	4	0	1964
239	1	3	239	1	4	0	1964
239	2	1	239	2	2	0	255
239	2	1	239	2	3	0	255
239	2	1	239	2	4	0	255
239	2	2	239	2	3	0	255
239	2	2	239	2	4	0	255
239	2	3	239	2	4	0	255
240	1	1	240	1	2	1	2110
240	1	1	240	1	3	1	2110
240	1	1	240	1	4	2	2110
240	1	2	240	1	3	2	2110
240	1	2	240	1	4	1	2110
240	1	3	240	1	4	1	2110
241	1	1	241	1	2	0	1800
241	1	1	241	1	3	1	1800
241	1	1	241	1	4	1	1800
241	1	2	241	1	3	1	1800
241	1	2	241	1	4	1	1800
241	1	3	241	1	4	0	1800
242	1	1	242	1	2	0	1691
242	1	1	242	1	3	0	1691
242	1	1	242	1	4	0	1691
242	1	2	242	1	3	0	1691
242	1	2	242	1	4	0	1691
242	1	3	242	1	4	0	1691
243	1	1	243	1	2	0	1406
243	1	1	243	1	3	0	1406
243	1	1	243	1	4	0	1406
243	1	2	243	1	3	0	1406
243	1	2	243	1	4	0	1406
243	1	3	243	1	4	0	1406
243	2	1	243	2	2	1	1355
243	2	1	243	2	3	2	1355
243	2	1	243	2	4	4	1355
243	2	2	243	2	3	3	1355
243	2	2	243	2	4	3	1355
243	2	3	243	2	4	2	1355
243	3	1	243	3	2	0	632
243	3	1	243	3	3	4	632
243	3	1	243	3	4	4	632
243	3	2	243	3	3	4	632
243	3	2	243	3	4	4	632
243	3	3	243	3	4	0	632
243	4	1	243	4	2	0	369
243	4	1	243	4	3	0	369
243	4	1	243	4	4	0	369
243	4	2	243	4	3	0	369
243	4	2	243	4	4	0	369
243	4	3	243	4	4	0	369
244	1	1	244	1	2	0	1184
244	1	1	244	1	3	0	1184
244	1	1	244	1	4	0	1184
244	1	2	244	1	3	0	1184
244	1	2	244	1	4	0	1184
244	1	3	244	1	4	0	1184
245	1	1	245	1	2	4	1790
245	1	1	245	1	3	4	1790
245	1	1	245	1	4	3	1790
245	1	2	245	1	3	2	1790
245	1	2	245	1	4	5	1790
245	1	3	245	1	4	3	1790
245	2	1	245	2	2	5	1879
245	2	1	245	2	3	5	1879
245	2	1	245	2	4	9	1879
245	2	2	245	2	3	6	1879
245	2	2	245	2	4	6	1879
245	2	3	245	2	4	8	1879
247	1	1	247	1	2	0	1459
247	1	1	247	1	3	0	1459
247	1	1	247	1	4	0	1459
247	1	2	247	1	3	0	1459
247	1	2	247	1	4	0	1459
247	1	3	247	1	4	0	1459
250	1	1	250	1	2	1	2249
250	1	1	250	1	3	1	2249
250	1	1	250	1	4	2	2249
250	1	2	250	1	3	2	2249
250	1	2	250	1	4	1	2249
250	1	3	250	1	4	1	2249
251	1	1	251	1	2	0	2051
251	1	1	251	1	3	2	2051
251	1	1	251	1	4	2	2051
251	1	2	251	1	3	2	2051
251	1	2	251	1	4	2	2051
251	1	3	251	1	4	0	2051
252	1	1	252	1	2	0	1001
252	1	1	252	1	3	0	1001
252	1	1	252	1	4	0	1001
252	1	2	252	1	3	0	1001
252	1	2	252	1	4	0	1001
252	1	3	252	1	4	0	1001
252	2	1	252	2	2	0	870
252	2	1	252	2	3	0	870
252	2	1	252	2	4	0	870
252	2	2	252	2	3	0	870
252	2	2	252	2	4	0	870
252	2	3	252	2	4	0	870
253	1	1	253	1	2	0	959
253	1	1	253	1	3	0	959
253	1	1	253	1	4	0	959
253	1	2	253	1	3	0	959
253	1	2	253	1	4	0	959
253	1	3	253	1	4	0	959
254	1	1	254	1	2	0	1639
254	1	1	254	1	3	2	1639
254	1	1	254	1	4	2	1639
254	1	2	254	1	3	2	1639
254	1	2	254	1	4	2	1639
254	1	3	254	1	4	0	1639
257	1	1	257	1	2	3	1367
257	1	1	257	1	3	4	1367
257	1	1	257	1	4	5	1367
257	1	2	257	1	3	4	1367
257	1	2	257	1	4	3	1367
257	1	3	257	1	4	2	1367
259	1	1	259	1	2	0	1767
259	1	1	259	1	3	0	1767
259	1	1	259	1	4	0	1767
259	1	2	259	1	3	0	1767
259	1	2	259	1	4	0	1767
259	1	3	259	1	4	0	1767
260	1	1	260	1	2	9	1911
260	1	1	260	1	3	9	1911
260	1	1	260	1	4	11	1911
260	1	2	260	1	3	12	1911
260	1	2	260	1	4	12	1911
260	1	3	260	1	4	6	1911
260	2	1	260	2	2	0	463
260	2	1	260	2	3	0	463
260	2	1	260	2	4	0	463
260	2	2	260	2	3	0	463
260	2	2	260	2	4	0	463
260	2	3	260	2	4	0	463
261	1	1	261	1	2	7	1549
261	1	1	261	1	3	3	1549
261	1	1	261	1	4	5	1549
261	1	2	261	1	3	4	1549
261	1	2	261	1	4	2	1549
261	1	3	261	1	4	2	1549
261	2	1	261	2	2	0	253
261	2	1	261	2	3	0	253
261	2	1	261	2	4	0	253
261	2	2	261	2	3	0	253
261	2	2	261	2	4	0	253
261	2	3	261	2	4	0	253
264	1	1	264	1	2	0	1267
264	1	1	264	1	3	0	1267
264	1	1	264	1	4	0	1267
264	1	2	264	1	3	0	1267
264	1	2	264	1	4	0	1267
264	1	3	264	1	4	0	1267
265	1	1	265	1	2	0	1422
265	1	1	265	1	3	1	1422
265	1	1	265	1	4	1	1422
265	1	2	265	1	3	1	1422
265	1	2	265	1	4	1	1422
265	1	3	265	1	4	0	1422
266	1	1	266	1	2	1	822
266	1	1	266	1	3	2	822
266	1	1	266	1	4	1	822
266	1	2	266	1	3	1	822
266	1	2	266	1	4	2	822
266	1	3	266	1	4	3	822
267	1	1	267	1	2	1	1921
267	1	1	267	1	3	2	1921
267	1	1	267	1	4	2	1921
267	1	2	267	1	3	3	1921
267	1	2	267	1	4	1	1921
267	1	3	267	1	4	2	1921
268	1	1	268	1	2	0	1493
268	1	1	268	1	3	0	1493
268	1	1	268	1	4	0	1493
268	1	2	268	1	3	0	1493
268	1	2	268	1	4	0	1493
268	1	3	268	1	4	0	1493
269	1	1	269	1	2	5	2046
269	1	1	269	1	3	5	2046
269	1	1	269	1	4	2	2046
269	1	2	269	1	3	3	2046
269	1	2	269	1	4	5	2046
269	1	3	269	1	4	4	2046
269	2	1	269	2	2	0	1345
269	2	1	269	2	3	1	1345
269	2	1	269	2	4	1	1345
269	2	2	269	2	3	1	1345
269	2	2	269	2	4	1	1345
269	2	3	269	2	4	0	1345
269	3	1	269	3	2	0	203
269	3	1	269	3	3	0	203
269	3	1	269	3	4	0	203
269	3	2	269	3	3	0	203
269	3	2	269	3	4	0	203
269	3	3	269	3	4	0	203
269	4	1	269	4	2	0	393
269	4	1	269	4	3	0	393
269	4	1	269	4	4	0	393
269	4	2	269	4	3	0	393
269	4	2	269	4	4	0	393
269	4	3	269	4	4	0	393
270	1	1	270	1	2	0	1424
270	1	1	270	1	3	0	1424
270	1	1	270	1	4	0	1424
270	1	2	270	1	3	0	1424
270	1	2	270	1	4	0	1424
270	1	3	270	1	4	0	1424
271	1	1	271	1	2	27	1530
271	1	1	271	1	3	39	1530
271	1	1	271	1	4	33	1530
271	1	2	271	1	3	32	1530
271	1	2	271	1	4	28	1530
271	1	3	271	1	4	32	1530
271	2	1	271	2	2	0	1582
271	2	1	271	2	3	0	1582
271	2	1	271	2	4	0	1582
271	2	2	271	2	3	0	1582
271	2	2	271	2	4	0	1582
271	2	3	271	2	4	0	1582
271	3	1	271	3	2	1	1191
271	3	1	271	3	3	1	1191
271	3	1	271	3	4	1	1191
271	3	2	271	3	3	0	1191
271	3	2	271	3	4	0	1191
271	3	3	271	3	4	0	1191
271	4	1	271	4	2	1	853
271	4	1	271	4	3	4	853
271	4	1	271	4	4	3	853
271	4	2	271	4	3	3	853
271	4	2	271	4	4	2	853
271	4	3	271	4	4	2	853
271	5	1	271	5	2	0	551
271	5	1	271	5	3	2	551
271	5	1	271	5	4	2	551
271	5	2	271	5	3	2	551
271	5	2	271	5	4	2	551
271	5	3	271	5	4	0	551
271	6	1	271	6	2	0	465
271	6	1	271	6	3	0	465
271	6	1	271	6	4	0	465
271	6	2	271	6	3	0	465
271	6	2	271	6	4	0	465
271	6	3	271	6	4	0	465
271	7	1	271	7	2	0	446
271	7	1	271	7	3	0	446
271	7	1	271	7	4	0	446
271	7	2	271	7	3	0	446
271	7	2	271	7	4	0	446
271	7	3	271	7	4	0	446
271	8	1	271	8	2	0	239
271	8	1	271	8	3	0	239
271	8	1	271	8	4	0	239
271	8	2	271	8	3	0	239
271	8	2	271	8	4	0	239
271	8	3	271	8	4	0	239
272	1	1	272	1	2	1	1676
272	1	1	272	1	3	1	1676
272	1	1	272	1	4	2	1676
272	1	2	272	1	3	2	1676
272	1	2	272	1	4	3	1676
272	1	3	272	1	4	1	1676
272	2	1	272	2	2	0	277
272	2	1	272	2	3	0	277
272	2	1	272	2	4	0	277
272	2	2	272	2	3	0	277
272	2	2	272	2	4	0	277
272	2	3	272	2	4	0	277
273	1	1	273	1	2	0	1715
273	1	1	273	1	3	1	1715
273	1	1	273	1	4	1	1715
273	1	2	273	1	3	1	1715
273	1	2	273	1	4	1	1715
273	1	3	273	1	4	0	1715
274	1	1	274	1	2	0	1363
274	1	1	274	1	3	3	1363
274	1	1	274	1	4	3	1363
274	1	2	274	1	3	3	1363
274	1	2	274	1	4	3	1363
274	1	3	274	1	4	0	1363
275	1	1	275	1	2	0	1479
275	1	1	275	1	3	0	1479
275	1	1	275	1	4	0	1479
275	1	2	275	1	3	0	1479
275	1	2	275	1	4	0	1479
275	1	3	275	1	4	0	1479
276	1	1	276	1	2	8	1652
276	1	1	276	1	3	10	1652
276	1	1	276	1	4	12	1652
276	1	2	276	1	3	12	1652
276	1	2	276	1	4	10	1652
276	1	3	276	1	4	8	1652
277	1	1	277	1	2	4	1390
277	1	1	277	1	3	4	1390
277	1	1	277	1	4	9	1390
277	1	2	277	1	3	8	1390
277	1	2	277	1	4	5	1390
277	1	3	277	1	4	5	1390
278	1	1	278	1	2	1	1515
278	1	1	278	1	3	2	1515
278	1	1	278	1	4	3	1515
278	1	2	278	1	3	1	1515
278	1	2	278	1	4	2	1515
278	1	3	278	1	4	1	1515
279	1	1	279	1	2	0	1802
279	1	1	279	1	3	3	1802
279	1	1	279	1	4	1	1802
279	1	2	279	1	3	3	1802
279	1	2	279	1	4	1	1802
279	1	3	279	1	4	2	1802
280	1	1	280	1	2	0	949
280	1	1	280	1	3	0	949
280	1	1	280	1	4	0	949
280	1	2	280	1	3	0	949
280	1	2	280	1	4	0	949
280	1	3	280	1	4	0	949
281	1	1	281	1	2	2	1877
281	1	1	281	1	3	2	1877
281	1	1	281	1	4	2	1877
281	1	2	281	1	3	2	1877
281	1	2	281	1	4	2	1877
281	1	3	281	1	4	2	1877
282	1	1	282	1	2	0	1341
282	1	1	282	1	3	0	1341
282	1	1	282	1	4	0	1341
282	1	2	282	1	3	0	1341
282	1	2	282	1	4	0	1341
282	1	3	282	1	4	0	1341
283	1	1	283	1	2	0	1787
283	1	1	283	1	3	1	1787
283	1	1	283	1	4	1	1787
283	1	2	283	1	3	1	1787
283	1	2	283	1	4	1	1787
283	1	3	283	1	4	0	1787
284	1	1	284	1	2	0	1870
284	1	1	284	1	3	0	1870
284	1	1	284	1	4	0	1870
284	1	2	284	1	3	0	1870
284	1	2	284	1	4	0	1870
284	1	3	284	1	4	0	1870
285	1	1	285	1	2	0	1477
285	1	1	285	1	3	1	1477
285	1	1	285	1	4	2	1477
285	1	2	285	1	3	1	1477
285	1	2	285	1	4	2	1477
285	1	3	285	1	4	1	1477
285	2	1	285	2	2	0	1033
285	2	1	285	2	3	0	1033
285	2	1	285	2	4	1	1033
285	2	2	285	2	3	0	1033
285	2	2	285	2	4	1	1033
285	2	3	285	2	4	1	1033
286	1	1	286	1	2	0	1351
286	1	1	286	1	3	1	1351
286	1	1	286	1	4	1	1351
286	1	2	286	1	3	1	1351
286	1	2	286	1	4	1	1351
286	1	3	286	1	4	0	1351
286	2	1	286	2	2	0	721
286	2	1	286	2	3	5	721
286	2	1	286	2	4	5	721
286	2	2	286	2	3	5	721
286	2	2	286	2	4	5	721
286	2	3	286	2	4	0	721
286	3	1	286	3	2	2	371
286	3	1	286	3	3	2	371
286	3	1	286	3	4	1	371
286	3	2	286	3	3	2	371
286	3	2	286	3	4	2	371
286	3	3	286	3	4	2	371
287	1	1	287	1	2	0	1079
287	1	1	287	1	3	0	1079
287	1	1	287	1	4	0	1079
287	1	2	287	1	3	0	1079
287	1	2	287	1	4	0	1079
287	1	3	287	1	4	0	1079
287	2	1	287	2	2	0	490
287	2	1	287	2	3	1	490
287	2	1	287	2	4	1	490
287	2	2	287	2	3	1	490
287	2	2	287	2	4	1	490
287	2	3	287	2	4	0	490
288	1	1	288	1	2	4	1978
288	1	1	288	1	3	3	1978
288	1	1	288	1	4	2	1978
288	1	2	288	1	3	1	1978
288	1	2	288	1	4	2	1978
288	1	3	288	1	4	3	1978
289	1	1	289	1	2	1	1817
289	1	1	289	1	3	3	1817
289	1	1	289	1	4	1	1817
289	1	2	289	1	3	3	1817
289	1	2	289	1	4	1	1817
289	1	3	289	1	4	2	1817
289	2	1	289	2	2	0	1149
289	2	1	289	2	3	0	1149
289	2	1	289	2	4	0	1149
289	2	2	289	2	3	0	1149
289	2	2	289	2	4	0	1149
289	2	3	289	2	4	0	1149
289	3	1	289	3	2	0	351
289	3	1	289	3	3	0	351
289	3	1	289	3	4	0	351
289	3	2	289	3	3	0	351
289	3	2	289	3	4	0	351
289	3	3	289	3	4	0	351
290	1	1	290	1	2	4	1714
290	1	1	290	1	3	6	1714
290	1	1	290	1	4	6	1714
290	1	2	290	1	3	6	1714
290	1	2	290	1	4	6	1714
290	1	3	290	1	4	4	1714
291	1	1	291	1	2	1	1422
291	1	1	291	1	3	7	1422
291	1	1	291	1	4	4	1422
291	1	2	291	1	3	7	1422
291	1	2	291	1	4	4	1422
291	1	3	291	1	4	3	1422
292	1	1	292	1	2	0	894
292	1	1	292	1	3	0	894
292	1	1	292	1	4	0	894
292	1	2	292	1	3	0	894
292	1	2	292	1	4	0	894
292	1	3	292	1	4	0	894
293	1	1	293	1	2	0	1236
293	1	1	293	1	3	0	1236
293	1	1	293	1	4	0	1236
293	1	2	293	1	3	0	1236
293	1	2	293	1	4	0	1236
293	1	3	293	1	4	0	1236
294	1	1	294	1	2	0	1345
294	1	1	294	1	3	0	1345
294	1	1	294	1	4	0	1345
294	1	2	294	1	3	0	1345
294	1	2	294	1	4	0	1345
294	1	3	294	1	4	0	1345
294	2	1	294	2	2	1	1475
294	2	1	294	2	3	1	1475
294	2	1	294	2	4	2	1475
294	2	2	294	2	3	2	1475
294	2	2	294	2	4	1	1475
294	2	3	294	2	4	1	1475
294	3	1	294	3	2	0	1020
294	3	1	294	3	3	0	1020
294	3	1	294	3	4	0	1020
294	3	2	294	3	3	0	1020
294	3	2	294	3	4	0	1020
294	3	3	294	3	4	0	1020
295	1	1	295	1	2	1	1781
295	1	1	295	1	3	1	1781
295	1	1	295	1	4	2	1781
295	1	2	295	1	3	2	1781
295	1	2	295	1	4	1	1781
295	1	3	295	1	4	1	1781
296	1	1	296	1	2	0	1844
296	1	1	296	1	3	0	1844
296	1	1	296	1	4	0	1844
296	1	2	296	1	3	0	1844
296	1	2	296	1	4	0	1844
296	1	3	296	1	4	0	1844
297	1	1	297	1	2	1	1557
297	1	1	297	1	3	1	1557
297	1	1	297	1	4	2	1557
297	1	2	297	1	3	2	1557
297	1	2	297	1	4	1	1557
297	1	3	297	1	4	1	1557
298	1	1	298	1	2	0	1688
298	1	1	298	1	3	0	1688
298	1	1	298	1	4	0	1688
298	1	2	298	1	3	0	1688
298	1	2	298	1	4	0	1688
298	1	3	298	1	4	0	1688
298	2	1	298	2	2	0	497
298	2	1	298	2	3	0	497
298	2	1	298	2	4	0	497
298	2	2	298	2	3	0	497
298	2	2	298	2	4	0	497
298	2	3	298	2	4	0	497
298	3	1	298	3	2	0	289
298	3	1	298	3	3	0	289
298	3	1	298	3	4	0	289
298	3	2	298	3	3	0	289
298	3	2	298	3	4	0	289
298	3	3	298	3	4	0	289
299	1	1	299	1	2	0	1734
299	1	1	299	1	3	0	1734
299	1	1	299	1	4	0	1734
299	1	2	299	1	3	0	1734
299	1	2	299	1	4	0	1734
299	1	3	299	1	4	0	1734
299	2	1	299	2	2	1	1897
299	2	1	299	2	3	3	1897
299	2	1	299	2	4	4	1897
299	2	2	299	2	3	4	1897
299	2	2	299	2	4	3	1897
299	2	3	299	2	4	1	1897
300	1	1	300	1	2	0	1823
300	1	1	300	1	3	0	1823
300	1	1	300	1	4	0	1823
300	1	2	300	1	3	0	1823
300	1	2	300	1	4	0	1823
300	1	3	300	1	4	0	1823
301	1	1	301	1	2	0	1786
301	1	1	301	1	3	0	1786
301	1	1	301	1	4	0	1786
301	1	2	301	1	3	0	1786
301	1	2	301	1	4	0	1786
301	1	3	301	1	4	0	1786
301	2	1	301	2	2	3	1616
301	2	1	301	2	3	5	1616
301	2	1	301	2	4	3	1616
301	2	2	301	2	3	3	1616
301	2	2	301	2	4	5	1616
301	2	3	301	2	4	2	1616
301	3	1	301	3	2	0	1059
301	3	1	301	3	3	2	1059
301	3	1	301	3	4	1	1059
301	3	2	301	3	3	2	1059
301	3	2	301	3	4	1	1059
301	3	3	301	3	4	1	1059
302	1	1	302	1	2	4	1278
302	1	1	302	1	3	6	1278
302	1	1	302	1	4	6	1278
302	1	2	302	1	3	7	1278
302	1	2	302	1	4	7	1278
302	1	3	302	1	4	3	1278
303	1	1	303	1	2	0	1941
303	1	1	303	1	3	0	1941
303	1	1	303	1	4	0	1941
303	1	2	303	1	3	0	1941
303	1	2	303	1	4	0	1941
303	1	3	303	1	4	0	1941
304	1	1	304	1	2	0	1202
304	1	1	304	1	3	0	1202
304	1	1	304	1	4	0	1202
304	1	2	304	1	3	0	1202
304	1	2	304	1	4	0	1202
304	1	3	304	1	4	0	1202
304	2	1	304	2	2	0	1025
304	2	1	304	2	3	0	1025
304	2	1	304	2	4	0	1025
304	2	2	304	2	3	0	1025
304	2	2	304	2	4	0	1025
304	2	3	304	2	4	0	1025
304	3	1	304	3	2	0	461
304	3	1	304	3	3	0	461
304	3	1	304	3	4	0	461
304	3	2	304	3	3	0	461
304	3	2	304	3	4	0	461
304	3	3	304	3	4	0	461
305	1	1	305	1	2	0	1462
305	1	1	305	1	3	0	1462
305	1	1	305	1	4	0	1462
305	1	2	305	1	3	0	1462
305	1	2	305	1	4	0	1462
305	1	3	305	1	4	0	1462
306	1	1	306	1	2	0	1832
306	1	1	306	1	3	0	1832
306	1	1	306	1	4	0	1832
306	1	2	306	1	3	0	1832
306	1	2	306	1	4	0	1832
306	1	3	306	1	4	0	1832
307	1	1	307	1	2	0	1587
307	1	1	307	1	3	1	1587
307	1	1	307	1	4	1	1587
307	1	2	307	1	3	1	1587
307	1	2	307	1	4	1	1587
307	1	3	307	1	4	0	1587
307	2	1	307	2	2	0	750
307	2	1	307	2	3	0	750
307	2	1	307	2	4	1	750
307	2	2	307	2	3	0	750
307	2	2	307	2	4	1	750
307	2	3	307	2	4	1	750
309	1	1	309	1	2	0	1735
309	1	1	309	1	3	0	1735
309	1	1	309	1	4	0	1735
309	1	2	309	1	3	0	1735
309	1	2	309	1	4	0	1735
309	1	3	309	1	4	0	1735
309	2	1	309	2	2	0	758
309	2	1	309	2	3	0	758
309	2	1	309	2	4	0	758
309	2	2	309	2	3	0	758
309	2	2	309	2	4	0	758
309	2	3	309	2	4	0	758
309	3	1	309	3	2	0	351
309	3	1	309	3	3	0	351
309	3	1	309	3	4	0	351
309	3	2	309	3	3	0	351
309	3	2	309	3	4	0	351
309	3	3	309	3	4	0	351
311	1	1	311	1	2	0	2296
311	1	1	311	1	3	1	2296
311	1	1	311	1	4	2	2296
311	1	2	311	1	3	1	2296
311	1	2	311	1	4	2	2296
311	1	3	311	1	4	1	2296
312	1	1	312	1	2	2	1362
312	1	1	312	1	3	6	1362
312	1	1	312	1	4	8	1362
312	1	2	312	1	3	8	1362
312	1	2	312	1	4	6	1362
312	1	3	312	1	4	2	1362
313	1	1	313	1	2	2	1766
313	1	1	313	1	3	4	1766
313	1	1	313	1	4	4	1766
313	1	2	313	1	3	4	1766
313	1	2	313	1	4	4	1766
313	1	3	313	1	4	2	1766
314	1	1	314	1	2	0	1914
314	1	1	314	1	3	0	1914
314	1	1	314	1	4	0	1914
314	1	2	314	1	3	0	1914
314	1	2	314	1	4	0	1914
314	1	3	314	1	4	0	1914
315	1	1	315	1	2	1	1494
315	1	1	315	1	3	4	1494
315	1	1	315	1	4	4	1494
315	1	2	315	1	3	5	1494
315	1	2	315	1	4	5	1494
315	1	3	315	1	4	1	1494
315	2	1	315	2	2	0	180
315	2	1	315	2	3	0	180
315	2	1	315	2	4	0	180
315	2	2	315	2	3	0	180
315	2	2	315	2	4	0	180
315	2	3	315	2	4	0	180
316	1	1	316	1	2	0	1661
316	1	1	316	1	3	3	1661
316	1	1	316	1	4	5	1661
316	1	2	316	1	3	3	1661
316	1	2	316	1	4	5	1661
316	1	3	316	1	4	2	1661
316	2	1	316	2	2	0	589
316	2	1	316	2	3	2	589
316	2	1	316	2	4	2	589
316	2	2	316	2	3	2	589
316	2	2	316	2	4	2	589
316	2	3	316	2	4	0	589
318	1	1	318	1	2	0	1002
318	1	1	318	1	3	0	1002
318	1	1	318	1	4	0	1002
318	1	2	318	1	3	0	1002
318	1	2	318	1	4	0	1002
318	1	3	318	1	4	0	1002
318	2	1	318	2	2	0	836
318	2	1	318	2	3	0	836
318	2	1	318	2	4	0	836
318	2	2	318	2	3	0	836
318	2	2	318	2	4	0	836
318	2	3	318	2	4	0	836
319	1	1	319	1	2	6	2133
319	1	1	319	1	3	9	2133
319	1	1	319	1	4	12	2133
319	1	2	319	1	3	9	2133
319	1	2	319	1	4	8	2133
319	1	3	319	1	4	4	2133
320	1	1	320	1	2	0	913
320	1	1	320	1	3	1	913
320	1	1	320	1	4	1	913
320	1	2	320	1	3	1	913
320	1	2	320	1	4	1	913
320	1	3	320	1	4	0	913
321	1	1	321	1	2	0	1760
321	1	1	321	1	3	1	1760
321	1	1	321	1	4	1	1760
321	1	2	321	1	3	1	1760
321	1	2	321	1	4	1	1760
321	1	3	321	1	4	0	1760
322	1	1	322	1	2	1	885
322	1	1	322	1	3	4	885
322	1	1	322	1	4	4	885
322	1	2	322	1	3	3	885
322	1	2	322	1	4	5	885
322	1	3	322	1	4	2	885
323	1	1	323	1	2	2	1116
323	1	1	323	1	3	2	1116
323	1	1	323	1	4	1	1116
323	1	2	323	1	3	0	1116
323	1	2	323	1	4	3	1116
323	1	3	323	1	4	3	1116
324	1	1	324	1	2	2	844
324	1	1	324	1	3	2	844
324	1	1	324	1	4	1	844
324	1	2	324	1	3	0	844
324	1	2	324	1	4	1	844
324	1	3	324	1	4	1	844
325	1	1	325	1	2	0	1794
325	1	1	325	1	3	0	1794
325	1	1	325	1	4	0	1794
325	1	2	325	1	3	0	1794
325	1	2	325	1	4	0	1794
325	1	3	325	1	4	0	1794
325	2	1	325	2	2	0	241
325	2	1	325	2	3	0	241
325	2	1	325	2	4	0	241
325	2	2	325	2	3	0	241
325	2	2	325	2	4	0	241
325	2	3	325	2	4	0	241
326	1	1	326	1	2	0	1881
326	1	1	326	1	3	0	1881
326	1	1	326	1	4	0	1881
326	1	2	326	1	3	0	1881
326	1	2	326	1	4	0	1881
326	1	3	326	1	4	0	1881
327	1	1	327	1	2	0	2121
327	1	1	327	1	3	0	2121
327	1	1	327	1	4	0	2121
327	1	2	327	1	3	0	2121
327	1	2	327	1	4	0	2121
327	1	3	327	1	4	0	2121
328	1	1	328	1	2	2	1389
328	1	1	328	1	3	2	1389
328	1	1	328	1	4	3	1389
328	1	2	328	1	3	3	1389
328	1	2	328	1	4	1	1389
328	1	3	328	1	4	2	1389
328	2	1	328	2	2	0	296
328	2	1	328	2	3	0	296
328	2	1	328	2	4	0	296
328	2	2	328	2	3	0	296
328	2	2	328	2	4	0	296
328	2	3	328	2	4	0	296
328	3	1	328	3	2	0	303
328	3	1	328	3	3	0	303
328	3	1	328	3	4	0	303
328	3	2	328	3	3	0	303
328	3	2	328	3	4	0	303
328	3	3	328	3	4	0	303
330	1	1	330	1	2	0	1589
330	1	1	330	1	3	0	1589
330	1	1	330	1	4	0	1589
330	1	2	330	1	3	0	1589
330	1	2	330	1	4	0	1589
330	1	3	330	1	4	0	1589
333	1	1	333	1	2	0	1317
333	1	1	333	1	3	0	1317
333	1	1	333	1	4	0	1317
333	1	2	333	1	3	0	1317
333	1	2	333	1	4	0	1317
333	1	3	333	1	4	0	1317
334	1	1	334	1	2	0	1813
334	1	1	334	1	3	0	1813
334	1	1	334	1	4	0	1813
334	1	2	334	1	3	0	1813
334	1	2	334	1	4	0	1813
334	1	3	334	1	4	0	1813
335	1	1	335	1	2	0	1616
335	1	1	335	1	3	0	1616
335	1	1	335	1	4	0	1616
335	1	2	335	1	3	0	1616
335	1	2	335	1	4	0	1616
335	1	3	335	1	4	0	1616
335	2	1	335	2	2	0	1500
335	2	1	335	2	3	0	1500
335	2	1	335	2	4	0	1500
335	2	2	335	2	3	0	1500
335	2	2	335	2	4	0	1500
335	2	3	335	2	4	0	1500
337	1	1	337	1	2	0	1644
337	1	1	337	1	3	0	1644
337	1	1	337	1	4	2	1644
337	1	2	337	1	3	0	1644
337	1	2	337	1	4	2	1644
337	1	3	337	1	4	2	1644
338	1	1	338	1	2	0	1833
338	1	1	338	1	3	0	1833
338	1	1	338	1	4	0	1833
338	1	2	338	1	3	0	1833
338	1	2	338	1	4	0	1833
338	1	3	338	1	4	0	1833
339	1	1	339	1	2	33	1830
339	1	1	339	1	3	27	1830
339	1	1	339	1	4	26	1830
339	1	2	339	1	3	29	1830
339	1	2	339	1	4	26	1830
339	1	3	339	1	4	5	1830
339	2	1	339	2	2	0	585
339	2	1	339	2	3	0	585
339	2	1	339	2	4	0	585
339	2	2	339	2	3	0	585
339	2	2	339	2	4	0	585
339	2	3	339	2	4	0	585
339	3	1	339	3	2	0	467
339	3	1	339	3	3	0	467
339	3	1	339	3	4	0	467
339	3	2	339	3	3	0	467
339	3	2	339	3	4	0	467
339	3	3	339	3	4	0	467
340	1	1	340	1	2	0	1125
340	1	1	340	1	3	0	1125
340	1	1	340	1	4	0	1125
340	1	2	340	1	3	0	1125
340	1	2	340	1	4	0	1125
340	1	3	340	1	4	0	1125
340	2	1	340	2	2	0	944
340	2	1	340	2	3	0	944
340	2	1	340	2	4	0	944
340	2	2	340	2	3	0	944
340	2	2	340	2	4	0	944
340	2	3	340	2	4	0	944
341	1	1	341	1	2	1	1536
341	1	1	341	1	3	2	1536
341	1	1	341	1	4	1	1536
341	1	2	341	1	3	1	1536
341	1	2	341	1	4	2	1536
341	1	3	341	1	4	3	1536
342	1	1	342	1	2	0	1739
342	1	1	342	1	3	0	1739
342	1	1	342	1	4	0	1739
342	1	2	342	1	3	0	1739
342	1	2	342	1	4	0	1739
342	1	3	342	1	4	0	1739
344	1	1	344	1	2	0	1544
344	1	1	344	1	3	0	1544
344	1	1	344	1	4	0	1544
344	1	2	344	1	3	0	1544
344	1	2	344	1	4	0	1544
344	1	3	344	1	4	0	1544
345	1	1	345	1	2	2	1814
345	1	1	345	1	3	3	1814
345	1	1	345	1	4	2	1814
345	1	2	345	1	3	3	1814
345	1	2	345	1	4	4	1814
345	1	3	345	1	4	1	1814
346	1	1	346	1	2	4	1980
346	1	1	346	1	3	6	1980
346	1	1	346	1	4	6	1980
346	1	2	346	1	3	8	1980
346	1	2	346	1	4	8	1980
346	1	3	346	1	4	2	1980
347	1	1	347	1	2	1	1916
347	1	1	347	1	3	1	1916
347	1	1	347	1	4	2	1916
347	1	2	347	1	3	2	1916
347	1	2	347	1	4	1	1916
347	1	3	347	1	4	1	1916
348	1	1	348	1	2	0	1462
348	1	1	348	1	3	0	1462
348	1	1	348	1	4	0	1462
348	1	2	348	1	3	0	1462
348	1	2	348	1	4	0	1462
348	1	3	348	1	4	0	1462
349	1	1	349	1	2	0	1761
349	1	1	349	1	3	1	1761
349	1	1	349	1	4	1	1761
349	1	2	349	1	3	1	1761
349	1	2	349	1	4	1	1761
349	1	3	349	1	4	0	1761
350	1	1	350	1	2	0	984
350	1	1	350	1	3	0	984
350	1	1	350	1	4	0	984
350	1	2	350	1	3	0	984
350	1	2	350	1	4	0	984
350	1	3	350	1	4	0	984
350	2	1	350	2	2	0	815
350	2	1	350	2	3	0	815
350	2	1	350	2	4	0	815
350	2	2	350	2	3	0	815
350	2	2	350	2	4	0	815
350	2	3	350	2	4	0	815
350	3	1	350	3	2	0	751
350	3	1	350	3	3	0	751
350	3	1	350	3	4	0	751
350	3	2	350	3	3	0	751
350	3	2	350	3	4	0	751
350	3	3	350	3	4	0	751
351	1	1	351	1	2	5	1596
351	1	1	351	1	3	9	1596
351	1	1	351	1	4	9	1596
351	1	2	351	1	3	12	1596
351	1	2	351	1	4	12	1596
351	1	3	351	1	4	6	1596
351	2	1	351	2	2	0	181
351	2	1	351	2	3	0	181
351	2	1	351	2	4	0	181
351	2	2	351	2	3	0	181
351	2	2	351	2	4	0	181
351	2	3	351	2	4	0	181
352	1	1	352	1	2	0	1870
352	1	1	352	1	3	0	1870
352	1	1	352	1	4	0	1870
352	1	2	352	1	3	0	1870
352	1	2	352	1	4	0	1870
352	1	3	352	1	4	0	1870
352	2	1	352	2	2	0	419
352	2	1	352	2	3	1	419
352	2	1	352	2	4	1	419
352	2	2	352	2	3	1	419
352	2	2	352	2	4	1	419
352	2	3	352	2	4	0	419
353	1	1	353	1	2	0	1325
353	1	1	353	1	3	0	1325
353	1	1	353	1	4	2	1325
353	1	2	353	1	3	0	1325
353	1	2	353	1	4	2	1325
353	1	3	353	1	4	2	1325
354	1	1	354	1	2	4	1465
354	1	1	354	1	3	3	1465
354	1	1	354	1	4	2	1465
354	1	2	354	1	3	1	1465
354	1	2	354	1	4	2	1465
354	1	3	354	1	4	1	1465
355	1	1	355	1	2	0	1615
355	1	1	355	1	3	0	1615
355	1	1	355	1	4	0	1615
355	1	2	355	1	3	0	1615
355	1	2	355	1	4	0	1615
355	1	3	355	1	4	0	1615
356	1	1	356	1	2	0	1260
356	1	1	356	1	3	0	1260
356	1	1	356	1	4	0	1260
356	1	2	356	1	3	0	1260
356	1	2	356	1	4	0	1260
356	1	3	356	1	4	0	1260
357	1	1	357	1	2	0	1895
357	1	1	357	1	3	2	1895
357	1	1	357	1	4	2	1895
357	1	2	357	1	3	2	1895
357	1	2	357	1	4	2	1895
357	1	3	357	1	4	0	1895
357	2	1	357	2	2	0	281
357	2	1	357	2	3	0	281
357	2	1	357	2	4	0	281
357	2	2	357	2	3	0	281
357	2	2	357	2	4	0	281
357	2	3	357	2	4	0	281
357	3	1	357	3	2	0	337
357	3	1	357	3	3	0	337
357	3	1	357	3	4	0	337
357	3	2	357	3	3	0	337
357	3	2	357	3	4	0	337
357	3	3	357	3	4	0	337
358	1	1	358	1	2	1	1314
358	1	1	358	1	3	2	1314
358	1	1	358	1	4	2	1314
358	1	2	358	1	3	1	1314
358	1	2	358	1	4	1	1314
358	1	3	358	1	4	0	1314
359	1	1	359	1	2	0	1305
359	1	1	359	1	3	0	1305
359	1	1	359	1	4	0	1305
359	1	2	359	1	3	0	1305
359	1	2	359	1	4	0	1305
359	1	3	359	1	4	0	1305
361	1	1	361	1	2	0	1768
361	1	1	361	1	3	0	1768
361	1	1	361	1	4	0	1768
361	1	2	361	1	3	0	1768
361	1	2	361	1	4	0	1768
361	1	3	361	1	4	0	1768
362	1	1	362	1	2	0	1500
362	1	1	362	1	3	1	1500
362	1	1	362	1	4	1	1500
362	1	2	362	1	3	1	1500
362	1	2	362	1	4	1	1500
362	1	3	362	1	4	0	1500
362	2	1	362	2	2	1	1380
362	2	1	362	2	3	1	1380
362	2	1	362	2	4	1	1380
362	2	2	362	2	3	0	1380
362	2	2	362	2	4	0	1380
362	2	3	362	2	4	0	1380
363	1	1	363	1	2	0	1278
363	1	1	363	1	3	0	1278
363	1	1	363	1	4	0	1278
363	1	2	363	1	3	0	1278
363	1	2	363	1	4	0	1278
363	1	3	363	1	4	0	1278
364	1	1	364	1	2	3	1791
364	1	1	364	1	3	4	1791
364	1	1	364	1	4	3	1791
364	1	2	364	1	3	3	1791
364	1	2	364	1	4	6	1791
364	1	3	364	1	4	3	1791
364	2	1	364	2	2	0	195
364	2	1	364	2	3	0	195
364	2	1	364	2	4	0	195
364	2	2	364	2	3	0	195
364	2	2	364	2	4	0	195
364	2	3	364	2	4	0	195
364	3	1	364	3	2	0	229
364	3	1	364	3	3	0	229
364	3	1	364	3	4	0	229
364	3	2	364	3	3	0	229
364	3	2	364	3	4	0	229
364	3	3	364	3	4	0	229
365	1	1	365	1	2	2	1705
365	1	1	365	1	3	1	1705
365	1	1	365	1	4	3	1705
365	1	2	365	1	3	3	1705
365	1	2	365	1	4	1	1705
365	1	3	365	1	4	2	1705
366	1	1	366	1	2	0	1730
366	1	1	366	1	3	1	1730
366	1	1	366	1	4	1	1730
366	1	2	366	1	3	1	1730
366	1	2	366	1	4	1	1730
366	1	3	366	1	4	0	1730
367	1	1	367	1	2	0	2132
367	1	1	367	1	3	2	2132
367	1	1	367	1	4	2	2132
367	1	2	367	1	3	2	2132
367	1	2	367	1	4	2	2132
367	1	3	367	1	4	0	2132
367	2	1	367	2	2	0	538
367	2	1	367	2	3	0	538
367	2	1	367	2	4	0	538
367	2	2	367	2	3	0	538
367	2	2	367	2	4	0	538
367	2	3	367	2	4	0	538
368	1	1	368	1	2	0	1614
368	1	1	368	1	3	1	1614
368	1	1	368	1	4	1	1614
368	1	2	368	1	3	1	1614
368	1	2	368	1	4	1	1614
368	1	3	368	1	4	0	1614
368	2	1	368	2	2	0	246
368	2	1	368	2	3	0	246
368	2	1	368	2	4	0	246
368	2	2	368	2	3	0	246
368	2	2	368	2	4	0	246
368	2	3	368	2	4	0	246
369	1	1	369	1	2	1	1433
369	1	1	369	1	3	1	1433
369	1	1	369	1	4	1	1433
369	1	2	369	1	3	0	1433
369	1	2	369	1	4	0	1433
369	1	3	369	1	4	0	1433
370	1	1	370	1	2	1	1737
370	1	1	370	1	3	1	1737
370	1	1	370	1	4	1	1737
370	1	2	370	1	3	0	1737
370	1	2	370	1	4	0	1737
370	1	3	370	1	4	0	1737
371	1	1	371	1	2	6	1540
371	1	1	371	1	3	1	1540
371	1	1	371	1	4	9	1540
371	1	2	371	1	3	5	1540
371	1	2	371	1	4	3	1540
371	1	3	371	1	4	8	1540
372	1	1	372	1	2	0	1822
372	1	1	372	1	3	4	1822
372	1	1	372	1	4	4	1822
372	1	2	372	1	3	4	1822
372	1	2	372	1	4	4	1822
372	1	3	372	1	4	0	1822
373	1	1	373	1	2	4	2929
373	1	1	373	1	3	4	2929
373	1	1	373	1	4	2	2929
373	1	2	373	1	3	2	2929
373	1	2	373	1	4	4	2929
373	1	3	373	1	4	4	2929
373	2	1	373	2	2	0	564
373	2	1	373	2	3	0	564
373	2	1	373	2	4	0	564
373	2	2	373	2	3	0	564
373	2	2	373	2	4	0	564
373	2	3	373	2	4	0	564
374	1	1	374	1	2	1	1892
374	1	1	374	1	3	1	1892
374	1	1	374	1	4	2	1892
374	1	2	374	1	3	2	1892
374	1	2	374	1	4	1	1892
374	1	3	374	1	4	1	1892
375	1	1	375	1	2	0	1765
375	1	1	375	1	3	1	1765
375	1	1	375	1	4	1	1765
375	1	2	375	1	3	1	1765
375	1	2	375	1	4	1	1765
375	1	3	375	1	4	0	1765
377	1	1	377	1	2	0	1915
377	1	1	377	1	3	0	1915
377	1	1	377	1	4	0	1915
377	1	2	377	1	3	0	1915
377	1	2	377	1	4	0	1915
377	1	3	377	1	4	0	1915
378	1	1	378	1	2	0	1505
378	1	1	378	1	3	1	1505
378	1	1	378	1	4	4	1505
378	1	2	378	1	3	1	1505
378	1	2	378	1	4	4	1505
378	1	3	378	1	4	3	1505
379	1	1	379	1	2	2	1473
379	1	1	379	1	3	1	1473
379	1	1	379	1	4	4	1473
379	1	2	379	1	3	3	1473
379	1	2	379	1	4	2	1473
379	1	3	379	1	4	3	1473
380	1	1	380	1	2	0	1845
380	1	1	380	1	3	2	1845
380	1	1	380	1	4	3	1845
380	1	2	380	1	3	2	1845
380	1	2	380	1	4	3	1845
380	1	3	380	1	4	1	1845
381	1	1	381	1	2	0	1897
381	1	1	381	1	3	3	1897
381	1	1	381	1	4	6	1897
381	1	2	381	1	3	3	1897
381	1	2	381	1	4	6	1897
381	1	3	381	1	4	4	1897
382	1	1	382	1	2	0	1726
382	1	1	382	1	3	6	1726
382	1	1	382	1	4	6	1726
382	1	2	382	1	3	6	1726
382	1	2	382	1	4	6	1726
382	1	3	382	1	4	0	1726
383	1	1	383	1	2	0	1119
383	1	1	383	1	3	0	1119
383	1	1	383	1	4	0	1119
383	1	2	383	1	3	0	1119
383	1	2	383	1	4	0	1119
383	1	3	383	1	4	0	1119
384	1	1	384	1	2	0	1078
384	1	1	384	1	3	1	1078
384	1	1	384	1	4	1	1078
384	1	2	384	1	3	1	1078
384	1	2	384	1	4	1	1078
384	1	3	384	1	4	0	1078
385	1	1	385	1	2	1	1699
385	1	1	385	1	3	1	1699
385	1	1	385	1	4	2	1699
385	1	2	385	1	3	2	1699
385	1	2	385	1	4	1	1699
385	1	3	385	1	4	1	1699
386	1	1	386	1	2	0	1967
386	1	1	386	1	3	0	1967
386	1	1	386	1	4	0	1967
386	1	2	386	1	3	0	1967
386	1	2	386	1	4	0	1967
386	1	3	386	1	4	0	1967
387	1	1	387	1	2	0	1321
387	1	1	387	1	3	0	1321
387	1	1	387	1	4	0	1321
387	1	2	387	1	3	0	1321
387	1	2	387	1	4	0	1321
387	1	3	387	1	4	0	1321
388	1	1	388	1	2	0	1783
388	1	1	388	1	3	2	1783
388	1	1	388	1	4	2	1783
388	1	2	388	1	3	2	1783
388	1	2	388	1	4	2	1783
388	1	3	388	1	4	0	1783
389	1	1	389	1	2	0	1445
389	1	1	389	1	3	1	1445
389	1	1	389	1	4	1	1445
389	1	2	389	1	3	1	1445
389	1	2	389	1	4	1	1445
389	1	3	389	1	4	0	1445
389	2	1	389	2	2	0	1379
389	2	1	389	2	3	0	1379
389	2	1	389	2	4	0	1379
389	2	2	389	2	3	0	1379
389	2	2	389	2	4	0	1379
389	2	3	389	2	4	0	1379
390	1	1	390	1	2	1	1531
390	1	1	390	1	3	2	1531
390	1	1	390	1	4	3	1531
390	1	2	390	1	3	1	1531
390	1	2	390	1	4	4	1531
390	1	3	390	1	4	3	1531
391	1	1	391	1	2	13	1984
391	1	1	391	1	3	16	1984
391	1	1	391	1	4	27	1984
391	1	2	391	1	3	25	1984
391	1	2	391	1	4	14	1984
391	1	3	391	1	4	11	1984
392	1	1	392	1	2	8	1369
392	1	1	392	1	3	6	1369
392	1	1	392	1	4	3	1369
392	1	2	392	1	3	2	1369
392	1	2	392	1	4	5	1369
392	1	3	392	1	4	3	1369
392	2	1	392	2	2	1	1160
392	2	1	392	2	3	1	1160
392	2	1	392	2	4	2	1160
392	2	2	392	2	3	2	1160
392	2	2	392	2	4	1	1160
392	2	3	392	2	4	1	1160
392	3	1	392	3	2	0	689
392	3	1	392	3	3	0	689
392	3	1	392	3	4	0	689
392	3	2	392	3	3	0	689
392	3	2	392	3	4	0	689
392	3	3	392	3	4	0	689
393	1	1	393	1	2	3	1886
393	1	1	393	1	3	3	1886
393	1	1	393	1	4	2	1886
393	1	2	393	1	3	2	1886
393	1	2	393	1	4	3	1886
393	1	3	393	1	4	1	1886
393	2	1	393	2	2	0	1505
393	2	1	393	2	3	0	1505
393	2	1	393	2	4	0	1505
393	2	2	393	2	3	0	1505
393	2	2	393	2	4	0	1505
393	2	3	393	2	4	0	1505
394	1	1	394	1	2	0	1058
394	1	1	394	1	3	1	1058
394	1	1	394	1	4	1	1058
394	1	2	394	1	3	1	1058
394	1	2	394	1	4	1	1058
394	1	3	394	1	4	0	1058
394	2	1	394	2	2	0	1010
394	2	1	394	2	3	0	1010
394	2	1	394	2	4	0	1010
394	2	2	394	2	3	0	1010
394	2	2	394	2	4	0	1010
394	2	3	394	2	4	0	1010
395	1	1	395	1	2	0	1873
395	1	1	395	1	3	0	1873
395	1	1	395	1	4	0	1873
395	1	2	395	1	3	0	1873
395	1	2	395	1	4	0	1873
395	1	3	395	1	4	0	1873
396	1	1	396	1	2	0	2147
396	1	1	396	1	3	2	2147
396	1	1	396	1	4	2	2147
396	1	2	396	1	3	2	2147
396	1	2	396	1	4	2	2147
396	1	3	396	1	4	0	2147
399	1	1	399	1	2	2	1750
399	1	1	399	1	3	1	1750
399	1	1	399	1	4	4	1750
399	1	2	399	1	3	3	1750
399	1	2	399	1	4	2	1750
399	1	3	399	1	4	3	1750
400	1	1	400	1	2	0	1811
400	1	1	400	1	3	0	1811
400	1	1	400	1	4	0	1811
400	1	2	400	1	3	0	1811
400	1	2	400	1	4	0	1811
400	1	3	400	1	4	0	1811
402	1	1	402	1	2	11	697
402	1	1	402	1	3	7	697
402	1	1	402	1	4	3	697
402	1	2	402	1	3	4	697
402	1	2	402	1	4	9	697
402	1	3	402	1	4	6	697
402	2	1	402	2	2	8	725
402	2	1	402	2	3	7	725
402	2	1	402	2	4	5	725
402	2	2	402	2	3	1	725
402	2	2	402	2	4	6	725
402	2	3	402	2	4	7	725
403	1	1	403	1	2	3	1646
403	1	1	403	1	3	4	1646
403	1	1	403	1	4	7	1646
403	1	2	403	1	3	5	1646
403	1	2	403	1	4	6	1646
403	1	3	403	1	4	5	1646
