1	1	1	1	1	2	4	1746
1	1	1	1	1	3	8	1746
1	1	1	1	1	4	5	1746
1	1	2	1	1	3	4	1746
1	1	2	1	1	4	9	1746
1	1	3	1	1	4	5	1746
1	2	1	1	2	2	0	219
1	2	1	1	2	3	0	219
1	2	1	1	2	4	0	219
1	2	2	1	2	3	0	219
1	2	2	1	2	4	0	219
1	2	3	1	2	4	0	219
1	3	1	1	3	2	0	266
1	3	1	1	3	3	0	266
1	3	1	1	3	4	0	266
1	3	2	1	3	3	0	266
1	3	2	1	3	4	0	266
1	3	3	1	3	4	0	266
2	1	1	2	1	2	0	1714
2	1	1	2	1	3	1	1714
2	1	1	2	1	4	1	1714
2	1	2	2	1	3	1	1714
2	1	2	2	1	4	1	1714
2	1	3	2	1	4	2	1714
2	2	1	2	2	2	3	234
2	2	1	2	2	3	4	234
2	2	1	2	2	4	2	234
2	2	2	2	2	3	3	234
2	2	2	2	2	4	3	234
2	2	3	2	2	4	2	234
3	1	1	3	1	2	0	1824
3	1	1	3	1	3	0	1824
3	1	1	3	1	4	0	1824
3	1	2	3	1	3	0	1824
3	1	2	3	1	4	0	1824
3	1	3	3	1	4	0	1824
3	2	1	3	2	2	4	827
3	2	1	3	2	3	3	827
3	2	1	3	2	4	5	827
3	2	2	3	2	3	3	827
3	2	2	3	2	4	1	827
3	2	3	3	2	4	2	827
3	3	1	3	3	2	0	220
3	3	1	3	3	3	0	220
3	3	1	3	3	4	0	220
3	3	2	3	3	3	0	220
3	3	2	3	3	4	0	220
3	3	3	3	3	4	0	220
4	1	1	4	1	2	6	1716
4	1	1	4	1	3	6	1716
4	1	1	4	1	4	9	1716
4	1	2	4	1	3	6	1716
4	1	2	4	1	4	8	1716
4	1	3	4	1	4	6	1716
5	1	1	5	1	2	0	1123
5	1	1	5	1	3	0	1123
5	1	1	5	1	4	0	1123
5	1	2	5	1	3	0	1123
5	1	2	5	1	4	0	1123
5	1	3	5	1	4	0	1123
5	2	1	5	2	2	0	988
5	2	1	5	2	3	1	988
5	2	1	5	2	4	1	988
5	2	2	5	2	3	1	988
5	2	2	5	2	4	1	988
5	2	3	5	2	4	0	988
5	3	1	5	3	2	1	598
5	3	1	5	3	3	1	598
5	3	1	5	3	4	1	598
5	3	2	5	3	3	1	598
5	3	2	5	3	4	1	598
5	3	3	5	3	4	1	598
5	4	1	5	4	2	0	339
5	4	1	5	4	3	0	339
5	4	1	5	4	4	0	339
5	4	2	5	4	3	0	339
5	4	2	5	4	4	0	339
5	4	3	5	4	4	0	339
5	5	1	5	5	2	1	269
5	5	1	5	5	3	1	269
5	5	1	5	5	4	1	269
5	5	2	5	5	3	1	269
5	5	2	5	5	4	1	269
5	5	3	5	5	4	0	269
7	1	1	7	1	2	3	1561
7	1	1	7	1	3	9	1561
7	1	1	7	1	4	11	1561
7	1	2	7	1	3	12	1561
7	1	2	7	1	4	8	1561
7	1	3	7	1	4	4	1561
8	1	1	8	1	2	0	1624
8	1	1	8	1	3	2	1624
8	1	1	8	1	4	2	1624
8	1	2	8	1	3	2	1624
8	1	2	8	1	4	2	1624
8	1	3	8	1	4	0	1624
9	1	1	9	1	2	0	1707
9	1	1	9	1	3	0	1707
9	1	1	9	1	4	0	1707
9	1	2	9	1	3	0	1707
9	1	2	9	1	4	0	1707
9	1	3	9	1	4	0	1707
10	1	1	10	1	2	1	1091
10	1	1	10	1	3	2	1091
10	1	1	10	1	4	1	1091
10	1	2	10	1	3	1	1091
10	1	2	10	1	4	2	1091
10	1	3	10	1	4	3	1091
11	1	1	11	1	2	0	1211
11	1	1	11	1	3	1	1211
11	1	1	11	1	4	1	1211
11	1	2	11	1	3	1	1211
11	1	2	11	1	4	1	1211
11	1	3	11	1	4	0	1211
11	2	1	11	2	2	0	465
11	2	1	11	2	3	1	465
11	2	1	11	2	4	1	465
11	2	2	11	2	3	1	465
11	2	2	11	2	4	1	465
11	2	3	11	2	4	0	465
11	3	1	11	3	2	0	350
11	3	1	11	3	3	0	350
11	3	1	11	3	4	0	350
11	3	2	11	3	3	0	350
11	3	2	11	3	4	0	350
11	3	3	11	3	4	0	350
12	1	1	12	1	2	1	1598
12	1	1	12	1	3	2	1598
12	1	1	12	1	4	3	1598
12	1	2	12	1	3	3	1598
12	1	2	12	1	4	2	1598
12	1	3	12	1	4	1	1598
13	1	1	13	1	2	0	1121
13	1	1	13	1	3	2	1121
13	1	1	13	1	4	1	1121
13	1	2	13	1	3	2	1121
13	1	2	13	1	4	1	1121
13	1	3	13	1	4	1	1121
13	2	1	13	2	2	0	580
13	2	1	13	2	3	1	580
13	2	1	13	2	4	1	580
13	2	2	13	2	3	1	580
13	2	2	13	2	4	1	580
13	2	3	13	2	4	0	580
14	1	1	14	1	2	2	1833
14	1	1	14	1	3	2	1833
14	1	1	14	1	4	2	1833
14	1	2	14	1	3	0	1833
14	1	2	14	1	4	0	1833
14	1	3	14	1	4	0	1833
15	1	1	15	1	2	6	1741
15	1	1	15	1	3	2	1741
15	1	1	15	1	4	5	1741
15	1	2	15	1	3	4	1741
15	1	2	15	1	4	3	1741
15	1	3	15	1	4	7	1741
16	1	1	16	1	2	5	1590
16	1	1	16	1	3	1	1590
16	1	1	16	1	4	7	1590
16	1	2	16	1	3	6	1590
16	1	2	16	1	4	2	1590
16	1	3	16	1	4	6	1590
17	1	1	17	1	2	2	1906
17	1	1	17	1	3	7	1906
17	1	1	17	1	4	8	1906
17	1	2	17	1	3	8	1906
17	1	2	17	1	4	6	1906
17	1	3	17	1	4	2	1906
17	2	1	17	2	2	3	1786
17	2	1	17	2	3	1	1786
17	2	1	17	2	4	4	1786
17	2	2	17	2	3	4	1786
17	2	2	17	2	4	1	1786
17	2	3	17	2	4	3	1786
18	1	1	18	1	2	0	2003
18	1	1	18	1	3	1	2003
18	1	1	18	1	4	1	2003
18	1	2	18	1	3	1	2003
18	1	2	18	1	4	1	2003
18	1	3	18	1	4	0	2003
19	1	1	19	1	2	3	1896
19	1	1	19	1	3	2	1896
19	1	1	19	1	4	5	1896
19	1	2	19	1	3	5	1896
19	1	2	19	1	4	2	1896
19	1	3	19	1	4	3	1896
19	2	1	19	2	2	2	1725
19	2	1	19	2	3	5	1725
19	2	1	19	2	4	5	1725
19	2	2	19	2	3	3	1725
19	2	2	19	2	4	3	1725
19	2	3	19	2	4	0	1725
19	3	1	19	3	2	0	1496
19	3	1	19	3	3	5	1496
19	3	1	19	3	4	4	1496
19	3	2	19	3	3	5	1496
19	3	2	19	3	4	4	1496
19	3	3	19	3	4	3	1496
19	4	1	19	4	2	1	1502
19	4	1	19	4	3	1	1502
19	4	1	19	4	4	1	1502
19	4	2	19	4	3	0	1502
19	4	2	19	4	4	0	1502
19	4	3	19	4	4	0	1502
19	5	1	19	5	2	0	1020
19	5	1	19	5	3	0	1020
19	5	1	19	5	4	0	1020
19	5	2	19	5	3	0	1020
19	5	2	19	5	4	0	1020
19	5	3	19	5	4	0	1020
19	6	1	19	6	2	0	798
19	6	1	19	6	3	0	798
19	6	1	19	6	4	0	798
19	6	2	19	6	3	0	798
19	6	2	19	6	4	0	798
19	6	3	19	6	4	0	798
19	7	1	19	7	2	0	493
19	7	1	19	7	3	0	493
19	7	1	19	7	4	0	493
19	7	2	19	7	3	0	493
19	7	2	19	7	4	0	493
19	7	3	19	7	4	0	493
19	8	1	19	8	2	0	601
19	8	1	19	8	3	0	601
19	8	1	19	8	4	0	601
19	8	2	19	8	3	0	601
19	8	2	19	8	4	0	601
19	8	3	19	8	4	0	601
20	1	1	20	1	2	0	1516
20	1	1	20	1	3	0	1516
20	1	1	20	1	4	0	1516
20	1	2	20	1	3	0	1516
20	1	2	20	1	4	0	1516
20	1	3	20	1	4	0	1516
20	2	1	20	2	2	18	1528
20	2	1	20	2	3	19	1528
20	2	1	20	2	4	12	1528
20	2	2	20	2	3	10	1528
20	2	2	20	2	4	14	1528
20	2	3	20	2	4	11	1528
20	3	1	20	3	2	4	948
20	3	1	20	3	3	4	948
20	3	1	20	3	4	8	948
20	3	2	20	3	3	4	948
20	3	2	20	3	4	4	948
20	3	3	20	3	4	4	948
21	1	1	21	1	2	0	1112
21	1	1	21	1	3	0	1112
21	1	1	21	1	4	0	1112
21	1	2	21	1	3	0	1112
21	1	2	21	1	4	0	1112
21	1	3	21	1	4	0	1112
22	1	1	22	1	2	15	1863
22	1	1	22	1	3	15	1863
22	1	1	22	1	4	13	1863
22	1	2	22	1	3	13	1863
22	1	2	22	1	4	16	1863
22	1	3	22	1	4	15	1863
22	2	1	22	2	2	0	207
22	2	1	22	2	3	0	207
22	2	1	22	2	4	0	207
22	2	2	22	2	3	0	207
22	2	2	22	2	4	0	207
22	2	3	22	2	4	0	207
23	1	1	23	1	2	20	2431
23	1	1	23	1	3	23	2431
23	1	1	23	1	4	19	2431
23	1	2	23	1	3	19	2431
23	1	2	23	1	4	19	2431
23	1	3	23	1	4	19	2431
24	1	1	24	1	2	5	1664
24	1	1	24	1	3	5	1664
24	1	1	24	1	4	5	1664
24	1	2	24	1	3	0	1664
24	1	2	24	1	4	2	1664
24	1	3	24	1	4	2	1664
25	1	1	25	1	2	0	1384
25	1	1	25	1	3	2	1384
25	1	1	25	1	4	2	1384
25	1	2	25	1	3	2	1384
25	1	2	25	1	4	2	1384
25	1	3	25	1	4	0	1384
26	1	1	26	1	2	2	1243
26	1	1	26	1	3	1	1243
26	1	1	26	1	4	3	1243
26	1	2	26	1	3	3	1243
26	1	2	26	1	4	1	1243
26	1	3	26	1	4	2	1243
27	1	1	27	1	2	1	1167
27	1	1	27	1	3	1	1167
27	1	1	27	1	4	2	1167
27	1	2	27	1	3	2	1167
27	1	2	27	1	4	1	1167
27	1	3	27	1	4	1	1167
28	1	1	28	1	2	0	1732
28	1	1	28	1	3	3	1732
28	1	1	28	1	4	3	1732
28	1	2	28	1	3	3	1732
28	1	2	28	1	4	3	1732
28	1	3	28	1	4	0	1732
29	1	1	29	1	2	0	1780
29	1	1	29	1	3	0	1780
29	1	1	29	1	4	0	1780
29	1	2	29	1	3	0	1780
29	1	2	29	1	4	0	1780
29	1	3	29	1	4	0	1780
30	1	1	30	1	2	0	737
30	1	1	30	1	3	0	737
30	1	1	30	1	4	0	737
30	1	2	30	1	3	0	737
30	1	2	30	1	4	0	737
30	1	3	30	1	4	0	737
31	1	1	31	1	2	0	1529
31	1	1	31	1	3	0	1529
31	1	1	31	1	4	0	1529
31	1	2	31	1	3	0	1529
31	1	2	31	1	4	0	1529
31	1	3	31	1	4	0	1529
32	1	1	32	1	2	0	1520
32	1	1	32	1	3	0	1520
32	1	1	32	1	4	0	1520
32	1	2	32	1	3	0	1520
32	1	2	32	1	4	0	1520
32	1	3	32	1	4	0	1520
33	1	1	33	1	2	0	1346
33	1	1	33	1	3	1	1346
33	1	1	33	1	4	1	1346
33	1	2	33	1	3	1	1346
33	1	2	33	1	4	1	1346
33	1	3	33	1	4	0	1346
33	2	1	33	2	2	0	470
33	2	1	33	2	3	0	470
33	2	1	33	2	4	0	470
33	2	2	33	2	3	0	470
33	2	2	33	2	4	0	470
33	2	3	33	2	4	0	470
34	1	1	34	1	2	0	1562
34	1	1	34	1	3	0	1562
34	1	1	34	1	4	0	1562
34	1	2	34	1	3	0	1562
34	1	2	34	1	4	0	1562
34	1	3	34	1	4	0	1562
35	1	1	35	1	2	1	1626
35	1	1	35	1	3	1	1626
35	1	1	35	1	4	1	1626
35	1	2	35	1	3	0	1626
35	1	2	35	1	4	0	1626
35	1	3	35	1	4	0	1626
36	1	1	36	1	2	1	1979
36	1	1	36	1	3	1	1979
36	1	1	36	1	4	2	1979
36	1	2	36	1	3	2	1979
36	1	2	36	1	4	1	1979
36	1	3	36	1	4	1	1979
37	1	1	37	1	2	5	1094
37	1	1	37	1	3	6	1094
37	1	1	37	1	4	2	1094
37	1	2	37	1	3	3	1094
37	1	2	37	1	4	5	1094
37	1	3	37	1	4	6	1094
38	1	1	38	1	2	0	1216
38	1	1	38	1	3	1	1216
38	1	1	38	1	4	1	1216
38	1	2	38	1	3	1	1216
38	1	2	38	1	4	1	1216
38	1	3	38	1	4	0	1216
39	1	1	39	1	2	7	1821
39	1	1	39	1	3	6	1821
39	1	1	39	1	4	8	1821
39	1	2	39	1	3	7	1821
39	1	2	39	1	4	5	1821
39	1	3	39	1	4	4	1821
40	1	1	40	1	2	0	761
40	1	1	40	1	3	1	761
40	1	1	40	1	4	1	761
40	1	2	40	1	3	1	761
40	1	2	40	1	4	1	761
40	1	3	40	1	4	0	761
40	2	1	40	2	2	0	685
40	2	1	40	2	3	0	685
40	2	1	40	2	4	0	685
40	2	2	40	2	3	0	685
40	2	2	40	2	4	0	685
40	2	3	40	2	4	0	685
40	3	1	40	3	2	0	812
40	3	1	40	3	3	1	812
40	3	1	40	3	4	1	812
40	3	2	40	3	3	1	812
40	3	2	40	3	4	1	812
40	3	3	40	3	4	0	812
40	4	1	40	4	2	0	862
40	4	1	40	4	3	0	862
40	4	1	40	4	4	0	862
40	4	2	40	4	3	0	862
40	4	2	40	4	4	0	862
40	4	3	40	4	4	0	862
40	5	1	40	5	2	0	576
40	5	1	40	5	3	0	576
40	5	1	40	5	4	0	576
40	5	2	40	5	3	0	576
40	5	2	40	5	4	0	576
40	5	3	40	5	4	0	576
41	1	1	41	1	2	0	1621
41	1	1	41	1	3	1	1621
41	1	1	41	1	4	1	1621
41	1	2	41	1	3	1	1621
41	1	2	41	1	4	1	1621
41	1	3	41	1	4	0	1621
42	1	1	42	1	2	32	2157
42	1	1	42	1	3	19	2157
42	1	1	42	1	4	30	2157
42	1	2	42	1	3	31	2157
42	1	2	42	1	4	24	2157
42	1	3	42	1	4	26	2157
42	2	1	42	2	2	3	380
42	2	1	42	2	3	3	380
42	2	1	42	2	4	3	380
42	2	2	42	2	3	1	380
42	2	2	42	2	4	1	380
42	2	3	42	2	4	0	380
43	1	1	43	1	2	0	1863
43	1	1	43	1	3	0	1863
43	1	1	43	1	4	1	1863
43	1	2	43	1	3	0	1863
43	1	2	43	1	4	1	1863
43	1	3	43	1	4	1	1863
43	2	1	43	2	2	0	890
43	2	1	43	2	3	0	890
43	2	1	43	2	4	0	890
43	2	2	43	2	3	0	890
43	2	2	43	2	4	0	890
43	2	3	43	2	4	0	890
43	3	1	43	3	2	0	540
43	3	1	43	3	3	0	540
43	3	1	43	3	4	0	540
43	3	2	43	3	3	0	540
43	3	2	43	3	4	0	540
43	3	3	43	3	4	0	540
44	1	1	44	1	2	2	1602
44	1	1	44	1	3	2	1602
44	1	1	44	1	4	1	1602
44	1	2	44	1	3	0	1602
44	1	2	44	1	4	1	1602
44	1	3	44	1	4	1	1602
44	2	1	44	2	2	0	623
44	2	1	44	2	3	0	623
44	2	1	44	2	4	0	623
44	2	2	44	2	3	0	623
44	2	2	44	2	4	0	623
44	2	3	44	2	4	0	623
46	1	1	46	1	2	0	1834
46	1	1	46	1	3	0	1834
46	1	1	46	1	4	0	1834
46	1	2	46	1	3	0	1834
46	1	2	46	1	4	0	1834
46	1	3	46	1	4	0	1834
47	1	1	47	1	2	0	1614
47	1	1	47	1	3	0	1614
47	1	1	47	1	4	0	1614
47	1	2	47	1	3	0	1614
47	1	2	47	1	4	0	1614
47	1	3	47	1	4	0	1614
48	1	1	48	1	2	0	1446
48	1	1	48	1	3	0	1446
48	1	1	48	1	4	0	1446
48	1	2	48	1	3	0	1446
48	1	2	48	1	4	0	1446
48	1	3	48	1	4	0	1446
49	1	1	49	1	2	7	1713
49	1	1	49	1	3	3	1713
49	1	1	49	1	4	7	1713
49	1	2	49	1	3	6	1713
49	1	2	49	1	4	5	1713
49	1	3	49	1	4	6	1713
50	1	1	50	1	2	3	1824
50	1	1	50	1	3	11	1824
50	1	1	50	1	4	11	1824
50	1	2	50	1	3	14	1824
50	1	2	50	1	4	14	1824
50	1	3	50	1	4	0	1824
51	1	1	51	1	2	0	1555
51	1	1	51	1	3	2	1555
51	1	1	51	1	4	2	1555
51	1	2	51	1	3	2	1555
51	1	2	51	1	4	2	1555
51	1	3	51	1	4	0	1555
52	1	1	52	1	2	1	1973
52	1	1	52	1	3	1	1973
52	1	1	52	1	4	1	1973
52	1	2	52	1	3	0	1973
52	1	2	52	1	4	2	1973
52	1	3	52	1	4	2	1973
52	2	1	52	2	2	0	150
52	2	1	52	2	3	0	150
52	2	1	52	2	4	0	150
52	2	2	52	2	3	0	150
52	2	2	52	2	4	0	150
52	2	3	52	2	4	0	150
54	1	1	54	1	2	0	1374
54	1	1	54	1	3	0	1374
54	1	1	54	1	4	0	1374
54	1	2	54	1	3	0	1374
54	1	2	54	1	4	0	1374
54	1	3	54	1	4	0	1374
55	1	1	55	1	2	0	1684
55	1	1	55	1	3	0	1684
55	1	1	55	1	4	0	1684
55	1	2	55	1	3	0	1684
55	1	2	55	1	4	0	1684
55	1	3	55	1	4	0	1684
55	2	1	55	2	2	0	762
55	2	1	55	2	3	0	762
55	2	1	55	2	4	0	762
55	2	2	55	2	3	0	762
55	2	2	55	2	4	0	762
55	2	3	55	2	4	0	762
55	3	1	55	3	2	0	281
55	3	1	55	3	3	0	281
55	3	1	55	3	4	0	281
55	3	2	55	3	3	0	281
55	3	2	55	3	4	0	281
55	3	3	55	3	4	0	281
56	1	1	56	1	2	14	1658
56	1	1	56	1	3	18	1658
56	1	1	56	1	4	18	1658
56	1	2	56	1	3	14	1658
56	1	2	56	1	4	11	1658
56	1	3	56	1	4	14	1658
57	1	1	57	1	2	564	2707
57	1	1	57	1	3	552	2707
57	1	1	57	1	4	549	2707
57	1	2	57	1	3	548	2707
57	1	2	57	1	4	532	2707
57	1	3	57	1	4	565	2707
58	1	1	58	1	2	6	1570
58	1	1	58	1	3	8	1570
58	1	1	58	1	4	10	1570
58	1	2	58	1	3	8	1570
58	1	2	58	1	4	5	1570
58	1	3	58	1	4	4	1570
60	1	1	60	1	2	9	1820
60	1	1	60	1	3	11	1820
60	1	1	60	1	4	6	1820
60	1	2	60	1	3	4	1820
60	1	2	60	1	4	7	1820
60	1	3	60	1	4	9	1820
61	1	1	61	1	2	2	1838
61	1	1	61	1	3	3	1838
61	1	1	61	1	4	3	1838
61	1	2	61	1	3	1	1838
61	1	2	61	1	4	1	1838
61	1	3	61	1	4	0	1838
61	2	1	61	2	2	0	311
61	2	1	61	2	3	0	311
61	2	1	61	2	4	0	311
61	2	2	61	2	3	0	311
61	2	2	61	2	4	0	311
61	2	3	61	2	4	0	311
62	1	1	62	1	2	2	1640
62	1	1	62	1	3	1	1640
62	1	1	62	1	4	3	1640
62	1	2	62	1	3	3	1640
62	1	2	62	1	4	1	1640
62	1	3	62	1	4	2	1640
63	1	1	63	1	2	1	1788
63	1	1	63	1	3	1	1788
63	1	1	63	1	4	2	1788
63	1	2	63	1	3	2	1788
63	1	2	63	1	4	1	1788
63	1	3	63	1	4	1	1788
64	1	1	64	1	2	0	1951
64	1	1	64	1	3	0	1951
64	1	1	64	1	4	0	1951
64	1	2	64	1	3	0	1951
64	1	2	64	1	4	0	1951
64	1	3	64	1	4	0	1951
65	1	1	65	1	2	1	1852
65	1	1	65	1	3	2	1852
65	1	1	65	1	4	3	1852
65	1	2	65	1	3	3	1852
65	1	2	65	1	4	2	1852
65	1	3	65	1	4	1	1852
65	2	1	65	2	2	0	305
65	2	1	65	2	3	1	305
65	2	1	65	2	4	1	305
65	2	2	65	2	3	1	305
65	2	2	65	2	4	1	305
65	2	3	65	2	4	0	305
65	3	1	65	3	2	0	315
65	3	1	65	3	3	0	315
65	3	1	65	3	4	0	315
65	3	2	65	3	3	0	315
65	3	2	65	3	4	0	315
65	3	3	65	3	4	0	315
66	1	1	66	1	2	168	1219
66	1	1	66	1	3	153	1219
66	1	1	66	1	4	151	1219
66	1	2	66	1	3	154	1219
66	1	2	66	1	4	158	1219
66	1	3	66	1	4	155	1219
67	1	1	67	1	2	1	1803
67	1	1	67	1	3	1	1803
67	1	1	67	1	4	2	1803
67	1	2	67	1	3	2	1803
67	1	2	67	1	4	1	1803
67	1	3	67	1	4	1	1803
68	1	1	68	1	2	0	1355
68	1	1	68	1	3	0	1355
68	1	1	68	1	4	0	1355
68	1	2	68	1	3	0	1355
68	1	2	68	1	4	0	1355
68	1	3	68	1	4	0	1355
68	2	1	68	2	2	0	1253
68	2	1	68	2	3	1	1253
68	2	1	68	2	4	1	1253
68	2	2	68	2	3	1	1253
68	2	2	68	2	4	1	1253
68	2	3	68	2	4	0	1253
68	3	1	68	3	2	0	318
68	3	1	68	3	3	0	318
68	3	1	68	3	4	0	318
68	3	2	68	3	3	0	318
68	3	2	68	3	4	0	318
68	3	3	68	3	4	0	318
69	1	1	69	1	2	0	1779
69	1	1	69	1	3	1	1779
69	1	1	69	1	4	2	1779
69	1	2	69	1	3	1	1779
69	1	2	69	1	4	2	1779
69	1	3	69	1	4	1	1779
69	2	1	69	2	2	0	1083
69	2	1	69	2	3	0	1083
69	2	1	69	2	4	0	1083
69	2	2	69	2	3	0	1083
69	2	2	69	2	4	0	1083
69	2	3	69	2	4	0	1083
69	3	1	69	3	2	0	1057
69	3	1	69	3	3	0	1057
69	3	1	69	3	4	0	1057
69	3	2	69	3	3	0	1057
69	3	2	69	3	4	0	1057
69	3	3	69	3	4	0	1057
70	1	1	70	1	2	0	755
70	1	1	70	1	3	1	755
70	1	1	70	1	4	1	755
70	1	2	70	1	3	1	755
70	1	2	70	1	4	1	755
70	1	3	70	1	4	0	755
70	2	1	70	2	2	0	726
70	2	1	70	2	3	0	726
70	2	1	70	2	4	0	726
70	2	2	70	2	3	0	726
70	2	2	70	2	4	0	726
70	2	3	70	2	4	0	726
71	1	1	71	1	2	0	1435
71	1	1	71	1	3	1	1435
71	1	1	71	1	4	1	1435
71	1	2	71	1	3	1	1435
71	1	2	71	1	4	1	1435
71	1	3	71	1	4	0	1435
71	2	1	71	2	2	0	1152
71	2	1	71	2	3	0	1152
71	2	1	71	2	4	0	1152
71	2	2	71	2	3	0	1152
71	2	2	71	2	4	0	1152
71	2	3	71	2	4	0	1152
72	1	1	72	1	2	0	1359
72	1	1	72	1	3	1	1359
72	1	1	72	1	4	1	1359
72	1	2	72	1	3	1	1359
72	1	2	72	1	4	1	1359
72	1	3	72	1	4	0	1359
73	1	1	73	1	2	0	1789
73	1	1	73	1	3	5	1789
73	1	1	73	1	4	3	1789
73	1	2	73	1	3	5	1789
73	1	2	73	1	4	3	1789
73	1	3	73	1	4	2	1789
74	1	1	74	1	2	0	562
74	1	1	74	1	3	0	562
74	1	1	74	1	4	0	562
74	1	2	74	1	3	0	562
74	1	2	74	1	4	0	562
74	1	3	74	1	4	0	562
74	2	1	74	2	2	0	545
74	2	1	74	2	3	0	545
74	2	1	74	2	4	0	545
74	2	2	74	2	3	0	545
74	2	2	74	2	4	0	545
74	2	3	74	2	4	0	545
75	1	1	75	1	2	0	1607
75	1	1	75	1	3	0	1607
75	1	1	75	1	4	0	1607
75	1	2	75	1	3	0	1607
75	1	2	75	1	4	0	1607
75	1	3	75	1	4	0	1607
75	2	1	75	2	2	0	782
75	2	1	75	2	3	1	782
75	2	1	75	2	4	1	782
75	2	2	75	2	3	1	782
75	2	2	75	2	4	1	782
75	2	3	75	2	4	0	782
75	3	1	75	3	2	15	607
75	3	1	75	3	3	21	607
75	3	1	75	3	4	17	607
75	3	2	75	3	3	16	607
75	3	2	75	3	4	17	607
75	3	3	75	3	4	12	607
76	1	1	76	1	2	0	1751
76	1	1	76	1	3	0	1751
76	1	1	76	1	4	0	1751
76	1	2	76	1	3	0	1751
76	1	2	76	1	4	0	1751
76	1	3	76	1	4	0	1751
78	1	1	78	1	2	0	1359
78	1	1	78	1	3	0	1359
78	1	1	78	1	4	0	1359
78	1	2	78	1	3	0	1359
78	1	2	78	1	4	0	1359
78	1	3	78	1	4	0	1359
78	2	1	78	2	2	0	578
78	2	1	78	2	3	0	578
78	2	1	78	2	4	0	578
78	2	2	78	2	3	0	578
78	2	2	78	2	4	0	578
78	2	3	78	2	4	0	578
78	3	1	78	3	2	0	502
78	3	1	78	3	3	0	502
78	3	1	78	3	4	0	502
78	3	2	78	3	3	0	502
78	3	2	78	3	4	0	502
78	3	3	78	3	4	0	502
78	4	1	78	4	2	0	437
78	4	1	78	4	3	0	437
78	4	1	78	4	4	0	437
78	4	2	78	4	3	0	437
78	4	2	78	4	4	0	437
78	4	3	78	4	4	0	437
80	1	1	80	1	2	0	1012
80	1	1	80	1	3	2	1012
80	1	1	80	1	4	2	1012
80	1	2	80	1	3	2	1012
80	1	2	80	1	4	2	1012
80	1	3	80	1	4	0	1012
81	1	1	81	1	2	0	1601
81	1	1	81	1	3	0	1601
81	1	1	81	1	4	0	1601
81	1	2	81	1	3	0	1601
81	1	2	81	1	4	0	1601
81	1	3	81	1	4	0	1601
82	1	1	82	1	2	0	1499
82	1	1	82	1	3	0	1499
82	1	1	82	1	4	0	1499
82	1	2	82	1	3	0	1499
82	1	2	82	1	4	0	1499
82	1	3	82	1	4	0	1499
83	1	1	83	1	2	0	1264
83	1	1	83	1	3	0	1264
83	1	1	83	1	4	0	1264
83	1	2	83	1	3	0	1264
83	1	2	83	1	4	0	1264
83	1	3	83	1	4	0	1264
84	1	1	84	1	2	3	1908
84	1	1	84	1	3	2	1908
84	1	1	84	1	4	3	1908
84	1	2	84	1	3	3	1908
84	1	2	84	1	4	2	1908
84	1	3	84	1	4	3	1908
84	2	1	84	2	2	6	1488
84	2	1	84	2	3	3	1488
84	2	1	84	2	4	7	1488
84	2	2	84	2	3	9	1488
84	2	2	84	2	4	5	1488
84	2	3	84	2	4	4	1488
84	3	1	84	3	2	1	904
84	3	1	84	3	3	1	904
84	3	1	84	3	4	1	904
84	3	2	84	3	3	0	904
84	3	2	84	3	4	0	904
84	3	3	84	3	4	0	904
85	1	1	85	1	2	0	1474
85	1	1	85	1	3	0	1474
85	1	1	85	1	4	0	1474
85	1	2	85	1	3	0	1474
85	1	2	85	1	4	0	1474
85	1	3	85	1	4	0	1474
85	2	1	85	2	2	6	1332
85	2	1	85	2	3	2	1332
85	2	1	85	2	4	8	1332
85	2	2	85	2	3	8	1332
85	2	2	85	2	4	2	1332
85	2	3	85	2	4	6	1332
86	1	1	86	1	2	0	1867
86	1	1	86	1	3	1	1867
86	1	1	86	1	4	1	1867
86	1	2	86	1	3	1	1867
86	1	2	86	1	4	1	1867
86	1	3	86	1	4	0	1867
87	1	1	87	1	2	1	1514
87	1	1	87	1	3	1	1514
87	1	1	87	1	4	2	1514
87	1	2	87	1	3	2	1514
87	1	2	87	1	4	1	1514
87	1	3	87	1	4	1	1514
87	2	1	87	2	2	0	495
87	2	1	87	2	3	1	495
87	2	1	87	2	4	1	495
87	2	2	87	2	3	1	495
87	2	2	87	2	4	1	495
87	2	3	87	2	4	0	495
88	1	1	88	1	2	0	856
88	1	1	88	1	3	1	856
88	1	1	88	1	4	1	856
88	1	2	88	1	3	1	856
88	1	2	88	1	4	1	856
88	1	3	88	1	4	0	856
88	2	1	88	2	2	0	891
88	2	1	88	2	3	0	891
88	2	1	88	2	4	0	891
88	2	2	88	2	3	0	891
88	2	2	88	2	4	0	891
88	2	3	88	2	4	0	891
88	3	1	88	3	2	36	641
88	3	1	88	3	3	33	641
88	3	1	88	3	4	39	641
88	3	2	88	3	3	33	641
88	3	2	88	3	4	32	641
88	3	3	88	3	4	37	641
88	4	1	88	4	2	0	609
88	4	1	88	4	3	0	609
88	4	1	88	4	4	0	609
88	4	2	88	4	3	0	609
88	4	2	88	4	4	0	609
88	4	3	88	4	4	0	609
88	5	1	88	5	2	0	528
88	5	1	88	5	3	0	528
88	5	1	88	5	4	0	528
88	5	2	88	5	3	0	528
88	5	2	88	5	4	0	528
88	5	3	88	5	4	0	528
88	6	1	88	6	2	0	510
88	6	1	88	6	3	0	510
88	6	1	88	6	4	1	510
88	6	2	88	6	3	0	510
88	6	2	88	6	4	1	510
88	6	3	88	6	4	1	510
88	7	1	88	7	2	0	433
88	7	1	88	7	3	0	433
88	7	1	88	7	4	0	433
88	7	2	88	7	3	0	433
88	7	2	88	7	4	0	433
88	7	3	88	7	4	0	433
89	1	1	89	1	2	0	1149
89	1	1	89	1	3	1	1149
89	1	1	89	1	4	1	1149
89	1	2	89	1	3	1	1149
89	1	2	89	1	4	1	1149
89	1	3	89	1	4	0	1149
90	1	1	90	1	2	0	1592
90	1	1	90	1	3	0	1592
90	1	1	90	1	4	0	1592
90	1	2	90	1	3	0	1592
90	1	2	90	1	4	0	1592
90	1	3	90	1	4	0	1592
91	1	1	91	1	2	0	1767
91	1	1	91	1	3	8	1767
91	1	1	91	1	4	8	1767
91	1	2	91	1	3	8	1767
91	1	2	91	1	4	8	1767
91	1	3	91	1	4	0	1767
92	1	1	92	1	2	0	1727
92	1	1	92	1	3	0	1727
92	1	1	92	1	4	0	1727
92	1	2	92	1	3	0	1727
92	1	2	92	1	4	0	1727
92	1	3	92	1	4	0	1727
93	1	1	93	1	2	0	1424
93	1	1	93	1	3	0	1424
93	1	1	93	1	4	0	1424
93	1	2	93	1	3	0	1424
93	1	2	93	1	4	0	1424
93	1	3	93	1	4	0	1424
94	1	1	94	1	2	0	1606
94	1	1	94	1	3	0	1606
94	1	1	94	1	4	0	1606
94	1	2	94	1	3	0	1606
94	1	2	94	1	4	0	1606
94	1	3	94	1	4	0	1606
95	1	1	95	1	2	0	1814
95	1	1	95	1	3	0	1814
95	1	1	95	1	4	0	1814
95	1	2	95	1	3	0	1814
95	1	2	95	1	4	0	1814
95	1	3	95	1	4	0	1814
96	1	1	96	1	2	0	1644
96	1	1	96	1	3	0	1644
96	1	1	96	1	4	0	1644
96	1	2	96	1	3	0	1644
96	1	2	96	1	4	0	1644
96	1	3	96	1	4	0	1644
98	1	1	98	1	2	0	1706
98	1	1	98	1	3	3	1706
98	1	1	98	1	4	3	1706
98	1	2	98	1	3	3	1706
98	1	2	98	1	4	3	1706
98	1	3	98	1	4	0	1706
98	2	1	98	2	2	0	714
98	2	1	98	2	3	2	714
98	2	1	98	2	4	2	714
98	2	2	98	2	3	2	714
98	2	2	98	2	4	2	714
98	2	3	98	2	4	0	714
98	3	1	98	3	2	0	257
98	3	1	98	3	3	0	257
98	3	1	98	3	4	0	257
98	3	2	98	3	3	0	257
98	3	2	98	3	4	0	257
98	3	3	98	3	4	0	257
99	1	1	99	1	2	0	1554
99	1	1	99	1	3	0	1554
99	1	1	99	1	4	0	1554
99	1	2	99	1	3	0	1554
99	1	2	99	1	4	0	1554
99	1	3	99	1	4	0	1554
100	1	1	100	1	2	3	1792
100	1	1	100	1	3	1	1792
100	1	1	100	1	4	6	1792
100	1	2	100	1	3	2	1792
100	1	2	100	1	4	5	1792
100	1	3	100	1	4	7	1792
101	1	1	101	1	2	0	1800
101	1	1	101	1	3	1	1800
101	1	1	101	1	4	1	1800
101	1	2	101	1	3	1	1800
101	1	2	101	1	4	1	1800
101	1	3	101	1	4	0	1800
102	1	1	102	1	2	1	2005
102	1	1	102	1	3	1	2005
102	1	1	102	1	4	1	2005
102	1	2	102	1	3	0	2005
102	1	2	102	1	4	0	2005
102	1	3	102	1	4	0	2005
102	2	1	102	2	2	0	681
102	2	1	102	2	3	1	681
102	2	1	102	2	4	1	681
102	2	2	102	2	3	1	681
102	2	2	102	2	4	1	681
102	2	3	102	2	4	0	681
103	1	1	103	1	2	0	1246
103	1	1	103	1	3	0	1246
103	1	1	103	1	4	0	1246
103	1	2	103	1	3	0	1246
103	1	2	103	1	4	0	1246
103	1	3	103	1	4	0	1246
103	2	1	103	2	2	0	1403
103	2	1	103	2	3	0	1403
103	2	1	103	2	4	0	1403
103	2	2	103	2	3	0	1403
103	2	2	103	2	4	0	1403
103	2	3	103	2	4	0	1403
104	1	1	104	1	2	0	1397
104	1	1	104	1	3	0	1397
104	1	1	104	1	4	0	1397
104	1	2	104	1	3	0	1397
104	1	2	104	1	4	0	1397
104	1	3	104	1	4	0	1397
104	2	1	104	2	2	0	643
104	2	1	104	2	3	0	643
104	2	1	104	2	4	0	643
104	2	2	104	2	3	0	643
104	2	2	104	2	4	0	643
104	2	3	104	2	4	0	643
105	1	1	105	1	2	0	1477
105	1	1	105	1	3	1	1477
105	1	1	105	1	4	1	1477
105	1	2	105	1	3	1	1477
105	1	2	105	1	4	1	1477
105	1	3	105	1	4	0	1477
105	2	1	105	2	2	0	230
105	2	1	105	2	3	0	230
105	2	1	105	2	4	0	230
105	2	2	105	2	3	0	230
105	2	2	105	2	4	0	230
105	2	3	105	2	4	0	230
107	1	1	107	1	2	9	1411
107	1	1	107	1	3	13	1411
107	1	1	107	1	4	12	1411
107	1	2	107	1	3	12	1411
107	1	2	107	1	4	11	1411
107	1	3	107	1	4	15	1411
108	1	1	108	1	2	0	988
108	1	1	108	1	3	0	988
108	1	1	108	1	4	0	988
108	1	2	108	1	3	0	988
108	1	2	108	1	4	0	988
108	1	3	108	1	4	0	988
108	2	1	108	2	2	0	757
108	2	1	108	2	3	0	757
108	2	1	108	2	4	0	757
108	2	2	108	2	3	0	757
108	2	2	108	2	4	0	757
108	2	3	108	2	4	0	757
108	3	1	108	3	2	0	311
108	3	1	108	3	3	0	311
108	3	1	108	3	4	0	311
108	3	2	108	3	3	0	311
108	3	2	108	3	4	0	311
108	3	3	108	3	4	0	311
109	1	1	109	1	2	0	1160
109	1	1	109	1	3	0	1160
109	1	1	109	1	4	0	1160
109	1	2	109	1	3	0	1160
109	1	2	109	1	4	0	1160
109	1	3	109	1	4	0	1160
110	1	1	110	1	2	1	1809
110	1	1	110	1	3	1	1809
110	1	1	110	1	4	2	1809
110	1	2	110	1	3	2	1809
110	1	2	110	1	4	1	1809
110	1	3	110	1	4	1	1809
111	1	1	111	1	2	2	1011
111	1	1	111	1	3	2	1011
111	1	1	111	1	4	3	1011
111	1	2	111	1	3	4	1011
111	1	2	111	1	4	1	1011
111	1	3	111	1	4	3	1011
112	1	1	112	1	2	0	1346
112	1	1	112	1	3	0	1346
112	1	1	112	1	4	0	1346
112	1	2	112	1	3	0	1346
112	1	2	112	1	4	0	1346
112	1	3	112	1	4	0	1346
113	1	1	113	1	2	0	996
113	1	1	113	1	3	0	996
113	1	1	113	1	4	0	996
113	1	2	113	1	3	0	996
113	1	2	113	1	4	0	996
113	1	3	113	1	4	0	996
114	1	1	114	1	2	3	1416
114	1	1	114	1	3	3	1416
114	1	1	114	1	4	6	1416
114	1	2	114	1	3	6	1416
114	1	2	114	1	4	3	1416
114	1	3	114	1	4	3	1416
114	2	1	114	2	2	0	405
114	2	1	114	2	3	0	405
114	2	1	114	2	4	0	405
114	2	2	114	2	3	0	405
114	2	2	114	2	4	0	405
114	2	3	114	2	4	0	405
115	1	1	115	1	2	4	1639
115	1	1	115	1	3	5	1639
115	1	1	115	1	4	4	1639
115	1	2	115	1	3	1	1639
115	1	2	115	1	4	2	1639
115	1	3	115	1	4	1	1639
118	1	1	118	1	2	0	1688
118	1	1	118	1	3	0	1688
118	1	1	118	1	4	0	1688
118	1	2	118	1	3	0	1688
118	1	2	118	1	4	0	1688
118	1	3	118	1	4	0	1688
119	1	1	119	1	2	0	1792
119	1	1	119	1	3	0	1792
119	1	1	119	1	4	0	1792
119	1	2	119	1	3	0	1792
119	1	2	119	1	4	0	1792
119	1	3	119	1	4	0	1792
120	1	1	120	1	2	0	1433
120	1	1	120	1	3	0	1433
120	1	1	120	1	4	0	1433
120	1	2	120	1	3	0	1433
120	1	2	120	1	4	0	1433
120	1	3	120	1	4	0	1433
121	1	1	121	1	2	3	1364
121	1	1	121	1	3	4	1364
121	1	1	121	1	4	3	1364
121	1	2	121	1	3	1	1364
121	1	2	121	1	4	2	1364
121	1	3	121	1	4	1	1364
121	2	1	121	2	2	0	252
121	2	1	121	2	3	0	252
121	2	1	121	2	4	0	252
121	2	2	121	2	3	0	252
121	2	2	121	2	4	0	252
121	2	3	121	2	4	0	252
122	1	1	122	1	2	2	1737
122	1	1	122	1	3	5	1737
122	1	1	122	1	4	7	1737
122	1	2	122	1	3	7	1737
122	1	2	122	1	4	5	1737
122	1	3	122	1	4	2	1737
123	1	1	123	1	2	0	1211
123	1	1	123	1	3	0	1211
123	1	1	123	1	4	1	1211
123	1	2	123	1	3	0	1211
123	1	2	123	1	4	1	1211
123	1	3	123	1	4	1	1211
124	1	1	124	1	2	3	1843
124	1	1	124	1	3	3	1843
124	1	1	124	1	4	4	1843
124	1	2	124	1	3	0	1843
124	1	2	124	1	4	5	1843
124	1	3	124	1	4	5	1843
125	1	1	125	1	2	0	1918
125	1	1	125	1	3	2	1918
125	1	1	125	1	4	2	1918
125	1	2	125	1	3	2	1918
125	1	2	125	1	4	2	1918
125	1	3	125	1	4	0	1918
126	1	1	126	1	2	0	2364
126	1	1	126	1	3	0	2364
126	1	1	126	1	4	0	2364
126	1	2	126	1	3	0	2364
126	1	2	126	1	4	0	2364
126	1	3	126	1	4	0	2364
127	1	1	127	1	2	0	1235
127	1	1	127	1	3	0	1235
127	1	1	127	1	4	0	1235
127	1	2	127	1	3	0	1235
127	1	2	127	1	4	0	1235
127	1	3	127	1	4	0	1235
128	1	1	128	1	2	0	1870
128	1	1	128	1	3	3	1870
128	1	1	128	1	4	3	1870
128	1	2	128	1	3	3	1870
128	1	2	128	1	4	3	1870
128	1	3	128	1	4	0	1870
129	1	1	129	1	2	122	1890
129	1	1	129	1	3	122	1890
129	1	1	129	1	4	117	1890
129	1	2	129	1	3	121	1890
129	1	2	129	1	4	125	1890
129	1	3	129	1	4	71	1890
130	1	1	130	1	2	0	2118
130	1	1	130	1	3	0	2118
130	1	1	130	1	4	0	2118
130	1	2	130	1	3	0	2118
130	1	2	130	1	4	0	2118
130	1	3	130	1	4	0	2118
131	1	1	131	1	2	0	1366
131	1	1	131	1	3	3	1366
131	1	1	131	1	4	2	1366
131	1	2	131	1	3	3	1366
131	1	2	131	1	4	2	1366
131	1	3	131	1	4	1	1366
132	1	1	132	1	2	3	1232
132	1	1	132	1	3	3	1232
132	1	1	132	1	4	1	1232
132	1	2	132	1	3	0	1232
132	1	2	132	1	4	3	1232
132	1	3	132	1	4	3	1232
133	1	1	133	1	2	4	1212
133	1	1	133	1	3	4	1212
133	1	1	133	1	4	2	1212
133	1	2	133	1	3	0	1212
133	1	2	133	1	4	6	1212
133	1	3	133	1	4	6	1212
135	1	1	135	1	2	0	2071
135	1	1	135	1	3	1	2071
135	1	1	135	1	4	1	2071
135	1	2	135	1	3	1	2071
135	1	2	135	1	4	1	2071
135	1	3	135	1	4	0	2071
136	1	1	136	1	2	0	1361
136	1	1	136	1	3	1	1361
136	1	1	136	1	4	1	1361
136	1	2	136	1	3	1	1361
136	1	2	136	1	4	1	1361
136	1	3	136	1	4	0	1361
137	1	1	137	1	2	0	1324
137	1	1	137	1	3	1	1324
137	1	1	137	1	4	1	1324
137	1	2	137	1	3	1	1324
137	1	2	137	1	4	1	1324
137	1	3	137	1	4	0	1324
137	2	1	137	2	2	0	941
137	2	1	137	2	3	0	941
137	2	1	137	2	4	0	941
137	2	2	137	2	3	0	941
137	2	2	137	2	4	0	941
137	2	3	137	2	4	0	941
140	1	1	140	1	2	2	1562
140	1	1	140	1	3	1	1562
140	1	1	140	1	4	3	1562
140	1	2	140	1	3	3	1562
140	1	2	140	1	4	1	1562
140	1	3	140	1	4	2	1562
141	1	1	141	1	2	0	1717
141	1	1	141	1	3	1	1717
141	1	1	141	1	4	1	1717
141	1	2	141	1	3	1	1717
141	1	2	141	1	4	1	1717
141	1	3	141	1	4	0	1717
143	1	1	143	1	2	0	1751
143	1	1	143	1	3	0	1751
143	1	1	143	1	4	0	1751
143	1	2	143	1	3	0	1751
143	1	2	143	1	4	0	1751
143	1	3	143	1	4	0	1751
144	1	1	144	1	2	0	1624
144	1	1	144	1	3	5	1624
144	1	1	144	1	4	2	1624
144	1	2	144	1	3	5	1624
144	1	2	144	1	4	2	1624
144	1	3	144	1	4	3	1624
145	1	1	145	1	2	0	1799
145	1	1	145	1	3	0	1799
145	1	1	145	1	4	0	1799
145	1	2	145	1	3	0	1799
145	1	2	145	1	4	0	1799
145	1	3	145	1	4	0	1799
146	1	1	146	1	2	5	2088
146	1	1	146	1	3	9	2088
146	1	1	146	1	4	7	2088
146	1	2	146	1	3	8	2088
146	1	2	146	1	4	8	2088
146	1	3	146	1	4	3	2088
146	2	1	146	2	2	0	430
146	2	1	146	2	3	0	430
146	2	1	146	2	4	0	430
146	2	2	146	2	3	0	430
146	2	2	146	2	4	0	430
146	2	3	146	2	4	0	430
147	1	1	147	1	2	0	779
147	1	1	147	1	3	1	779
147	1	1	147	1	4	1	779
147	1	2	147	1	3	1	779
147	1	2	147	1	4	1	779
147	1	3	147	1	4	0	779
148	1	1	148	1	2	0	1857
148	1	1	148	1	3	0	1857
148	1	1	148	1	4	0	1857
148	1	2	148	1	3	0	1857
148	1	2	148	1	4	0	1857
148	1	3	148	1	4	0	1857
149	1	1	149	1	2	0	1116
149	1	1	149	1	3	0	1116
149	1	1	149	1	4	0	1116
149	1	2	149	1	3	0	1116
149	1	2	149	1	4	0	1116
149	1	3	149	1	4	0	1116
149	2	1	149	2	2	0	1050
149	2	1	149	2	3	3	1050
149	2	1	149	2	4	3	1050
149	2	2	149	2	3	3	1050
149	2	2	149	2	4	3	1050
149	2	3	149	2	4	0	1050
149	3	1	149	3	2	0	777
149	3	1	149	3	3	0	777
149	3	1	149	3	4	0	777
149	3	2	149	3	3	0	777
149	3	2	149	3	4	0	777
149	3	3	149	3	4	0	777
150	1	1	150	1	2	0	1389
150	1	1	150	1	3	0	1389
150	1	1	150	1	4	0	1389
150	1	2	150	1	3	0	1389
150	1	2	150	1	4	0	1389
150	1	3	150	1	4	0	1389
151	1	1	151	1	2	0	1592
151	1	1	151	1	3	1	1592
151	1	1	151	1	4	1	1592
151	1	2	151	1	3	1	1592
151	1	2	151	1	4	1	1592
151	1	3	151	1	4	0	1592
151	2	1	151	2	2	0	739
151	2	1	151	2	3	1	739
151	2	1	151	2	4	1	739
151	2	2	151	2	3	1	739
151	2	2	151	2	4	1	739
151	2	3	151	2	4	0	739
152	1	1	152	1	2	7	1583
152	1	1	152	1	3	5	1583
152	1	1	152	1	4	10	1583
152	1	2	152	1	3	6	1583
152	1	2	152	1	4	3	1583
152	1	3	152	1	4	5	1583
152	2	1	152	2	2	0	366
152	2	1	152	2	3	0	366
152	2	1	152	2	4	0	366
152	2	2	152	2	3	0	366
152	2	2	152	2	4	0	366
152	2	3	152	2	4	0	366
153	1	1	153	1	2	1	1628
153	1	1	153	1	3	10	1628
153	1	1	153	1	4	11	1628
153	1	2	153	1	3	11	1628
153	1	2	153	1	4	10	1628
153	1	3	153	1	4	1	1628
153	2	1	153	2	2	0	1738
153	2	1	153	2	3	0	1738
153	2	1	153	2	4	0	1738
153	2	2	153	2	3	0	1738
153	2	2	153	2	4	0	1738
153	2	3	153	2	4	0	1738
153	3	1	153	3	2	0	585
153	3	1	153	3	3	0	585
153	3	1	153	3	4	0	585
153	3	2	153	3	3	0	585
153	3	2	153	3	4	0	585
153	3	3	153	3	4	0	585
153	4	1	153	4	2	0	309
153	4	1	153	4	3	0	309
153	4	1	153	4	4	0	309
153	4	2	153	4	3	0	309
153	4	2	153	4	4	0	309
153	4	3	153	4	4	0	309
154	1	1	154	1	2	1	764
154	1	1	154	1	3	1	764
154	1	1	154	1	4	1	764
154	1	2	154	1	3	2	764
154	1	2	154	1	4	2	764
154	1	3	154	1	4	0	764
154	2	1	154	2	2	0	272
154	2	1	154	2	3	0	272
154	2	1	154	2	4	0	272
154	2	2	154	2	3	0	272
154	2	2	154	2	4	0	272
154	2	3	154	2	4	0	272
155	1	1	155	1	2	0	1321
155	1	1	155	1	3	2	1321
155	1	1	155	1	4	2	1321
155	1	2	155	1	3	2	1321
155	1	2	155	1	4	2	1321
155	1	3	155	1	4	0	1321
155	2	1	155	2	2	0	827
155	2	1	155	2	3	0	827
155	2	1	155	2	4	0	827
155	2	2	155	2	3	0	827
155	2	2	155	2	4	0	827
155	2	3	155	2	4	0	827
156	1	1	156	1	2	1	1507
156	1	1	156	1	3	4	1507
156	1	1	156	1	4	2	1507
156	1	2	156	1	3	3	1507
156	1	2	156	1	4	3	1507
156	1	3	156	1	4	3	1507
157	1	1	157	1	2	3	1842
157	1	1	157	1	3	2	1842
157	1	1	157	1	4	4	1842
157	1	2	157	1	3	3	1842
157	1	2	157	1	4	1	1842
157	1	3	157	1	4	2	1842
158	1	1	158	1	2	2	1580
158	1	1	158	1	3	5	1580
158	1	1	158	1	4	9	1580
158	1	2	158	1	3	5	1580
158	1	2	158	1	4	7	1580
158	1	3	158	1	4	4	1580
159	1	1	159	1	2	5	1834
159	1	1	159	1	3	5	1834
159	1	1	159	1	4	6	1834
159	1	2	159	1	3	6	1834
159	1	2	159	1	4	5	1834
159	1	3	159	1	4	5	1834
159	2	1	159	2	2	8	634
159	2	1	159	2	3	6	634
159	2	1	159	2	4	4	634
159	2	2	159	2	3	4	634
159	2	2	159	2	4	6	634
159	2	3	159	2	4	8	634
159	3	1	159	3	2	1	516
159	3	1	159	3	3	1	516
159	3	1	159	3	4	1	516
159	3	2	159	3	3	0	516
159	3	2	159	3	4	0	516
159	3	3	159	3	4	0	516
159	4	1	159	4	2	0	493
159	4	1	159	4	3	0	493
159	4	1	159	4	4	0	493
159	4	2	159	4	3	0	493
159	4	2	159	4	4	0	493
159	4	3	159	4	4	0	493
159	5	1	159	5	2	0	271
159	5	1	159	5	3	0	271
159	5	1	159	5	4	0	271
159	5	2	159	5	3	0	271
159	5	2	159	5	4	0	271
159	5	3	159	5	4	0	271
160	1	1	160	1	2	0	1576
160	1	1	160	1	3	0	1576
160	1	1	160	1	4	0	1576
160	1	2	160	1	3	0	1576
160	1	2	160	1	4	0	1576
160	1	3	160	1	4	0	1576
160	2	1	160	2	2	0	948
160	2	1	160	2	3	0	948
160	2	1	160	2	4	0	948
160	2	2	160	2	3	0	948
160	2	2	160	2	4	0	948
160	2	3	160	2	4	0	948
161	1	1	161	1	2	0	1795
161	1	1	161	1	3	1	1795
161	1	1	161	1	4	1	1795
161	1	2	161	1	3	1	1795
161	1	2	161	1	4	1	1795
161	1	3	161	1	4	0	1795
161	2	1	161	2	2	0	513
161	2	1	161	2	3	0	513
161	2	1	161	2	4	0	513
161	2	2	161	2	3	0	513
161	2	2	161	2	4	0	513
161	2	3	161	2	4	0	513
161	3	1	161	3	2	0	484
161	3	1	161	3	3	0	484
161	3	1	161	3	4	0	484
161	3	2	161	3	3	0	484
161	3	2	161	3	4	0	484
161	3	3	161	3	4	0	484
161	4	1	161	4	2	0	281
161	4	1	161	4	3	0	281
161	4	1	161	4	4	0	281
161	4	2	161	4	3	0	281
161	4	2	161	4	4	0	281
161	4	3	161	4	4	0	281
164	1	1	164	1	2	110	3190
164	1	1	164	1	3	108	3190
164	1	1	164	1	4	62	3190
164	1	2	164	1	3	117	3190
164	1	2	164	1	4	112	3190
164	1	3	164	1	4	119	3190
165	1	1	165	1	2	0	1457
165	1	1	165	1	3	0	1457
165	1	1	165	1	4	0	1457
165	1	2	165	1	3	0	1457
165	1	2	165	1	4	0	1457
165	1	3	165	1	4	0	1457
166	1	1	166	1	2	0	1705
166	1	1	166	1	3	0	1705
166	1	1	166	1	4	0	1705
166	1	2	166	1	3	0	1705
166	1	2	166	1	4	0	1705
166	1	3	166	1	4	0	1705
167	1	1	167	1	2	0	1728
167	1	1	167	1	3	0	1728
167	1	1	167	1	4	0	1728
167	1	2	167	1	3	0	1728
167	1	2	167	1	4	0	1728
167	1	3	167	1	4	0	1728
167	2	1	167	2	2	0	388
167	2	1	167	2	3	0	388
167	2	1	167	2	4	1	388
167	2	2	167	2	3	0	388
167	2	2	167	2	4	1	388
167	2	3	167	2	4	1	388
169	1	1	169	1	2	0	1420
169	1	1	169	1	3	0	1420
169	1	1	169	1	4	0	1420
169	1	2	169	1	3	0	1420
169	1	2	169	1	4	0	1420
169	1	3	169	1	4	0	1420
170	1	1	170	1	2	1	1816
170	1	1	170	1	3	2	1816
170	1	1	170	1	4	2	1816
170	1	2	170	1	3	1	1816
170	1	2	170	1	4	1	1816
170	1	3	170	1	4	0	1816
171	1	1	171	1	2	0	1168
171	1	1	171	1	3	2	1168
171	1	1	171	1	4	2	1168
171	1	2	171	1	3	2	1168
171	1	2	171	1	4	2	1168
171	1	3	171	1	4	0	1168
172	1	1	172	1	2	0	1655
172	1	1	172	1	3	1	1655
172	1	1	172	1	4	1	1655
172	1	2	172	1	3	1	1655
172	1	2	172	1	4	1	1655
172	1	3	172	1	4	0	1655
173	1	1	173	1	2	0	995
173	1	1	173	1	3	0	995
173	1	1	173	1	4	0	995
173	1	2	173	1	3	0	995
173	1	2	173	1	4	0	995
173	1	3	173	1	4	0	995
174	1	1	174	1	2	0	1943
174	1	1	174	1	3	1	1943
174	1	1	174	1	4	1	1943
174	1	2	174	1	3	1	1943
174	1	2	174	1	4	1	1943
174	1	3	174	1	4	0	1943
175	1	1	175	1	2	0	1633
175	1	1	175	1	3	0	1633
175	1	1	175	1	4	0	1633
175	1	2	175	1	3	0	1633
175	1	2	175	1	4	0	1633
175	1	3	175	1	4	0	1633
176	1	1	176	1	2	0	1772
176	1	1	176	1	3	0	1772
176	1	1	176	1	4	0	1772
176	1	2	176	1	3	0	1772
176	1	2	176	1	4	0	1772
176	1	3	176	1	4	0	1772
176	2	1	176	2	2	0	884
176	2	1	176	2	3	0	884
176	2	1	176	2	4	0	884
176	2	2	176	2	3	0	884
176	2	2	176	2	4	0	884
176	2	3	176	2	4	0	884
177	1	1	177	1	2	0	1800
177	1	1	177	1	3	0	1800
177	1	1	177	1	4	0	1800
177	1	2	177	1	3	0	1800
177	1	2	177	1	4	0	1800
177	1	3	177	1	4	0	1800
178	1	1	178	1	2	0	1297
178	1	1	178	1	3	0	1297
178	1	1	178	1	4	0	1297
178	1	2	178	1	3	0	1297
178	1	2	178	1	4	0	1297
178	1	3	178	1	4	0	1297
178	2	1	178	2	2	7	906
178	2	1	178	2	3	7	906
178	2	1	178	2	4	7	906
178	2	2	178	2	3	0	906
178	2	2	178	2	4	0	906
178	2	3	178	2	4	0	906
178	3	1	178	3	2	0	201
178	3	1	178	3	3	0	201
178	3	1	178	3	4	0	201
178	3	2	178	3	3	0	201
178	3	2	178	3	4	0	201
178	3	3	178	3	4	0	201
179	1	1	179	1	2	0	1912
179	1	1	179	1	3	0	1912
179	1	1	179	1	4	0	1912
179	1	2	179	1	3	0	1912
179	1	2	179	1	4	0	1912
179	1	3	179	1	4	0	1912
180	1	1	180	1	2	3	1886
180	1	1	180	1	3	3	1886
180	1	1	180	1	4	1	1886
180	1	2	180	1	3	0	1886
180	1	2	180	1	4	2	1886
180	1	3	180	1	4	2	1886
181	1	1	181	1	2	0	1806
181	1	1	181	1	3	3	1806
181	1	1	181	1	4	3	1806
181	1	2	181	1	3	3	1806
181	1	2	181	1	4	3	1806
181	1	3	181	1	4	0	1806
182	1	1	182	1	2	0	1392
182	1	1	182	1	3	0	1392
182	1	1	182	1	4	0	1392
182	1	2	182	1	3	0	1392
182	1	2	182	1	4	0	1392
182	1	3	182	1	4	0	1392
182	2	1	182	2	2	10	242
182	2	1	182	2	3	10	242
182	2	1	182	2	4	9	242
182	2	2	182	2	3	9	242
182	2	2	182	2	4	11	242
182	2	3	182	2	4	9	242
182	3	1	182	3	2	0	290
182	3	1	182	3	3	0	290
182	3	1	182	3	4	0	290
182	3	2	182	3	3	0	290
182	3	2	182	3	4	0	290
182	3	3	182	3	4	0	290
182	4	1	182	4	2	0	279
182	4	1	182	4	3	0	279
182	4	1	182	4	4	0	279
182	4	2	182	4	3	0	279
182	4	2	182	4	4	0	279
182	4	3	182	4	4	0	279
183	1	1	183	1	2	0	1426
183	1	1	183	1	3	0	1426
183	1	1	183	1	4	0	1426
183	1	2	183	1	3	0	1426
183	1	2	183	1	4	0	1426
183	1	3	183	1	4	0	1426
183	2	1	183	2	2	0	205
183	2	1	183	2	3	0	205
183	2	1	183	2	4	0	205
183	2	2	183	2	3	0	205
183	2	2	183	2	4	0	205
183	2	3	183	2	4	0	205
184	1	1	184	1	2	1	1750
184	1	1	184	1	3	3	1750
184	1	1	184	1	4	4	1750
184	1	2	184	1	3	2	1750
184	1	2	184	1	4	3	1750
184	1	3	184	1	4	1	1750
184	2	1	184	2	2	0	261
184	2	1	184	2	3	0	261
184	2	1	184	2	4	0	261
184	2	2	184	2	3	0	261
184	2	2	184	2	4	0	261
184	2	3	184	2	4	0	261
185	1	1	185	1	2	2	1765
185	1	1	185	1	3	4	1765
185	1	1	185	1	4	4	1765
185	1	2	185	1	3	2	1765
185	1	2	185	1	4	4	1765
185	1	3	185	1	4	4	1765
186	1	1	186	1	2	0	1210
186	1	1	186	1	3	0	1210
186	1	1	186	1	4	0	1210
186	1	2	186	1	3	0	1210
186	1	2	186	1	4	0	1210
186	1	3	186	1	4	0	1210
187	1	1	187	1	2	0	1586
187	1	1	187	1	3	0	1586
187	1	1	187	1	4	0	1586
187	1	2	187	1	3	0	1586
187	1	2	187	1	4	0	1586
187	1	3	187	1	4	0	1586
187	2	1	187	2	2	0	538
187	2	1	187	2	3	0	538
187	2	1	187	2	4	0	538
187	2	2	187	2	3	0	538
187	2	2	187	2	4	0	538
187	2	3	187	2	4	0	538
187	3	1	187	3	2	0	261
187	3	1	187	3	3	0	261
187	3	1	187	3	4	0	261
187	3	2	187	3	3	0	261
187	3	2	187	3	4	0	261
187	3	3	187	3	4	0	261
188	1	1	188	1	2	0	1865
188	1	1	188	1	3	2	1865
188	1	1	188	1	4	2	1865
188	1	2	188	1	3	2	1865
188	1	2	188	1	4	2	1865
188	1	3	188	1	4	0	1865
189	1	1	189	1	2	0	1095
189	1	1	189	1	3	0	1095
189	1	1	189	1	4	0	1095
189	1	2	189	1	3	0	1095
189	1	2	189	1	4	0	1095
189	1	3	189	1	4	0	1095
190	1	1	190	1	2	0	1205
190	1	1	190	1	3	0	1205
190	1	1	190	1	4	0	1205
190	1	2	190	1	3	0	1205
190	1	2	190	1	4	0	1205
190	1	3	190	1	4	0	1205
191	1	1	191	1	2	0	1418
191	1	1	191	1	3	7	1418
191	1	1	191	1	4	6	1418
191	1	2	191	1	3	7	1418
191	1	2	191	1	4	6	1418
191	1	3	191	1	4	1	1418
192	1	1	192	1	2	3	1926
192	1	1	192	1	3	8	1926
192	1	1	192	1	4	8	1926
192	1	2	192	1	3	7	1926
192	1	2	192	1	4	7	1926
192	1	3	192	1	4	2	1926
193	1	1	193	1	2	0	1597
193	1	1	193	1	3	1	1597
193	1	1	193	1	4	1	1597
193	1	2	193	1	3	1	1597
193	1	2	193	1	4	1	1597
193	1	3	193	1	4	0	1597
194	1	1	194	1	2	0	1661
194	1	1	194	1	3	4	1661
194	1	1	194	1	4	4	1661
194	1	2	194	1	3	4	1661
194	1	2	194	1	4	4	1661
194	1	3	194	1	4	0	1661
194	2	1	194	2	2	1	650
194	2	1	194	2	3	1	650
194	2	1	194	2	4	1	650
194	2	2	194	2	3	0	650
194	2	2	194	2	4	0	650
194	2	3	194	2	4	0	650
194	3	1	194	3	2	0	603
194	3	1	194	3	3	1	603
194	3	1	194	3	4	1	603
194	3	2	194	3	3	1	603
194	3	2	194	3	4	1	603
194	3	3	194	3	4	0	603
194	4	1	194	4	2	0	652
194	4	1	194	4	3	2	652
194	4	1	194	4	4	2	652
194	4	2	194	4	3	2	652
194	4	2	194	4	4	2	652
194	4	3	194	4	4	0	652
195	1	1	195	1	2	2	1323
195	1	1	195	1	3	2	1323
195	1	1	195	1	4	2	1323
195	1	2	195	1	3	0	1323
195	1	2	195	1	4	0	1323
195	1	3	195	1	4	0	1323
195	2	1	195	2	2	0	308
195	2	1	195	2	3	0	308
195	2	1	195	2	4	0	308
195	2	2	195	2	3	0	308
195	2	2	195	2	4	0	308
195	2	3	195	2	4	0	308
196	1	1	196	1	2	2	1678
196	1	1	196	1	3	2	1678
196	1	1	196	1	4	4	1678
196	1	2	196	1	3	4	1678
196	1	2	196	1	4	2	1678
196	1	3	196	1	4	2	1678
197	1	1	197	1	2	0	1286
197	1	1	197	1	3	0	1286
197	1	1	197	1	4	0	1286
197	1	2	197	1	3	0	1286
197	1	2	197	1	4	0	1286
197	1	3	197	1	4	0	1286
197	2	1	197	2	2	0	1232
197	2	1	197	2	3	0	1232
197	2	1	197	2	4	0	1232
197	2	2	197	2	3	0	1232
197	2	2	197	2	4	0	1232
197	2	3	197	2	4	0	1232
198	1	1	198	1	2	0	918
198	1	1	198	1	3	0	918
198	1	1	198	1	4	0	918
198	1	2	198	1	3	0	918
198	1	2	198	1	4	0	918
198	1	3	198	1	4	0	918
199	1	1	199	1	2	0	1653
199	1	1	199	1	3	0	1653
199	1	1	199	1	4	0	1653
199	1	2	199	1	3	0	1653
199	1	2	199	1	4	0	1653
199	1	3	199	1	4	0	1653
200	1	1	200	1	2	0	1751
200	1	1	200	1	3	4	1751
200	1	1	200	1	4	2	1751
200	1	2	200	1	3	4	1751
200	1	2	200	1	4	2	1751
200	1	3	200	1	4	2	1751
201	1	1	201	1	2	1	1861
201	1	1	201	1	3	5	1861
201	1	1	201	1	4	1	1861
201	1	2	201	1	3	4	1861
201	1	2	201	1	4	2	1861
201	1	3	201	1	4	4	1861
201	2	1	201	2	2	0	248
201	2	1	201	2	3	0	248
201	2	1	201	2	4	0	248
201	2	2	201	2	3	0	248
201	2	2	201	2	4	0	248
201	2	3	201	2	4	0	248
202	1	1	202	1	2	20	2109
202	1	1	202	1	3	26	2109
202	1	1	202	1	4	29	2109
202	1	2	202	1	3	18	2109
202	1	2	202	1	4	19	2109
202	1	3	202	1	4	8	2109
203	1	1	203	1	2	3	1847
203	1	1	203	1	3	7	1847
203	1	1	203	1	4	6	1847
203	1	2	203	1	3	4	1847
203	1	2	203	1	4	5	1847
203	1	3	203	1	4	1	1847
204	1	1	204	1	2	1	907
204	1	1	204	1	3	1	907
204	1	1	204	1	4	1	907
204	1	2	204	1	3	0	907
204	1	2	204	1	4	0	907
204	1	3	204	1	4	0	907
205	1	1	205	1	2	0	1747
205	1	1	205	1	3	0	1747
205	1	1	205	1	4	0	1747
205	1	2	205	1	3	0	1747
205	1	2	205	1	4	0	1747
205	1	3	205	1	4	0	1747
206	1	1	206	1	2	0	1827
206	1	1	206	1	3	2	1827
206	1	1	206	1	4	2	1827
206	1	2	206	1	3	2	1827
206	1	2	206	1	4	2	1827
206	1	3	206	1	4	0	1827
207	1	1	207	1	2	0	1944
207	1	1	207	1	3	0	1944
207	1	1	207	1	4	0	1944
207	1	2	207	1	3	0	1944
207	1	2	207	1	4	0	1944
207	1	3	207	1	4	0	1944
208	1	1	208	1	2	1	1860
208	1	1	208	1	3	2	1860
208	1	1	208	1	4	3	1860
208	1	2	208	1	3	1	1860
208	1	2	208	1	4	4	1860
208	1	3	208	1	4	3	1860
209	1	1	209	1	2	6	1739
209	1	1	209	1	3	3	1739
209	1	1	209	1	4	3	1739
209	1	2	209	1	3	3	1739
209	1	2	209	1	4	7	1739
209	1	3	209	1	4	6	1739
210	1	1	210	1	2	2	1884
210	1	1	210	1	3	2	1884
210	1	1	210	1	4	4	1884
210	1	2	210	1	3	4	1884
210	1	2	210	1	4	2	1884
210	1	3	210	1	4	2	1884
211	1	1	211	1	2	0	1948
211	1	1	211	1	3	1	1948
211	1	1	211	1	4	1	1948
211	1	2	211	1	3	1	1948
211	1	2	211	1	4	1	1948
211	1	3	211	1	4	0	1948
212	1	1	212	1	2	0	1211
212	1	1	212	1	3	1	1211
212	1	1	212	1	4	1	1211
212	1	2	212	1	3	1	1211
212	1	2	212	1	4	1	1211
212	1	3	212	1	4	0	1211
212	2	1	212	2	2	0	291
212	2	1	212	2	3	0	291
212	2	1	212	2	4	0	291
212	2	2	212	2	3	0	291
212	2	2	212	2	4	0	291
212	2	3	212	2	4	0	291
213	1	1	213	1	2	3	1476
213	1	1	213	1	3	3	1476
213	1	1	213	1	4	3	1476
213	1	2	213	1	3	1	1476
213	1	2	213	1	4	1	1476
213	1	3	213	1	4	0	1476
214	1	1	214	1	2	5	1515
214	1	1	214	1	3	6	1515
214	1	1	214	1	4	9	1515
214	1	2	214	1	3	5	1515
214	1	2	214	1	4	6	1515
214	1	3	214	1	4	5	1515
215	1	1	215	1	2	0	1730
215	1	1	215	1	3	4	1730
215	1	1	215	1	4	4	1730
215	1	2	215	1	3	4	1730
215	1	2	215	1	4	4	1730
215	1	3	215	1	4	0	1730
215	2	1	215	2	2	0	553
215	2	1	215	2	3	0	553
215	2	1	215	2	4	0	553
215	2	2	215	2	3	0	553
215	2	2	215	2	4	0	553
215	2	3	215	2	4	0	553
216	1	1	216	1	2	216	1112
216	1	1	216	1	3	216	1112
216	1	1	216	1	4	223	1112
216	1	2	216	1	3	217	1112
216	1	2	216	1	4	217	1112
216	1	3	216	1	4	221	1112
218	1	1	218	1	2	1	1545
218	1	1	218	1	3	5	1545
218	1	1	218	1	4	6	1545
218	1	2	218	1	3	6	1545
218	1	2	218	1	4	5	1545
218	1	3	218	1	4	1	1545
219	1	1	219	1	2	0	1738
219	1	1	219	1	3	0	1738
219	1	1	219	1	4	0	1738
219	1	2	219	1	3	0	1738
219	1	2	219	1	4	0	1738
219	1	3	219	1	4	0	1738
220	1	1	220	1	2	3	1685
220	1	1	220	1	3	4	1685
220	1	1	220	1	4	5	1685
220	1	2	220	1	3	3	1685
220	1	2	220	1	4	2	1685
220	1	3	220	1	4	1	1685
221	1	1	221	1	2	0	1664
221	1	1	221	1	3	1	1664
221	1	1	221	1	4	1	1664
221	1	2	221	1	3	1	1664
221	1	2	221	1	4	1	1664
221	1	3	221	1	4	0	1664
222	1	1	222	1	2	0	1752
222	1	1	222	1	3	0	1752
222	1	1	222	1	4	0	1752
222	1	2	222	1	3	0	1752
222	1	2	222	1	4	0	1752
222	1	3	222	1	4	0	1752
224	1	1	224	1	2	0	1341
224	1	1	224	1	3	0	1341
224	1	1	224	1	4	0	1341
224	1	2	224	1	3	0	1341
224	1	2	224	1	4	0	1341
224	1	3	224	1	4	0	1341
225	1	1	225	1	2	0	1888
225	1	1	225	1	3	0	1888
225	1	1	225	1	4	0	1888
225	1	2	225	1	3	0	1888
225	1	2	225	1	4	0	1888
225	1	3	225	1	4	0	1888
226	1	1	226	1	2	4	1571
226	1	1	226	1	3	3	1571
226	1	1	226	1	4	7	1571
226	1	2	226	1	3	7	1571
226	1	2	226	1	4	3	1571
226	1	3	226	1	4	8	1571
227	1	1	227	1	2	1	1684
227	1	1	227	1	3	2	1684
227	1	1	227	1	4	3	1684
227	1	2	227	1	3	3	1684
227	1	2	227	1	4	2	1684
227	1	3	227	1	4	1	1684
228	1	1	228	1	2	0	2051
228	1	1	228	1	3	4	2051
228	1	1	228	1	4	4	2051
228	1	2	228	1	3	4	2051
228	1	2	228	1	4	4	2051
228	1	3	228	1	4	0	2051
228	2	1	228	2	2	0	663
228	2	1	228	2	3	1	663
228	2	1	228	2	4	1	663
228	2	2	228	2	3	1	663
228	2	2	228	2	4	1	663
228	2	3	228	2	4	0	663
229	1	1	229	1	2	0	1869
229	1	1	229	1	3	1	1869
229	1	1	229	1	4	1	1869
229	1	2	229	1	3	1	1869
229	1	2	229	1	4	1	1869
229	1	3	229	1	4	0	1869
230	1	1	230	1	2	5	1803
230	1	1	230	1	3	2	1803
230	1	1	230	1	4	7	1803
230	1	2	230	1	3	7	1803
230	1	2	230	1	4	2	1803
230	1	3	230	1	4	5	1803
231	1	1	231	1	2	1	1369
231	1	1	231	1	3	3	1369
231	1	1	231	1	4	3	1369
231	1	2	231	1	3	2	1369
231	1	2	231	1	4	4	1369
231	1	3	231	1	4	2	1369
231	2	1	231	2	2	0	602
231	2	1	231	2	3	0	602
231	2	1	231	2	4	0	602
231	2	2	231	2	3	0	602
231	2	2	231	2	4	0	602
231	2	3	231	2	4	0	602
232	1	1	232	1	2	1	1819
232	1	1	232	1	3	3	1819
232	1	1	232	1	4	4	1819
232	1	2	232	1	3	4	1819
232	1	2	232	1	4	3	1819
232	1	3	232	1	4	1	1819
233	1	1	233	1	2	0	1076
233	1	1	233	1	3	1	1076
233	1	1	233	1	4	1	1076
233	1	2	233	1	3	1	1076
233	1	2	233	1	4	1	1076
233	1	3	233	1	4	0	1076
234	1	1	234	1	2	1	1987
234	1	1	234	1	3	1	1987
234	1	1	234	1	4	1	1987
234	1	2	234	1	3	0	1987
234	1	2	234	1	4	0	1987
234	1	3	234	1	4	0	1987
236	1	1	236	1	2	0	1822
236	1	1	236	1	3	0	1822
236	1	1	236	1	4	0	1822
236	1	2	236	1	3	0	1822
236	1	2	236	1	4	0	1822
236	1	3	236	1	4	0	1822
237	1	1	237	1	2	0	1370
237	1	1	237	1	3	1	1370
237	1	1	237	1	4	1	1370
237	1	2	237	1	3	1	1370
237	1	2	237	1	4	1	1370
237	1	3	237	1	4	0	1370
238	1	1	238	1	2	0	1909
238	1	1	238	1	3	1	1909
238	1	1	238	1	4	1	1909
238	1	2	238	1	3	1	1909
238	1	2	238	1	4	1	1909
238	1	3	238	1	4	0	1909
239	1	1	239	1	2	0	1941
239	1	1	239	1	3	1	1941
239	1	1	239	1	4	1	1941
239	1	2	239	1	3	1	1941
239	1	2	239	1	4	1	1941
239	1	3	239	1	4	0	1941
240	1	1	240	1	2	4	2100
240	1	1	240	1	3	4	2100
240	1	1	240	1	4	4	2100
240	1	2	240	1	3	8	2100
240	1	2	240	1	4	4	2100
240	1	3	240	1	4	4	2100
241	1	1	241	1	2	2	1881
241	1	1	241	1	3	1	1881
241	1	1	241	1	4	1	1881
241	1	2	241	1	3	1	1881
241	1	2	241	1	4	1	1881
241	1	3	241	1	4	0	1881
242	1	1	242	1	2	0	1702
242	1	1	242	1	3	0	1702
242	1	1	242	1	4	0	1702
242	1	2	242	1	3	0	1702
242	1	2	242	1	4	0	1702
242	1	3	242	1	4	0	1702
243	1	1	243	1	2	3	1420
243	1	1	243	1	3	4	1420
243	1	1	243	1	4	7	1420
243	1	2	243	1	3	7	1420
243	1	2	243	1	4	4	1420
243	1	3	243	1	4	3	1420
243	2	1	243	2	2	1	762
243	2	1	243	2	3	1	762
243	2	1	243	2	4	2	762
243	2	2	243	2	3	2	762
243	2	2	243	2	4	1	762
243	2	3	243	2	4	1	762
243	3	1	243	3	2	0	704
243	3	1	243	3	3	0	704
243	3	1	243	3	4	0	704
243	3	2	243	3	3	0	704
243	3	2	243	3	4	0	704
243	3	3	243	3	4	0	704
243	4	1	243	4	2	0	360
243	4	1	243	4	3	0	360
243	4	1	243	4	4	0	360
243	4	2	243	4	3	0	360
243	4	2	243	4	4	0	360
243	4	3	243	4	4	0	360
244	1	1	244	1	2	0	1248
244	1	1	244	1	3	0	1248
244	1	1	244	1	4	0	1248
244	1	2	244	1	3	0	1248
244	1	2	244	1	4	0	1248
244	1	3	244	1	4	0	1248
245	1	1	245	1	2	5	1829
245	1	1	245	1	3	2	1829
245	1	1	245	1	4	2	1829
245	1	2	245	1	3	3	1829
245	1	2	245	1	4	5	1829
245	1	3	245	1	4	2	1829
245	2	1	245	2	2	8	1930
245	2	1	245	2	3	9	1930
245	2	1	245	2	4	8	1930
245	2	2	245	2	3	11	1930
245	2	2	245	2	4	7	1930
245	2	3	245	2	4	12	1930
245	3	1	245	3	2	0	263
245	3	1	245	3	3	0	263
245	3	1	245	3	4	0	263
245	3	2	245	3	3	0	263
245	3	2	245	3	4	0	263
245	3	3	245	3	4	0	263
247	1	1	247	1	2	0	1460
247	1	1	247	1	3	0	1460
247	1	1	247	1	4	0	1460
247	1	2	247	1	3	0	1460
247	1	2	247	1	4	0	1460
247	1	3	247	1	4	0	1460
250	1	1	250	1	2	0	2209
250	1	1	250	1	3	1	2209
250	1	1	250	1	4	1	2209
250	1	2	250	1	3	1	2209
250	1	2	250	1	4	1	2209
250	1	3	250	1	4	0	2209
251	1	1	251	1	2	0	2015
251	1	1	251	1	3	0	2015
251	1	1	251	1	4	0	2015
251	1	2	251	1	3	0	2015
251	1	2	251	1	4	0	2015
251	1	3	251	1	4	0	2015
252	1	1	252	1	2	0	1624
252	1	1	252	1	3	0	1624
252	1	1	252	1	4	0	1624
252	1	2	252	1	3	0	1624
252	1	2	252	1	4	0	1624
252	1	3	252	1	4	0	1624
253	1	1	253	1	2	0	986
253	1	1	253	1	3	0	986
253	1	1	253	1	4	0	986
253	1	2	253	1	3	0	986
253	1	2	253	1	4	0	986
253	1	3	253	1	4	0	986
253	2	1	253	2	2	0	357
253	2	1	253	2	3	0	357
253	2	1	253	2	4	0	357
253	2	2	253	2	3	0	357
253	2	2	253	2	4	0	357
253	2	3	253	2	4	0	357
254	1	1	254	1	2	2	1557
254	1	1	254	1	3	3	1557
254	1	1	254	1	4	3	1557
254	1	2	254	1	3	1	1557
254	1	2	254	1	4	5	1557
254	1	3	254	1	4	4	1557
257	1	1	257	1	2	15	1358
257	1	1	257	1	3	22	1358
257	1	1	257	1	4	22	1358
257	1	2	257	1	3	25	1358
257	1	2	257	1	4	27	1358
257	1	3	257	1	4	16	1358
259	1	1	259	1	2	0	1809
259	1	1	259	1	3	1	1809
259	1	1	259	1	4	1	1809
259	1	2	259	1	3	1	1809
259	1	2	259	1	4	1	1809
259	1	3	259	1	4	0	1809
260	1	1	260	1	2	8	1864
260	1	1	260	1	3	4	1864
260	1	1	260	1	4	13	1864
260	1	2	260	1	3	6	1864
260	1	2	260	1	4	5	1864
260	1	3	260	1	4	9	1864
261	1	1	261	1	2	0	1605
261	1	1	261	1	3	2	1605
261	1	1	261	1	4	3	1605
261	1	2	261	1	3	2	1605
261	1	2	261	1	4	3	1605
261	1	3	261	1	4	1	1605
264	1	1	264	1	2	0	1380
264	1	1	264	1	3	0	1380
264	1	1	264	1	4	0	1380
264	1	2	264	1	3	0	1380
264	1	2	264	1	4	0	1380
264	1	3	264	1	4	0	1380
264	2	1	264	2	2	0	366
264	2	1	264	2	3	0	366
264	2	1	264	2	4	0	366
264	2	2	264	2	3	0	366
264	2	2	264	2	4	0	366
264	2	3	264	2	4	0	366
265	1	1	265	1	2	0	1346
265	1	1	265	1	3	1	1346
265	1	1	265	1	4	1	1346
265	1	2	265	1	3	1	1346
265	1	2	265	1	4	1	1346
265	1	3	265	1	4	0	1346
266	1	1	266	1	2	2	1011
266	1	1	266	1	3	3	1011
266	1	1	266	1	4	2	1011
266	1	2	266	1	3	3	1011
266	1	2	266	1	4	2	1011
266	1	3	266	1	4	5	1011
267	1	1	267	1	2	1	1864
267	1	1	267	1	3	1	1864
267	1	1	267	1	4	1	1864
267	1	2	267	1	3	0	1864
267	1	2	267	1	4	0	1864
267	1	3	267	1	4	0	1864
268	1	1	268	1	2	0	1504
268	1	1	268	1	3	1	1504
268	1	1	268	1	4	1	1504
268	1	2	268	1	3	1	1504
268	1	2	268	1	4	1	1504
268	1	3	268	1	4	0	1504
269	1	1	269	1	2	0	1928
269	1	1	269	1	3	2	1928
269	1	1	269	1	4	2	1928
269	1	2	269	1	3	2	1928
269	1	2	269	1	4	2	1928
269	1	3	269	1	4	0	1928
269	2	1	269	2	2	0	1336
269	2	1	269	2	3	0	1336
269	2	1	269	2	4	0	1336
269	2	2	269	2	3	0	1336
269	2	2	269	2	4	0	1336
269	2	3	269	2	4	0	1336
270	1	1	270	1	2	0	1339
270	1	1	270	1	3	3	1339
270	1	1	270	1	4	3	1339
270	1	2	270	1	3	3	1339
270	1	2	270	1	4	3	1339
270	1	3	270	1	4	0	1339
271	1	1	271	1	2	295	1368
271	1	1	271	1	3	310	1368
271	1	1	271	1	4	312	1368
271	1	2	271	1	3	300	1368
271	1	2	271	1	4	294	1368
271	1	3	271	1	4	296	1368
271	2	1	271	2	2	1	1582
271	2	1	271	2	3	1	1582
271	2	1	271	2	4	2	1582
271	2	2	271	2	3	0	1582
271	2	2	271	2	4	3	1582
271	2	3	271	2	4	3	1582
271	3	1	271	3	2	1	1239
271	3	1	271	3	3	3	1239
271	3	1	271	3	4	3	1239
271	3	2	271	3	3	2	1239
271	3	2	271	3	4	2	1239
271	3	3	271	3	4	0	1239
271	4	1	271	4	2	0	648
271	4	1	271	4	3	1	648
271	4	1	271	4	4	1	648
271	4	2	271	4	3	1	648
271	4	2	271	4	4	1	648
271	4	3	271	4	4	0	648
271	5	1	271	5	2	1	618
271	5	1	271	5	3	1	618
271	5	1	271	5	4	1	618
271	5	2	271	5	3	0	618
271	5	2	271	5	4	1	618
271	5	3	271	5	4	1	618
271	6	1	271	6	2	0	414
271	6	1	271	6	3	0	414
271	6	1	271	6	4	0	414
271	6	2	271	6	3	0	414
271	6	2	271	6	4	0	414
271	6	3	271	6	4	0	414
271	7	1	271	7	2	0	681
271	7	1	271	7	3	0	681
271	7	1	271	7	4	0	681
271	7	2	271	7	3	0	681
271	7	2	271	7	4	0	681
271	7	3	271	7	4	0	681
271	8	1	271	8	2	1	223
271	8	1	271	8	3	2	223
271	8	1	271	8	4	2	223
271	8	2	271	8	3	1	223
271	8	2	271	8	4	3	223
271	8	3	271	8	4	2	223
272	1	1	272	1	2	1	1548
272	1	1	272	1	3	2	1548
272	1	1	272	1	4	4	1548
272	1	2	272	1	3	3	1548
272	1	2	272	1	4	5	1548
272	1	3	272	1	4	4	1548
273	1	1	273	1	2	0	1775
273	1	1	273	1	3	0	1775
273	1	1	273	1	4	0	1775
273	1	2	273	1	3	0	1775
273	1	2	273	1	4	0	1775
273	1	3	273	1	4	0	1775
274	1	1	274	1	2	0	1405
274	1	1	274	1	3	0	1405
274	1	1	274	1	4	0	1405
274	1	2	274	1	3	0	1405
274	1	2	274	1	4	0	1405
274	1	3	274	1	4	0	1405
275	1	1	275	1	2	0	1450
275	1	1	275	1	3	0	1450
275	1	1	275	1	4	0	1450
275	1	2	275	1	3	0	1450
275	1	2	275	1	4	0	1450
275	1	3	275	1	4	0	1450
276	1	1	276	1	2	0	1631
276	1	1	276	1	3	1	1631
276	1	1	276	1	4	1	1631
276	1	2	276	1	3	1	1631
276	1	2	276	1	4	1	1631
276	1	3	276	1	4	0	1631
277	1	1	277	1	2	3	1269
277	1	1	277	1	3	7	1269
277	1	1	277	1	4	7	1269
277	1	2	277	1	3	5	1269
277	1	2	277	1	4	9	1269
277	1	3	277	1	4	5	1269
278	1	1	278	1	2	3	1527
278	1	1	278	1	3	3	1527
278	1	1	278	1	4	5	1527
278	1	2	278	1	3	2	1527
278	1	2	278	1	4	2	1527
278	1	3	278	1	4	2	1527
279	1	1	279	1	2	0	1858
279	1	1	279	1	3	0	1858
279	1	1	279	1	4	0	1858
279	1	2	279	1	3	0	1858
279	1	2	279	1	4	0	1858
279	1	3	279	1	4	0	1858
280	1	1	280	1	2	1	975
280	1	1	280	1	3	1	975
280	1	1	280	1	4	2	975
280	1	2	280	1	3	2	975
280	1	2	280	1	4	1	975
280	1	3	280	1	4	1	975
281	1	1	281	1	2	3	1928
281	1	1	281	1	3	4	1928
281	1	1	281	1	4	5	1928
281	1	2	281	1	3	3	1928
281	1	2	281	1	4	4	1928
281	1	3	281	1	4	1	1928
282	1	1	282	1	2	8	1257
282	1	1	282	1	3	10	1257
282	1	1	282	1	4	12	1257
282	1	2	282	1	3	8	1257
282	1	2	282	1	4	11	1257
282	1	3	282	1	4	10	1257
283	1	1	283	1	2	0	1876
283	1	1	283	1	3	0	1876
283	1	1	283	1	4	0	1876
283	1	2	283	1	3	0	1876
283	1	2	283	1	4	0	1876
283	1	3	283	1	4	0	1876
284	1	1	284	1	2	0	1815
284	1	1	284	1	3	0	1815
284	1	1	284	1	4	0	1815
284	1	2	284	1	3	0	1815
284	1	2	284	1	4	0	1815
284	1	3	284	1	4	0	1815
285	1	1	285	1	2	0	1603
285	1	1	285	1	3	0	1603
285	1	1	285	1	4	0	1603
285	1	2	285	1	3	0	1603
285	1	2	285	1	4	0	1603
285	1	3	285	1	4	0	1603
285	2	1	285	2	2	0	800
285	2	1	285	2	3	2	800
285	2	1	285	2	4	2	800
285	2	2	285	2	3	2	800
285	2	2	285	2	4	2	800
285	2	3	285	2	4	0	800
286	1	1	286	1	2	0	1212
286	1	1	286	1	3	0	1212
286	1	1	286	1	4	0	1212
286	1	2	286	1	3	0	1212
286	1	2	286	1	4	0	1212
286	1	3	286	1	4	0	1212
286	2	1	286	2	2	0	297
286	2	1	286	2	3	0	297
286	2	1	286	2	4	0	297
286	2	2	286	2	3	0	297
286	2	2	286	2	4	0	297
286	2	3	286	2	4	0	297
287	1	1	287	1	2	0	1006
287	1	1	287	1	3	2	1006
287	1	1	287	1	4	2	1006
287	1	2	287	1	3	2	1006
287	1	2	287	1	4	2	1006
287	1	3	287	1	4	0	1006
287	2	1	287	2	2	0	468
287	2	1	287	2	3	0	468
287	2	1	287	2	4	0	468
287	2	2	287	2	3	0	468
287	2	2	287	2	4	0	468
287	2	3	287	2	4	0	468
288	1	1	288	1	2	0	2050
288	1	1	288	1	3	0	2050
288	1	1	288	1	4	0	2050
288	1	2	288	1	3	0	2050
288	1	2	288	1	4	0	2050
288	1	3	288	1	4	0	2050
289	1	1	289	1	2	0	1775
289	1	1	289	1	3	0	1775
289	1	1	289	1	4	0	1775
289	1	2	289	1	3	0	1775
289	1	2	289	1	4	0	1775
289	1	3	289	1	4	0	1775
289	2	1	289	2	2	0	1178
289	2	1	289	2	3	3	1178
289	2	1	289	2	4	3	1178
289	2	2	289	2	3	3	1178
289	2	2	289	2	4	3	1178
289	2	3	289	2	4	0	1178
290	1	1	290	1	2	12	1704
290	1	1	290	1	3	12	1704
290	1	1	290	1	4	1	1704
290	1	2	290	1	3	0	1704
290	1	2	290	1	4	12	1704
290	1	3	290	1	4	12	1704
291	1	1	291	1	2	2	1412
291	1	1	291	1	3	2	1412
291	1	1	291	1	4	1	1412
291	1	2	291	1	3	1	1412
291	1	2	291	1	4	3	1412
291	1	3	291	1	4	3	1412
292	1	1	292	1	2	2	786
292	1	1	292	1	3	5	786
292	1	1	292	1	4	5	786
292	1	2	292	1	3	3	786
292	1	2	292	1	4	3	786
292	1	3	292	1	4	0	786
293	1	1	293	1	2	0	1036
293	1	1	293	1	3	1	1036
293	1	1	293	1	4	1	1036
293	1	2	293	1	3	1	1036
293	1	2	293	1	4	1	1036
293	1	3	293	1	4	0	1036
294	1	1	294	1	2	0	1425
294	1	1	294	1	3	0	1425
294	1	1	294	1	4	0	1425
294	1	2	294	1	3	0	1425
294	1	2	294	1	4	0	1425
294	1	3	294	1	4	0	1425
294	2	1	294	2	2	0	1454
294	2	1	294	2	3	0	1454
294	2	1	294	2	4	0	1454
294	2	2	294	2	3	0	1454
294	2	2	294	2	4	0	1454
294	2	3	294	2	4	0	1454
294	3	1	294	3	2	0	983
294	3	1	294	3	3	0	983
294	3	1	294	3	4	1	983
294	3	2	294	3	3	0	983
294	3	2	294	3	4	1	983
294	3	3	294	3	4	1	983
295	1	1	295	1	2	8	1733
295	1	1	295	1	3	1	1733
295	1	1	295	1	4	5	1733
295	1	2	295	1	3	9	1733
295	1	2	295	1	4	7	1733
295	1	3	295	1	4	4	1733
296	1	1	296	1	2	4	1882
296	1	1	296	1	3	2	1882
296	1	1	296	1	4	6	1882
296	1	2	296	1	3	6	1882
296	1	2	296	1	4	2	1882
296	1	3	296	1	4	4	1882
297	1	1	297	1	2	0	1467
297	1	1	297	1	3	0	1467
297	1	1	297	1	4	0	1467
297	1	2	297	1	3	0	1467
297	1	2	297	1	4	0	1467
297	1	3	297	1	4	0	1467
298	1	1	298	1	2	0	1748
298	1	1	298	1	3	0	1748
298	1	1	298	1	4	0	1748
298	1	2	298	1	3	0	1748
298	1	2	298	1	4	0	1748
298	1	3	298	1	4	0	1748
298	2	1	298	2	2	0	452
298	2	1	298	2	3	0	452
298	2	1	298	2	4	0	452
298	2	2	298	2	3	0	452
298	2	2	298	2	4	0	452
298	2	3	298	2	4	0	452
299	1	1	299	1	2	0	1721
299	1	1	299	1	3	2	1721
299	1	1	299	1	4	2	1721
299	1	2	299	1	3	2	1721
299	1	2	299	1	4	2	1721
299	1	3	299	1	4	0	1721
299	2	1	299	2	2	7	1928
299	2	1	299	2	3	2	1928
299	2	1	299	2	4	7	1928
299	2	2	299	2	3	7	1928
299	2	2	299	2	4	2	1928
299	2	3	299	2	4	7	1928
300	1	1	300	1	2	17	1775
300	1	1	300	1	3	17	1775
300	1	1	300	1	4	8	1775
300	1	2	300	1	3	4	1775
300	1	2	300	1	4	9	1775
300	1	3	300	1	4	9	1775
301	1	1	301	1	2	0	1868
301	1	1	301	1	3	0	1868
301	1	1	301	1	4	0	1868
301	1	2	301	1	3	0	1868
301	1	2	301	1	4	0	1868
301	1	3	301	1	4	0	1868
301	2	1	301	2	2	0	1535
301	2	1	301	2	3	1	1535
301	2	1	301	2	4	1	1535
301	2	2	301	2	3	1	1535
301	2	2	301	2	4	1	1535
301	2	3	301	2	4	0	1535
301	3	1	301	3	2	0	1071
301	3	1	301	3	3	0	1071
301	3	1	301	3	4	0	1071
301	3	2	301	3	3	0	1071
301	3	2	301	3	4	0	1071
301	3	3	301	3	4	0	1071
302	1	1	302	1	2	6	1217
302	1	1	302	1	3	6	1217
302	1	1	302	1	4	2	1217
302	1	2	302	1	3	0	1217
302	1	2	302	1	4	4	1217
302	1	3	302	1	4	4	1217
303	1	1	303	1	2	155	2718
303	1	1	303	1	3	144	2718
303	1	1	303	1	4	148	2718
303	1	2	303	1	3	143	2718
303	1	2	303	1	4	141	2718
303	1	3	303	1	4	146	2718
304	1	1	304	1	2	0	1259
304	1	1	304	1	3	0	1259
304	1	1	304	1	4	0	1259
304	1	2	304	1	3	0	1259
304	1	2	304	1	4	0	1259
304	1	3	304	1	4	0	1259
304	2	1	304	2	2	1	654
304	2	1	304	2	3	1	654
304	2	1	304	2	4	1	654
304	2	2	304	2	3	0	654
304	2	2	304	2	4	0	654
304	2	3	304	2	4	0	654
304	3	1	304	3	2	0	455
304	3	1	304	3	3	0	455
304	3	1	304	3	4	0	455
304	3	2	304	3	3	0	455
304	3	2	304	3	4	0	455
304	3	3	304	3	4	0	455
305	1	1	305	1	2	0	1530
305	1	1	305	1	3	0	1530
305	1	1	305	1	4	0	1530
305	1	2	305	1	3	0	1530
305	1	2	305	1	4	0	1530
305	1	3	305	1	4	0	1530
306	1	1	306	1	2	0	1660
306	1	1	306	1	3	1	1660
306	1	1	306	1	4	1	1660
306	1	2	306	1	3	1	1660
306	1	2	306	1	4	1	1660
306	1	3	306	1	4	0	1660
306	2	1	306	2	2	0	275
306	2	1	306	2	3	0	275
306	2	1	306	2	4	0	275
306	2	2	306	2	3	0	275
306	2	2	306	2	4	0	275
306	2	3	306	2	4	0	275
307	1	1	307	1	2	0	1547
307	1	1	307	1	3	2	1547
307	1	1	307	1	4	2	1547
307	1	2	307	1	3	2	1547
307	1	2	307	1	4	2	1547
307	1	3	307	1	4	0	1547
307	2	1	307	2	2	0	791
307	2	1	307	2	3	0	791
307	2	1	307	2	4	1	791
307	2	2	307	2	3	0	791
307	2	2	307	2	4	1	791
307	2	3	307	2	4	1	791
309	1	1	309	1	2	0	1752
309	1	1	309	1	3	0	1752
309	1	1	309	1	4	0	1752
309	1	2	309	1	3	0	1752
309	1	2	309	1	4	0	1752
309	1	3	309	1	4	0	1752
309	2	1	309	2	2	0	752
309	2	1	309	2	3	0	752
309	2	1	309	2	4	0	752
309	2	2	309	2	3	0	752
309	2	2	309	2	4	0	752
309	2	3	309	2	4	0	752
309	3	1	309	3	2	0	505
309	3	1	309	3	3	0	505
309	3	1	309	3	4	0	505
309	3	2	309	3	3	0	505
309	3	2	309	3	4	0	505
309	3	3	309	3	4	0	505
311	1	1	311	1	2	0	2263
311	1	1	311	1	3	2	2263
311	1	1	311	1	4	2	2263
311	1	2	311	1	3	2	2263
311	1	2	311	1	4	2	2263
311	1	3	311	1	4	0	2263
312	1	1	312	1	2	0	1384
312	1	1	312	1	3	0	1384
312	1	1	312	1	4	0	1384
312	1	2	312	1	3	0	1384
312	1	2	312	1	4	0	1384
312	1	3	312	1	4	0	1384
313	1	1	313	1	2	3	1807
313	1	1	313	1	3	9	1807
313	1	1	313	1	4	12	1807
313	1	2	313	1	3	12	1807
313	1	2	313	1	4	9	1807
313	1	3	313	1	4	3	1807
314	1	1	314	1	2	0	1887
314	1	1	314	1	3	7	1887
314	1	1	314	1	4	6	1887
314	1	2	314	1	3	7	1887
314	1	2	314	1	4	6	1887
314	1	3	314	1	4	1	1887
315	1	1	315	1	2	368	2267
315	1	1	315	1	3	381	2267
315	1	1	315	1	4	354	2267
315	1	2	315	1	3	361	2267
315	1	2	315	1	4	361	2267
315	1	3	315	1	4	372	2267
316	1	1	316	1	2	0	1694
316	1	1	316	1	3	0	1694
316	1	1	316	1	4	0	1694
316	1	2	316	1	3	0	1694
316	1	2	316	1	4	0	1694
316	1	3	316	1	4	0	1694
316	2	1	316	2	2	0	621
316	2	1	316	2	3	0	621
316	2	1	316	2	4	0	621
316	2	2	316	2	3	0	621
316	2	2	316	2	4	0	621
316	2	3	316	2	4	0	621
318	1	1	318	1	2	0	872
318	1	1	318	1	3	2	872
318	1	1	318	1	4	2	872
318	1	2	318	1	3	2	872
318	1	2	318	1	4	2	872
318	1	3	318	1	4	0	872
318	2	1	318	2	2	0	763
318	2	1	318	2	3	1	763
318	2	1	318	2	4	1	763
318	2	2	318	2	3	1	763
318	2	2	318	2	4	1	763
318	2	3	318	2	4	0	763
319	1	1	319	1	2	9	2077
319	1	1	319	1	3	11	2077
319	1	1	319	1	4	14	2077
319	1	2	319	1	3	13	2077
319	1	2	319	1	4	10	2077
319	1	3	319	1	4	3	2077
320	1	1	320	1	2	1	854
320	1	1	320	1	3	1	854
320	1	1	320	1	4	1	854
320	1	2	320	1	3	2	854
320	1	2	320	1	4	2	854
320	1	3	320	1	4	0	854
321	1	1	321	1	2	1	1798
321	1	1	321	1	3	4	1798
321	1	1	321	1	4	5	1798
321	1	2	321	1	3	5	1798
321	1	2	321	1	4	4	1798
321	1	3	321	1	4	1	1798
322	1	1	322	1	2	29	941
322	1	1	322	1	3	38	941
322	1	1	322	1	4	30	941
322	1	2	322	1	3	18	941
322	1	2	322	1	4	25	941
322	1	3	322	1	4	33	941
323	1	1	323	1	2	0	1236
323	1	1	323	1	3	2	1236
323	1	1	323	1	4	2	1236
323	1	2	323	1	3	2	1236
323	1	2	323	1	4	2	1236
323	1	3	323	1	4	0	1236
324	1	1	324	1	2	0	748
324	1	1	324	1	3	1	748
324	1	1	324	1	4	1	748
324	1	2	324	1	3	1	748
324	1	2	324	1	4	1	748
324	1	3	324	1	4	0	748
325	1	1	325	1	2	1	1726
325	1	1	325	1	3	1	1726
325	1	1	325	1	4	2	1726
325	1	2	325	1	3	2	1726
325	1	2	325	1	4	1	1726
325	1	3	325	1	4	1	1726
326	1	1	326	1	2	0	1894
326	1	1	326	1	3	0	1894
326	1	1	326	1	4	0	1894
326	1	2	326	1	3	0	1894
326	1	2	326	1	4	0	1894
326	1	3	326	1	4	0	1894
327	1	1	327	1	2	0	2085
327	1	1	327	1	3	4	2085
327	1	1	327	1	4	4	2085
327	1	2	327	1	3	4	2085
327	1	2	327	1	4	4	2085
327	1	3	327	1	4	0	2085
328	1	1	328	1	2	1	1225
328	1	1	328	1	3	1	1225
328	1	1	328	1	4	2	1225
328	1	2	328	1	3	2	1225
328	1	2	328	1	4	1	1225
328	1	3	328	1	4	1	1225
328	2	1	328	2	2	0	431
328	2	1	328	2	3	0	431
328	2	1	328	2	4	0	431
328	2	2	328	2	3	0	431
328	2	2	328	2	4	0	431
328	2	3	328	2	4	0	431
328	3	1	328	3	2	0	411
328	3	1	328	3	3	0	411
328	3	1	328	3	4	0	411
328	3	2	328	3	3	0	411
328	3	2	328	3	4	0	411
328	3	3	328	3	4	0	411
330	1	1	330	1	2	0	1570
330	1	1	330	1	3	5	1570
330	1	1	330	1	4	5	1570
330	1	2	330	1	3	5	1570
330	1	2	330	1	4	5	1570
330	1	3	330	1	4	0	1570
333	1	1	333	1	2	1	1958
333	1	1	333	1	3	1	1958
333	1	1	333	1	4	1	1958
333	1	2	333	1	3	0	1958
333	1	2	333	1	4	0	1958
333	1	3	333	1	4	0	1958
334	1	1	334	1	2	0	1710
334	1	1	334	1	3	2	1710
334	1	1	334	1	4	2	1710
334	1	2	334	1	3	2	1710
334	1	2	334	1	4	2	1710
334	1	3	334	1	4	0	1710
335	1	1	335	1	2	7	1532
335	1	1	335	1	3	6	1532
335	1	1	335	1	4	10	1532
335	1	2	335	1	3	8	1532
335	1	2	335	1	4	7	1532
335	1	3	335	1	4	6	1532
335	2	1	335	2	2	0	1567
335	2	1	335	2	3	0	1567
335	2	1	335	2	4	0	1567
335	2	2	335	2	3	0	1567
335	2	2	335	2	4	0	1567
335	2	3	335	2	4	0	1567
337	1	1	337	1	2	3	1564
337	1	1	337	1	3	4	1564
337	1	1	337	1	4	5	1564
337	1	2	337	1	3	3	1564
337	1	2	337	1	4	2	1564
337	1	3	337	1	4	1	1564
338	1	1	338	1	2	1	1872
338	1	1	338	1	3	1	1872
338	1	1	338	1	4	2	1872
338	1	2	338	1	3	2	1872
338	1	2	338	1	4	1	1872
338	1	3	338	1	4	1	1872
339	1	1	339	1	2	0	1799
339	1	1	339	1	3	0	1799
339	1	1	339	1	4	0	1799
339	1	2	339	1	3	0	1799
339	1	2	339	1	4	0	1799
339	1	3	339	1	4	0	1799
339	2	1	339	2	2	0	572
339	2	1	339	2	3	1	572
339	2	1	339	2	4	1	572
339	2	2	339	2	3	1	572
339	2	2	339	2	4	1	572
339	2	3	339	2	4	0	572
340	1	1	340	1	2	3	1092
340	1	1	340	1	3	3	1092
340	1	1	340	1	4	2	1092
340	1	2	340	1	3	0	1092
340	1	2	340	1	4	5	1092
340	1	3	340	1	4	5	1092
340	2	1	340	2	2	0	983
340	2	1	340	2	3	3	983
340	2	1	340	2	4	2	983
340	2	2	340	2	3	3	983
340	2	2	340	2	4	2	983
340	2	3	340	2	4	1	983
340	3	1	340	3	2	0	257
340	3	1	340	3	3	0	257
340	3	1	340	3	4	0	257
340	3	2	340	3	3	0	257
340	3	2	340	3	4	0	257
340	3	3	340	3	4	0	257
341	1	1	341	1	2	1	1400
341	1	1	341	1	3	8	1400
341	1	1	341	1	4	5	1400
341	1	2	341	1	3	9	1400
341	1	2	341	1	4	4	1400
341	1	3	341	1	4	5	1400
342	1	1	342	1	2	0	1838
342	1	1	342	1	3	0	1838
342	1	1	342	1	4	0	1838
342	1	2	342	1	3	0	1838
342	1	2	342	1	4	0	1838
342	1	3	342	1	4	0	1838
344	1	1	344	1	2	2	1479
344	1	1	344	1	3	1	1479
344	1	1	344	1	4	3	1479
344	1	2	344	1	3	3	1479
344	1	2	344	1	4	1	1479
344	1	3	344	1	4	2	1479
345	1	1	345	1	2	3	1838
345	1	1	345	1	3	1	1838
345	1	1	345	1	4	5	1838
345	1	2	345	1	3	4	1838
345	1	2	345	1	4	2	1838
345	1	3	345	1	4	4	1838
346	1	1	346	1	2	12	1942
346	1	1	346	1	3	12	1942
346	1	1	346	1	4	2	1942
346	1	2	346	1	3	0	1942
346	1	2	346	1	4	10	1942
346	1	3	346	1	4	10	1942
347	1	1	347	1	2	1	1773
347	1	1	347	1	3	1	1773
347	1	1	347	1	4	1	1773
347	1	2	347	1	3	0	1773
347	1	2	347	1	4	0	1773
347	1	3	347	1	4	0	1773
348	1	1	348	1	2	5	1466
348	1	1	348	1	3	7	1466
348	1	1	348	1	4	7	1466
348	1	2	348	1	3	3	1466
348	1	2	348	1	4	4	1466
348	1	3	348	1	4	1	1466
349	1	1	349	1	2	4	1726
349	1	1	349	1	3	5	1726
349	1	1	349	1	4	5	1726
349	1	2	349	1	3	5	1726
349	1	2	349	1	4	5	1726
349	1	3	349	1	4	4	1726
349	2	1	349	2	2	0	319
349	2	1	349	2	3	0	319
349	2	1	349	2	4	0	319
349	2	2	349	2	3	0	319
349	2	2	349	2	4	0	319
349	2	3	349	2	4	0	319
350	1	1	350	1	2	0	928
350	1	1	350	1	3	3	928
350	1	1	350	1	4	3	928
350	1	2	350	1	3	3	928
350	1	2	350	1	4	3	928
350	1	3	350	1	4	0	928
350	2	1	350	2	2	0	800
350	2	1	350	2	3	0	800
350	2	1	350	2	4	0	800
350	2	2	350	2	3	0	800
350	2	2	350	2	4	0	800
350	2	3	350	2	4	0	800
350	3	1	350	3	2	1	683
350	3	1	350	3	3	2	683
350	3	1	350	3	4	3	683
350	3	2	350	3	3	3	683
350	3	2	350	3	4	2	683
350	3	3	350	3	4	1	683
350	4	1	350	4	2	1	620
350	4	1	350	4	3	1	620
350	4	1	350	4	4	1	620
350	4	2	350	4	3	0	620
350	4	2	350	4	4	0	620
350	4	3	350	4	4	0	620
351	1	1	351	1	2	10	1667
351	1	1	351	1	3	6	1667
351	1	1	351	1	4	8	1667
351	1	2	351	1	3	8	1667
351	1	2	351	1	4	8	1667
351	1	3	351	1	4	6	1667
352	1	1	352	1	2	0	1886
352	1	1	352	1	3	0	1886
352	1	1	352	1	4	0	1886
352	1	2	352	1	3	0	1886
352	1	2	352	1	4	0	1886
352	1	3	352	1	4	0	1886
352	2	1	352	2	2	0	262
352	2	1	352	2	3	0	262
352	2	1	352	2	4	0	262
352	2	2	352	2	3	0	262
352	2	2	352	2	4	0	262
352	2	3	352	2	4	0	262
353	1	1	353	1	2	0	1367
353	1	1	353	1	3	0	1367
353	1	1	353	1	4	0	1367
353	1	2	353	1	3	0	1367
353	1	2	353	1	4	0	1367
353	1	3	353	1	4	0	1367
354	1	1	354	1	2	2	1454
354	1	1	354	1	3	10	1454
354	1	1	354	1	4	11	1454
354	1	2	354	1	3	10	1454
354	1	2	354	1	4	9	1454
354	1	3	354	1	4	1	1454
355	1	1	355	1	2	0	1636
355	1	1	355	1	3	0	1636
355	1	1	355	1	4	0	1636
355	1	2	355	1	3	0	1636
355	1	2	355	1	4	0	1636
355	1	3	355	1	4	0	1636
356	1	1	356	1	2	0	1160
356	1	1	356	1	3	2	1160
356	1	1	356	1	4	2	1160
356	1	2	356	1	3	2	1160
356	1	2	356	1	4	2	1160
356	1	3	356	1	4	0	1160
357	1	1	357	1	2	0	1842
357	1	1	357	1	3	0	1842
357	1	1	357	1	4	0	1842
357	1	2	357	1	3	0	1842
357	1	2	357	1	4	0	1842
357	1	3	357	1	4	0	1842
357	2	1	357	2	2	0	261
357	2	1	357	2	3	0	261
357	2	1	357	2	4	0	261
357	2	2	357	2	3	0	261
357	2	2	357	2	4	0	261
357	2	3	357	2	4	0	261
357	3	1	357	3	2	0	312
357	3	1	357	3	3	0	312
357	3	1	357	3	4	0	312
357	3	2	357	3	3	0	312
357	3	2	357	3	4	0	312
357	3	3	357	3	4	0	312
358	1	1	358	1	2	3	1275
358	1	1	358	1	3	1	1275
358	1	1	358	1	4	2	1275
358	1	2	358	1	3	2	1275
358	1	2	358	1	4	3	1275
358	1	3	358	1	4	1	1275
359	1	1	359	1	2	2	1303
359	1	1	359	1	3	1	1303
359	1	1	359	1	4	3	1303
359	1	2	359	1	3	3	1303
359	1	2	359	1	4	1	1303
359	1	3	359	1	4	2	1303
361	1	1	361	1	2	0	1792
361	1	1	361	1	3	2	1792
361	1	1	361	1	4	2	1792
361	1	2	361	1	3	2	1792
361	1	2	361	1	4	2	1792
361	1	3	361	1	4	0	1792
362	1	1	362	1	2	0	1460
362	1	1	362	1	3	1	1460
362	1	1	362	1	4	1	1460
362	1	2	362	1	3	1	1460
362	1	2	362	1	4	1	1460
362	1	3	362	1	4	0	1460
362	2	1	362	2	2	0	1404
362	2	1	362	2	3	2	1404
362	2	1	362	2	4	2	1404
362	2	2	362	2	3	2	1404
362	2	2	362	2	4	2	1404
362	2	3	362	2	4	0	1404
363	1	1	363	1	2	0	1306
363	1	1	363	1	3	1	1306
363	1	1	363	1	4	1	1306
363	1	2	363	1	3	1	1306
363	1	2	363	1	4	1	1306
363	1	3	363	1	4	0	1306
364	1	1	364	1	2	2	1781
364	1	1	364	1	3	3	1781
364	1	1	364	1	4	4	1781
364	1	2	364	1	3	5	1781
364	1	2	364	1	4	4	1781
364	1	3	364	1	4	1	1781
364	2	1	364	2	2	0	410
364	2	1	364	2	3	0	410
364	2	1	364	2	4	0	410
364	2	2	364	2	3	0	410
364	2	2	364	2	4	0	410
364	2	3	364	2	4	0	410
365	1	1	365	1	2	0	1754
365	1	1	365	1	3	1	1754
365	1	1	365	1	4	1	1754
365	1	2	365	1	3	1	1754
365	1	2	365	1	4	1	1754
365	1	3	365	1	4	0	1754
366	1	1	366	1	2	0	1667
366	1	1	366	1	3	0	1667
366	1	1	366	1	4	0	1667
366	1	2	366	1	3	0	1667
366	1	2	366	1	4	0	1667
366	1	3	366	1	4	0	1667
367	1	1	367	1	2	0	2026
367	1	1	367	1	3	0	2026
367	1	1	367	1	4	0	2026
367	1	2	367	1	3	0	2026
367	1	2	367	1	4	0	2026
367	1	3	367	1	4	0	2026
367	2	1	367	2	2	0	573
367	2	1	367	2	3	0	573
367	2	1	367	2	4	0	573
367	2	2	367	2	3	0	573
367	2	2	367	2	4	0	573
367	2	3	367	2	4	0	573
367	3	1	367	3	2	0	275
367	3	1	367	3	3	0	275
367	3	1	367	3	4	0	275
367	3	2	367	3	3	0	275
367	3	2	367	3	4	0	275
367	3	3	367	3	4	0	275
368	1	1	368	1	2	0	1506
368	1	1	368	1	3	1	1506
368	1	1	368	1	4	1	1506
368	1	2	368	1	3	1	1506
368	1	2	368	1	4	1	1506
368	1	3	368	1	4	0	1506
368	2	1	368	2	2	0	246
368	2	1	368	2	3	0	246
368	2	1	368	2	4	0	246
368	2	2	368	2	3	0	246
368	2	2	368	2	4	0	246
368	2	3	368	2	4	0	246
369	1	1	369	1	2	0	1381
369	1	1	369	1	3	1	1381
369	1	1	369	1	4	1	1381
369	1	2	369	1	3	1	1381
369	1	2	369	1	4	1	1381
369	1	3	369	1	4	0	1381
370	1	1	370	1	2	0	1716
370	1	1	370	1	3	0	1716
370	1	1	370	1	4	0	1716
370	1	2	370	1	3	0	1716
370	1	2	370	1	4	0	1716
370	1	3	370	1	4	0	1716
371	1	1	371	1	2	0	1508
371	1	1	371	1	3	1	1508
371	1	1	371	1	4	1	1508
371	1	2	371	1	3	1	1508
371	1	2	371	1	4	1	1508
371	1	3	371	1	4	0	1508
371	2	1	371	2	2	0	300
371	2	1	371	2	3	0	300
371	2	1	371	2	4	0	300
371	2	2	371	2	3	0	300
371	2	2	371	2	4	0	300
371	2	3	371	2	4	0	300
371	3	1	371	3	2	0	481
371	3	1	371	3	3	0	481
371	3	1	371	3	4	0	481
371	3	2	371	3	3	0	481
371	3	2	371	3	4	0	481
371	3	3	371	3	4	0	481
372	1	1	372	1	2	0	1825
372	1	1	372	1	3	3	1825
372	1	1	372	1	4	3	1825
372	1	2	372	1	3	3	1825
372	1	2	372	1	4	3	1825
372	1	3	372	1	4	0	1825
373	1	1	373	1	2	0	2948
373	1	1	373	1	3	1	2948
373	1	1	373	1	4	1	2948
373	1	2	373	1	3	1	2948
373	1	2	373	1	4	1	2948
373	1	3	373	1	4	0	2948
373	2	1	373	2	2	0	450
373	2	1	373	2	3	0	450
373	2	1	373	2	4	0	450
373	2	2	373	2	3	0	450
373	2	2	373	2	4	0	450
373	2	3	373	2	4	0	450
374	1	1	374	1	2	0	1836
374	1	1	374	1	3	1	1836
374	1	1	374	1	4	1	1836
374	1	2	374	1	3	1	1836
374	1	2	374	1	4	1	1836
374	1	3	374	1	4	0	1836
375	1	1	375	1	2	2	1710
375	1	1	375	1	3	15	1710
375	1	1	375	1	4	15	1710
375	1	2	375	1	3	13	1710
375	1	2	375	1	4	13	1710
375	1	3	375	1	4	0	1710
377	1	1	377	1	2	0	1817
377	1	1	377	1	3	2	1817
377	1	1	377	1	4	2	1817
377	1	2	377	1	3	2	1817
377	1	2	377	1	4	2	1817
377	1	3	377	1	4	0	1817
378	1	1	378	1	2	0	1472
378	1	1	378	1	3	3	1472
378	1	1	378	1	4	1	1472
378	1	2	378	1	3	3	1472
378	1	2	378	1	4	1	1472
378	1	3	378	1	4	2	1472
379	1	1	379	1	2	1	1436
379	1	1	379	1	3	1	1436
379	1	1	379	1	4	2	1436
379	1	2	379	1	3	2	1436
379	1	2	379	1	4	1	1436
379	1	3	379	1	4	1	1436
380	1	1	380	1	2	0	1828
380	1	1	380	1	3	0	1828
380	1	1	380	1	4	1	1828
380	1	2	380	1	3	0	1828
380	1	2	380	1	4	1	1828
380	1	3	380	1	4	1	1828
381	1	1	381	1	2	0	1866
381	1	1	381	1	3	2	1866
381	1	1	381	1	4	2	1866
381	1	2	381	1	3	2	1866
381	1	2	381	1	4	2	1866
381	1	3	381	1	4	0	1866
382	1	1	382	1	2	0	1698
382	1	1	382	1	3	0	1698
382	1	1	382	1	4	0	1698
382	1	2	382	1	3	0	1698
382	1	2	382	1	4	0	1698
382	1	3	382	1	4	0	1698
382	2	1	382	2	2	0	150
382	2	1	382	2	3	0	150
382	2	1	382	2	4	0	150
382	2	2	382	2	3	0	150
382	2	2	382	2	4	0	150
382	2	3	382	2	4	0	150
383	1	1	383	1	2	0	1153
383	1	1	383	1	3	1	1153
383	1	1	383	1	4	1	1153
383	1	2	383	1	3	1	1153
383	1	2	383	1	4	1	1153
383	1	3	383	1	4	0	1153
384	1	1	384	1	2	0	1097
384	1	1	384	1	3	3	1097
384	1	1	384	1	4	3	1097
384	1	2	384	1	3	3	1097
384	1	2	384	1	4	3	1097
384	1	3	384	1	4	0	1097
385	1	1	385	1	2	5	1703
385	1	1	385	1	3	3	1703
385	1	1	385	1	4	6	1703
385	1	2	385	1	3	6	1703
385	1	2	385	1	4	3	1703
385	1	3	385	1	4	5	1703
386	1	1	386	1	2	2	1951
386	1	1	386	1	3	1	1951
386	1	1	386	1	4	3	1951
386	1	2	386	1	3	3	1951
386	1	2	386	1	4	1	1951
386	1	3	386	1	4	2	1951
387	1	1	387	1	2	0	1329
387	1	1	387	1	3	1	1329
387	1	1	387	1	4	1	1329
387	1	2	387	1	3	1	1329
387	1	2	387	1	4	1	1329
387	1	3	387	1	4	0	1329
388	1	1	388	1	2	15	1810
388	1	1	388	1	3	11	1810
388	1	1	388	1	4	12	1810
388	1	2	388	1	3	12	1810
388	1	2	388	1	4	5	1810
388	1	3	388	1	4	15	1810
389	1	1	389	1	2	0	1428
389	1	1	389	1	3	0	1428
389	1	1	389	1	4	0	1428
389	1	2	389	1	3	0	1428
389	1	2	389	1	4	0	1428
389	1	3	389	1	4	0	1428
389	2	1	389	2	2	0	1429
389	2	1	389	2	3	1	1429
389	2	1	389	2	4	1	1429
389	2	2	389	2	3	1	1429
389	2	2	389	2	4	1	1429
389	2	3	389	2	4	0	1429
390	1	1	390	1	2	5	1573
390	1	1	390	1	3	2	1573
390	1	1	390	1	4	5	1573
390	1	2	390	1	3	3	1573
390	1	2	390	1	4	4	1573
390	1	3	390	1	4	7	1573
391	1	1	391	1	2	6	2009
391	1	1	391	1	3	4	2009
391	1	1	391	1	4	6	2009
391	1	2	391	1	3	8	2009
391	1	2	391	1	4	6	2009
391	1	3	391	1	4	4	2009
392	1	1	392	1	2	1	1390
392	1	1	392	1	3	4	1390
392	1	1	392	1	4	6	1390
392	1	2	392	1	3	3	1390
392	1	2	392	1	4	5	1390
392	1	3	392	1	4	2	1390
392	2	1	392	2	2	0	1240
392	2	1	392	2	3	0	1240
392	2	1	392	2	4	0	1240
392	2	2	392	2	3	0	1240
392	2	2	392	2	4	0	1240
392	2	3	392	2	4	0	1240
392	3	1	392	3	2	0	793
392	3	1	392	3	3	0	793
392	3	1	392	3	4	1	793
392	3	2	392	3	3	0	793
392	3	2	392	3	4	1	793
392	3	3	392	3	4	1	793
393	1	1	393	1	2	0	1767
393	1	1	393	1	3	0	1767
393	1	1	393	1	4	0	1767
393	1	2	393	1	3	0	1767
393	1	2	393	1	4	0	1767
393	1	3	393	1	4	0	1767
393	2	1	393	2	2	3	1711
393	2	1	393	2	3	2	1711
393	2	1	393	2	4	3	1711
393	2	2	393	2	3	1	1711
393	2	2	393	2	4	2	1711
393	2	3	393	2	4	3	1711
394	1	1	394	1	2	0	1185
394	1	1	394	1	3	0	1185
394	1	1	394	1	4	0	1185
394	1	2	394	1	3	0	1185
394	1	2	394	1	4	0	1185
394	1	3	394	1	4	0	1185
394	2	1	394	2	2	0	863
394	2	1	394	2	3	0	863
394	2	1	394	2	4	1	863
394	2	2	394	2	3	0	863
394	2	2	394	2	4	1	863
394	2	3	394	2	4	1	863
395	1	1	395	1	2	0	1847
395	1	1	395	1	3	0	1847
395	1	1	395	1	4	0	1847
395	1	2	395	1	3	0	1847
395	1	2	395	1	4	0	1847
395	1	3	395	1	4	0	1847
395	2	1	395	2	2	0	263
395	2	1	395	2	3	0	263
395	2	1	395	2	4	0	263
395	2	2	395	2	3	0	263
395	2	2	395	2	4	0	263
395	2	3	395	2	4	0	263
396	1	1	396	1	2	8	2125
396	1	1	396	1	3	4	2125
396	1	1	396	1	4	8	2125
396	1	2	396	1	3	6	2125
396	1	2	396	1	4	4	2125
396	1	3	396	1	4	4	2125
399	1	1	399	1	2	0	1863
399	1	1	399	1	3	0	1863
399	1	1	399	1	4	0	1863
399	1	2	399	1	3	0	1863
399	1	2	399	1	4	0	1863
399	1	3	399	1	4	0	1863
400	1	1	400	1	2	0	1901
400	1	1	400	1	3	2	1901
400	1	1	400	1	4	2	1901
400	1	2	400	1	3	2	1901
400	1	2	400	1	4	2	1901
400	1	3	400	1	4	0	1901
402	1	1	402	1	2	1	762
402	1	1	402	1	3	1	762
402	1	1	402	1	4	1	762
402	1	2	402	1	3	0	762
402	1	2	402	1	4	0	762
402	1	3	402	1	4	0	762
402	2	1	402	2	2	4	515
402	2	1	402	2	3	3	515
402	2	1	402	2	4	4	515
402	2	2	402	2	3	4	515
402	2	2	402	2	4	3	515
402	2	3	402	2	4	3	515
403	1	1	403	1	2	0	1639
403	1	1	403	1	3	1	1639
403	1	1	403	1	4	2	1639
403	1	2	403	1	3	1	1639
403	1	2	403	1	4	2	1639
403	1	3	403	1	4	1	1639
