1	1	1	1	1	2	5	2093
1	1	1	1	1	3	12	2093
1	1	1	1	1	4	13	2093
1	1	2	1	1	3	10	2093
1	1	2	1	1	4	14	2093
1	1	3	1	1	4	6	2093
2	1	1	2	1	2	266	2496
2	1	1	2	1	3	261	2496
2	1	1	2	1	4	276	2496
2	1	2	2	1	3	261	2496
2	1	2	2	1	4	254	2496
2	1	3	2	1	4	246	2496
3	1	1	3	1	2	0	2078
3	1	1	3	1	3	12	2078
3	1	1	3	1	4	12	2078
3	1	2	3	1	3	12	2078
3	1	2	3	1	4	12	2078
3	1	3	3	1	4	0	2078
3	2	1	3	2	2	0	850
3	2	1	3	2	3	0	850
3	2	1	3	2	4	0	850
3	2	2	3	2	3	0	850
3	2	2	3	2	4	0	850
3	2	3	3	2	4	0	850
4	1	1	4	1	2	2	1808
4	1	1	4	1	3	2	1808
4	1	1	4	1	4	4	1808
4	1	2	4	1	3	4	1808
4	1	2	4	1	4	2	1808
4	1	3	4	1	4	2	1808
5	1	1	5	1	2	2	1344
5	1	1	5	1	3	4	1344
5	1	1	5	1	4	4	1344
5	1	2	5	1	3	3	1344
5	1	2	5	1	4	3	1344
5	1	3	5	1	4	0	1344
5	2	1	5	2	2	0	1213
5	2	1	5	2	3	1	1213
5	2	1	5	2	4	1	1213
5	2	2	5	2	3	1	1213
5	2	2	5	2	4	1	1213
5	2	3	5	2	4	0	1213
5	3	1	5	3	2	0	765
5	3	1	5	3	3	0	765
5	3	1	5	3	4	0	765
5	3	2	5	3	3	0	765
5	3	2	5	3	4	0	765
5	3	3	5	3	4	0	765
5	4	1	5	4	2	0	261
5	4	1	5	4	3	0	261
5	4	1	5	4	4	0	261
5	4	2	5	4	3	0	261
5	4	2	5	4	4	0	261
5	4	3	5	4	4	0	261
7	1	1	7	1	2	6	1680
7	1	1	7	1	3	9	1680
7	1	1	7	1	4	10	1680
7	1	2	7	1	3	5	1680
7	1	2	7	1	4	4	1680
7	1	3	7	1	4	1	1680
8	1	1	8	1	2	0	1853
8	1	1	8	1	3	1	1853
8	1	1	8	1	4	1	1853
8	1	2	8	1	3	1	1853
8	1	2	8	1	4	1	1853
8	1	3	8	1	4	0	1853
9	1	1	9	1	2	0	1880
9	1	1	9	1	3	3	1880
9	1	1	9	1	4	3	1880
9	1	2	9	1	3	3	1880
9	1	2	9	1	4	3	1880
9	1	3	9	1	4	0	1880
10	1	1	10	1	2	0	1300
10	1	1	10	1	3	0	1300
10	1	1	10	1	4	0	1300
10	1	2	10	1	3	0	1300
10	1	2	10	1	4	0	1300
10	1	3	10	1	4	0	1300
11	1	1	11	1	2	0	1489
11	1	1	11	1	3	0	1489
11	1	1	11	1	4	0	1489
11	1	2	11	1	3	0	1489
11	1	2	11	1	4	0	1489
11	1	3	11	1	4	0	1489
11	2	1	11	2	2	0	736
11	2	1	11	2	3	0	736
11	2	1	11	2	4	0	736
11	2	2	11	2	3	0	736
11	2	2	11	2	4	0	736
11	2	3	11	2	4	0	736
11	3	1	11	3	2	0	315
11	3	1	11	3	3	0	315
11	3	1	11	3	4	0	315
11	3	2	11	3	3	0	315
11	3	2	11	3	4	0	315
11	3	3	11	3	4	0	315
12	1	1	12	1	2	27	2768
12	1	1	12	1	3	30	2768
12	1	1	12	1	4	28	2768
12	1	2	12	1	3	25	2768
12	1	2	12	1	4	27	2768
12	1	3	12	1	4	25	2768
13	1	1	13	1	2	8	1501
13	1	1	13	1	3	4	1501
13	1	1	13	1	4	4	1501
13	1	2	13	1	3	4	1501
13	1	2	13	1	4	4	1501
13	1	3	13	1	4	0	1501
13	2	1	13	2	2	0	743
13	2	1	13	2	3	0	743
13	2	1	13	2	4	0	743
13	2	2	13	2	3	0	743
13	2	2	13	2	4	0	743
13	2	3	13	2	4	0	743
14	1	1	14	1	2	0	2283
14	1	1	14	1	3	0	2283
14	1	1	14	1	4	0	2283
14	1	2	14	1	3	0	2283
14	1	2	14	1	4	0	2283
14	1	3	14	1	4	0	2283
15	1	1	15	1	2	6	1794
15	1	1	15	1	3	8	1794
15	1	1	15	1	4	14	1794
15	1	2	15	1	3	14	1794
15	1	2	15	1	4	8	1794
15	1	3	15	1	4	6	1794
16	1	1	16	1	2	45	1813
16	1	1	16	1	3	53	1813
16	1	1	16	1	4	68	1813
16	1	2	16	1	3	58	1813
16	1	2	16	1	4	56	1813
16	1	3	16	1	4	48	1813
17	1	1	17	1	2	1	1833
17	1	1	17	1	3	1	1833
17	1	1	17	1	4	2	1833
17	1	2	17	1	3	2	1833
17	1	2	17	1	4	1	1833
17	1	3	17	1	4	1	1833
17	2	1	17	2	2	0	1976
17	2	1	17	2	3	0	1976
17	2	1	17	2	4	0	1976
17	2	2	17	2	3	0	1976
17	2	2	17	2	4	0	1976
17	2	3	17	2	4	0	1976
18	1	1	18	1	2	0	1588
18	1	1	18	1	3	0	1588
18	1	1	18	1	4	0	1588
18	1	2	18	1	3	0	1588
18	1	2	18	1	4	0	1588
18	1	3	18	1	4	0	1588
19	1	1	19	1	2	1	2040
19	1	1	19	1	3	5	2040
19	1	1	19	1	4	6	2040
19	1	2	19	1	3	6	2040
19	1	2	19	1	4	5	2040
19	1	3	19	1	4	1	2040
19	2	1	19	2	2	1	1784
19	2	1	19	2	3	2	1784
19	2	1	19	2	4	1	1784
19	2	2	19	2	3	1	1784
19	2	2	19	2	4	2	1784
19	2	3	19	2	4	2	1784
19	3	1	19	3	2	0	1738
19	3	1	19	3	3	2	1738
19	3	1	19	3	4	2	1738
19	3	2	19	3	3	2	1738
19	3	2	19	3	4	2	1738
19	3	3	19	3	4	0	1738
19	4	1	19	4	2	0	1678
19	4	1	19	4	3	0	1678
19	4	1	19	4	4	0	1678
19	4	2	19	4	3	0	1678
19	4	2	19	4	4	0	1678
19	4	3	19	4	4	0	1678
19	5	1	19	5	2	0	1104
19	5	1	19	5	3	2	1104
19	5	1	19	5	4	2	1104
19	5	2	19	5	3	2	1104
19	5	2	19	5	4	2	1104
19	5	3	19	5	4	0	1104
19	6	1	19	6	2	1	821
19	6	1	19	6	3	1	821
19	6	1	19	6	4	1	821
19	6	2	19	6	3	0	821
19	6	2	19	6	4	0	821
19	6	3	19	6	4	0	821
19	7	1	19	7	2	2	900
19	7	1	19	7	3	2	900
19	7	1	19	7	4	2	900
19	7	2	19	7	3	2	900
19	7	2	19	7	4	2	900
19	7	3	19	7	4	0	900
19	8	1	19	8	2	0	506
19	8	1	19	8	3	1	506
19	8	1	19	8	4	1	506
19	8	2	19	8	3	1	506
19	8	2	19	8	4	1	506
19	8	3	19	8	4	1	506
20	1	1	20	1	2	0	1744
20	1	1	20	1	3	0	1744
20	1	1	20	1	4	0	1744
20	1	2	20	1	3	0	1744
20	1	2	20	1	4	0	1744
20	1	3	20	1	4	0	1744
20	2	1	20	2	2	0	1484
20	2	1	20	2	3	0	1484
20	2	1	20	2	4	0	1484
20	2	2	20	2	3	0	1484
20	2	2	20	2	4	0	1484
20	2	3	20	2	4	0	1484
20	3	1	20	3	2	0	1159
20	3	1	20	3	3	0	1159
20	3	1	20	3	4	0	1159
20	3	2	20	3	3	0	1159
20	3	2	20	3	4	0	1159
20	3	3	20	3	4	0	1159
21	1	1	21	1	2	4	1440
21	1	1	21	1	3	13	1440
21	1	1	21	1	4	11	1440
21	1	2	21	1	3	11	1440
21	1	2	21	1	4	13	1440
21	1	3	21	1	4	11	1440
22	1	1	22	1	2	0	1927
22	1	1	22	1	3	1	1927
22	1	1	22	1	4	1	1927
22	1	2	22	1	3	1	1927
22	1	2	22	1	4	1	1927
22	1	3	22	1	4	0	1927
23	1	1	23	1	2	572	1800
23	1	1	23	1	3	584	1800
23	1	1	23	1	4	576	1800
23	1	2	23	1	3	595	1800
23	1	2	23	1	4	572	1800
23	1	3	23	1	4	594	1800
24	1	1	24	1	2	5	1879
24	1	1	24	1	3	10	1879
24	1	1	24	1	4	10	1879
24	1	2	24	1	3	5	1879
24	1	2	24	1	4	5	1879
24	1	3	24	1	4	0	1879
25	1	1	25	1	2	3	1631
25	1	1	25	1	3	3	1631
25	1	1	25	1	4	2	1631
25	1	2	25	1	3	0	1631
25	1	2	25	1	4	2	1631
25	1	3	25	1	4	2	1631
26	1	1	26	1	2	2	1506
26	1	1	26	1	3	3	1506
26	1	1	26	1	4	3	1506
26	1	2	26	1	3	1	1506
26	1	2	26	1	4	1	1506
26	1	3	26	1	4	0	1506
27	1	1	27	1	2	0	1321
27	1	1	27	1	3	1	1321
27	1	1	27	1	4	1	1321
27	1	2	27	1	3	1	1321
27	1	2	27	1	4	1	1321
27	1	3	27	1	4	0	1321
28	1	1	28	1	2	0	1967
28	1	1	28	1	3	4	1967
28	1	1	28	1	4	4	1967
28	1	2	28	1	3	4	1967
28	1	2	28	1	4	4	1967
28	1	3	28	1	4	0	1967
29	1	1	29	1	2	1	1819
29	1	1	29	1	3	2	1819
29	1	1	29	1	4	2	1819
29	1	2	29	1	3	1	1819
29	1	2	29	1	4	1	1819
29	1	3	29	1	4	0	1819
30	1	1	30	1	2	0	1672
30	1	1	30	1	3	2	1672
30	1	1	30	1	4	5	1672
30	1	2	30	1	3	2	1672
30	1	2	30	1	4	5	1672
30	1	3	30	1	4	3	1672
31	1	1	31	1	2	0	1752
31	1	1	31	1	3	3	1752
31	1	1	31	1	4	3	1752
31	1	2	31	1	3	3	1752
31	1	2	31	1	4	3	1752
31	1	3	31	1	4	0	1752
32	1	1	32	1	2	348	2856
32	1	1	32	1	3	348	2856
32	1	1	32	1	4	360	2856
32	1	2	32	1	3	365	2856
32	1	2	32	1	4	365	2856
32	1	3	32	1	4	351	2856
33	1	1	33	1	2	0	1609
33	1	1	33	1	3	0	1609
33	1	1	33	1	4	0	1609
33	1	2	33	1	3	0	1609
33	1	2	33	1	4	0	1609
33	1	3	33	1	4	0	1609
33	2	1	33	2	2	0	833
33	2	1	33	2	3	0	833
33	2	1	33	2	4	0	833
33	2	2	33	2	3	0	833
33	2	2	33	2	4	0	833
33	2	3	33	2	4	0	833
34	1	1	34	1	2	1	1812
34	1	1	34	1	3	7	1812
34	1	1	34	1	4	8	1812
34	1	2	34	1	3	8	1812
34	1	2	34	1	4	7	1812
34	1	3	34	1	4	1	1812
35	1	1	35	1	2	0	1789
35	1	1	35	1	3	1	1789
35	1	1	35	1	4	1	1789
35	1	2	35	1	3	1	1789
35	1	2	35	1	4	1	1789
35	1	3	35	1	4	0	1789
36	1	1	36	1	2	0	2061
36	1	1	36	1	3	0	2061
36	1	1	36	1	4	0	2061
36	1	2	36	1	3	0	2061
36	1	2	36	1	4	0	2061
36	1	3	36	1	4	0	2061
37	1	1	37	1	2	0	1246
37	1	1	37	1	3	3	1246
37	1	1	37	1	4	3	1246
37	1	2	37	1	3	3	1246
37	1	2	37	1	4	3	1246
37	1	3	37	1	4	0	1246
38	1	1	38	1	2	0	1444
38	1	1	38	1	3	0	1444
38	1	1	38	1	4	0	1444
38	1	2	38	1	3	0	1444
38	1	2	38	1	4	0	1444
38	1	3	38	1	4	0	1444
39	1	1	39	1	2	6	1872
39	1	1	39	1	3	6	1872
39	1	1	39	1	4	1	1872
39	1	2	39	1	3	2	1872
39	1	2	39	1	4	7	1872
39	1	3	39	1	4	5	1872
40	1	1	40	1	2	0	1997
40	1	1	40	1	3	0	1997
40	1	1	40	1	4	0	1997
40	1	2	40	1	3	0	1997
40	1	2	40	1	4	0	1997
40	1	3	40	1	4	0	1997
40	2	1	40	2	2	0	1762
40	2	1	40	2	3	1	1762
40	2	1	40	2	4	1	1762
40	2	2	40	2	3	1	1762
40	2	2	40	2	4	1	1762
40	2	3	40	2	4	0	1762
40	3	1	40	3	2	9	700
40	3	1	40	3	3	9	700
40	3	1	40	3	4	11	700
40	3	2	40	3	3	9	700
40	3	2	40	3	4	10	700
40	3	3	40	3	4	6	700
41	1	1	41	1	2	0	1974
41	1	1	41	1	3	1	1974
41	1	1	41	1	4	1	1974
41	1	2	41	1	3	1	1974
41	1	2	41	1	4	1	1974
41	1	3	41	1	4	0	1974
42	1	1	42	1	2	427	1096
42	1	1	42	1	3	432	1096
42	1	1	42	1	4	438	1096
42	1	2	42	1	3	422	1096
42	1	2	42	1	4	448	1096
42	1	3	42	1	4	436	1096
42	2	1	42	2	2	0	868
42	2	1	42	2	3	0	868
42	2	1	42	2	4	0	868
42	2	2	42	2	3	0	868
42	2	2	42	2	4	0	868
42	2	3	42	2	4	0	868
43	1	1	43	1	2	13	2193
43	1	1	43	1	3	10	2193
43	1	1	43	1	4	11	2193
43	1	2	43	1	3	7	2193
43	1	2	43	1	4	10	2193
43	1	3	43	1	4	10	2193
43	2	1	43	2	2	2	999
43	2	1	43	2	3	1	999
43	2	1	43	2	4	1	999
43	2	2	43	2	3	1	999
43	2	2	43	2	4	1	999
43	2	3	43	2	4	0	999
43	3	1	43	3	2	0	854
43	3	1	43	3	3	0	854
43	3	1	43	3	4	0	854
43	3	2	43	3	3	0	854
43	3	2	43	3	4	0	854
43	3	3	43	3	4	0	854
44	1	1	44	1	2	0	2049
44	1	1	44	1	3	0	2049
44	1	1	44	1	4	0	2049
44	1	2	44	1	3	0	2049
44	1	2	44	1	4	0	2049
44	1	3	44	1	4	0	2049
44	2	1	44	2	2	0	841
44	2	1	44	2	3	2	841
44	2	1	44	2	4	2	841
44	2	2	44	2	3	2	841
44	2	2	44	2	4	2	841
44	2	3	44	2	4	0	841
46	1	1	46	1	2	0	1832
46	1	1	46	1	3	2	1832
46	1	1	46	1	4	2	1832
46	1	2	46	1	3	2	1832
46	1	2	46	1	4	2	1832
46	1	3	46	1	4	0	1832
47	1	1	47	1	2	0	1963
47	1	1	47	1	3	1	1963
47	1	1	47	1	4	1	1963
47	1	2	47	1	3	1	1963
47	1	2	47	1	4	1	1963
47	1	3	47	1	4	0	1963
48	1	1	48	1	2	2	1536
48	1	1	48	1	3	2	1536
48	1	1	48	1	4	5	1536
48	1	2	48	1	3	4	1536
48	1	2	48	1	4	3	1536
48	1	3	48	1	4	3	1536
49	1	1	49	1	2	3	2032
49	1	1	49	1	3	3	2032
49	1	1	49	1	4	2	2032
49	1	2	49	1	3	0	2032
49	1	2	49	1	4	3	2032
49	1	3	49	1	4	3	2032
50	1	1	50	1	2	10	1940
50	1	1	50	1	3	1	1940
50	1	1	50	1	4	8	1940
50	1	2	50	1	3	9	1940
50	1	2	50	1	4	2	1940
50	1	3	50	1	4	7	1940
51	1	1	51	1	2	3	1939
51	1	1	51	1	3	6	1939
51	1	1	51	1	4	7	1939
51	1	2	51	1	3	9	1939
51	1	2	51	1	4	4	1939
51	1	3	51	1	4	5	1939
52	1	1	52	1	2	2	2223
52	1	1	52	1	3	2	2223
52	1	1	52	1	4	1	2223
52	1	2	52	1	3	0	2223
52	1	2	52	1	4	2	2223
52	1	3	52	1	4	2	2223
54	1	1	54	1	2	148	1941
54	1	1	54	1	3	137	1941
54	1	1	54	1	4	151	1941
54	1	2	54	1	3	136	1941
54	1	2	54	1	4	137	1941
54	1	3	54	1	4	147	1941
55	1	1	55	1	2	0	1820
55	1	1	55	1	3	0	1820
55	1	1	55	1	4	0	1820
55	1	2	55	1	3	0	1820
55	1	2	55	1	4	0	1820
55	1	3	55	1	4	0	1820
55	2	1	55	2	2	0	1087
55	2	1	55	2	3	0	1087
55	2	1	55	2	4	0	1087
55	2	2	55	2	3	0	1087
55	2	2	55	2	4	0	1087
55	2	3	55	2	4	0	1087
56	1	1	56	1	2	1	2012
56	1	1	56	1	3	1	2012
56	1	1	56	1	4	2	2012
56	1	2	56	1	3	2	2012
56	1	2	56	1	4	1	2012
56	1	3	56	1	4	1	2012
57	1	1	57	1	2	377	2283
57	1	1	57	1	3	366	2283
57	1	1	57	1	4	359	2283
57	1	2	57	1	3	376	2283
57	1	2	57	1	4	364	2283
57	1	3	57	1	4	358	2283
58	1	1	58	1	2	0	1692
58	1	1	58	1	3	0	1692
58	1	1	58	1	4	0	1692
58	1	2	58	1	3	0	1692
58	1	2	58	1	4	0	1692
58	1	3	58	1	4	0	1692
60	1	1	60	1	2	6	2126
60	1	1	60	1	3	6	2126
60	1	1	60	1	4	6	2126
60	1	2	60	1	3	9	2126
60	1	2	60	1	4	4	2126
60	1	3	60	1	4	7	2126
61	1	1	61	1	2	0	1994
61	1	1	61	1	3	0	1994
61	1	1	61	1	4	0	1994
61	1	2	61	1	3	0	1994
61	1	2	61	1	4	0	1994
61	1	3	61	1	4	0	1994
62	1	1	62	1	2	0	1856
62	1	1	62	1	3	1	1856
62	1	1	62	1	4	1	1856
62	1	2	62	1	3	1	1856
62	1	2	62	1	4	1	1856
62	1	3	62	1	4	0	1856
63	1	1	63	1	2	1	1931
63	1	1	63	1	3	2	1931
63	1	1	63	1	4	3	1931
63	1	2	63	1	3	3	1931
63	1	2	63	1	4	2	1931
63	1	3	63	1	4	1	1931
64	1	1	64	1	2	0	2036
64	1	1	64	1	3	0	2036
64	1	1	64	1	4	0	2036
64	1	2	64	1	3	0	2036
64	1	2	64	1	4	0	2036
64	1	3	64	1	4	0	2036
65	1	1	65	1	2	1	1983
65	1	1	65	1	3	1	1983
65	1	1	65	1	4	2	1983
65	1	2	65	1	3	2	1983
65	1	2	65	1	4	1	1983
65	1	3	65	1	4	1	1983
65	2	1	65	2	2	0	448
65	2	1	65	2	3	0	448
65	2	1	65	2	4	0	448
65	2	2	65	2	3	0	448
65	2	2	65	2	4	0	448
65	2	3	65	2	4	0	448
66	1	1	66	1	2	0	1040
66	1	1	66	1	3	0	1040
66	1	1	66	1	4	0	1040
66	1	2	66	1	3	0	1040
66	1	2	66	1	4	0	1040
66	1	3	66	1	4	0	1040
67	1	1	67	1	2	0	1989
67	1	1	67	1	3	1	1989
67	1	1	67	1	4	1	1989
67	1	2	67	1	3	1	1989
67	1	2	67	1	4	1	1989
67	1	3	67	1	4	0	1989
68	1	1	68	1	2	0	1472
68	1	1	68	1	3	0	1472
68	1	1	68	1	4	0	1472
68	1	2	68	1	3	0	1472
68	1	2	68	1	4	0	1472
68	1	3	68	1	4	0	1472
68	2	1	68	2	2	0	1422
68	2	1	68	2	3	0	1422
68	2	1	68	2	4	0	1422
68	2	2	68	2	3	0	1422
68	2	2	68	2	4	0	1422
68	2	3	68	2	4	0	1422
68	3	1	68	3	2	0	502
68	3	1	68	3	3	0	502
68	3	1	68	3	4	0	502
68	3	2	68	3	3	0	502
68	3	2	68	3	4	0	502
68	3	3	68	3	4	0	502
69	1	1	69	1	2	0	1923
69	1	1	69	1	3	0	1923
69	1	1	69	1	4	0	1923
69	1	2	69	1	3	0	1923
69	1	2	69	1	4	0	1923
69	1	3	69	1	4	0	1923
69	2	1	69	2	2	0	1275
69	2	1	69	2	3	0	1275
69	2	1	69	2	4	0	1275
69	2	2	69	2	3	0	1275
69	2	2	69	2	4	0	1275
69	2	3	69	2	4	0	1275
69	3	1	69	3	2	0	1221
69	3	1	69	3	3	0	1221
69	3	1	69	3	4	0	1221
69	3	2	69	3	3	0	1221
69	3	2	69	3	4	0	1221
69	3	3	69	3	4	0	1221
70	1	1	70	1	2	0	1073
70	1	1	70	1	3	0	1073
70	1	1	70	1	4	0	1073
70	1	2	70	1	3	0	1073
70	1	2	70	1	4	0	1073
70	1	3	70	1	4	0	1073
71	1	1	71	1	2	0	1552
71	1	1	71	1	3	0	1552
71	1	1	71	1	4	0	1552
71	1	2	71	1	3	0	1552
71	1	2	71	1	4	0	1552
71	1	3	71	1	4	0	1552
72	1	1	72	1	2	0	1618
72	1	1	72	1	3	0	1618
72	1	1	72	1	4	0	1618
72	1	2	72	1	3	0	1618
72	1	2	72	1	4	0	1618
72	1	3	72	1	4	0	1618
73	1	1	73	1	2	0	1950
73	1	1	73	1	3	0	1950
73	1	1	73	1	4	0	1950
73	1	2	73	1	3	0	1950
73	1	2	73	1	4	0	1950
73	1	3	73	1	4	0	1950
74	1	1	74	1	2	0	685
74	1	1	74	1	3	0	685
74	1	1	74	1	4	0	685
74	1	2	74	1	3	0	685
74	1	2	74	1	4	0	685
74	1	3	74	1	4	0	685
74	2	1	74	2	2	0	705
74	2	1	74	2	3	0	705
74	2	1	74	2	4	0	705
74	2	2	74	2	3	0	705
74	2	2	74	2	4	0	705
74	2	3	74	2	4	0	705
75	1	1	75	1	2	0	2000
75	1	1	75	1	3	2	2000
75	1	1	75	1	4	2	2000
75	1	2	75	1	3	2	2000
75	1	2	75	1	4	2	2000
75	1	3	75	1	4	1	2000
75	2	1	75	2	2	15	842
75	2	1	75	2	3	16	842
75	2	1	75	2	4	18	842
75	2	2	75	2	3	14	842
75	2	2	75	2	4	17	842
75	2	3	75	2	4	18	842
75	3	1	75	3	2	0	718
75	3	1	75	3	3	0	718
75	3	1	75	3	4	0	718
75	3	2	75	3	3	0	718
75	3	2	75	3	4	0	718
75	3	3	75	3	4	0	718
76	1	1	76	1	2	3	2004
76	1	1	76	1	3	2	2004
76	1	1	76	1	4	4	2004
76	1	2	76	1	3	4	2004
76	1	2	76	1	4	1	2004
76	1	3	76	1	4	3	2004
78	1	1	78	1	2	0	1601
78	1	1	78	1	3	0	1601
78	1	1	78	1	4	0	1601
78	1	2	78	1	3	0	1601
78	1	2	78	1	4	0	1601
78	1	3	78	1	4	0	1601
78	2	1	78	2	2	0	714
78	2	1	78	2	3	2	714
78	2	1	78	2	4	2	714
78	2	2	78	2	3	2	714
78	2	2	78	2	4	2	714
78	2	3	78	2	4	1	714
80	1	1	80	1	2	1	1158
80	1	1	80	1	3	1	1158
80	1	1	80	1	4	2	1158
80	1	2	80	1	3	2	1158
80	1	2	80	1	4	1	1158
80	1	3	80	1	4	1	1158
81	1	1	81	1	2	0	1899
81	1	1	81	1	3	0	1899
81	1	1	81	1	4	0	1899
81	1	2	81	1	3	0	1899
81	1	2	81	1	4	0	1899
81	1	3	81	1	4	0	1899
82	1	1	82	1	2	16	1639
82	1	1	82	1	3	18	1639
82	1	1	82	1	4	13	1639
82	1	2	82	1	3	16	1639
82	1	2	82	1	4	18	1639
82	1	3	82	1	4	23	1639
83	1	1	83	1	2	0	1543
83	1	1	83	1	3	0	1543
83	1	1	83	1	4	0	1543
83	1	2	83	1	3	0	1543
83	1	2	83	1	4	0	1543
83	1	3	83	1	4	0	1543
84	1	1	84	1	2	0	2022
84	1	1	84	1	3	4	2022
84	1	1	84	1	4	4	2022
84	1	2	84	1	3	4	2022
84	1	2	84	1	4	4	2022
84	1	3	84	1	4	0	2022
84	2	1	84	2	2	0	1514
84	2	1	84	2	3	2	1514
84	2	1	84	2	4	2	1514
84	2	2	84	2	3	2	1514
84	2	2	84	2	4	2	1514
84	2	3	84	2	4	0	1514
85	1	1	85	1	2	0	1543
85	1	1	85	1	3	0	1543
85	1	1	85	1	4	0	1543
85	1	2	85	1	3	0	1543
85	1	2	85	1	4	0	1543
85	1	3	85	1	4	0	1543
86	1	1	86	1	2	0	2123
86	1	1	86	1	3	0	2123
86	1	1	86	1	4	0	2123
86	1	2	86	1	3	0	2123
86	1	2	86	1	4	0	2123
86	1	3	86	1	4	0	2123
88	1	1	88	1	2	0	1015
88	1	1	88	1	3	5	1015
88	1	1	88	1	4	5	1015
88	1	2	88	1	3	5	1015
88	1	2	88	1	4	5	1015
88	1	3	88	1	4	3	1015
88	2	1	88	2	2	0	1099
88	2	1	88	2	3	1	1099
88	2	1	88	2	4	1	1099
88	2	2	88	2	3	1	1099
88	2	2	88	2	4	1	1099
88	2	3	88	2	4	0	1099
88	3	1	88	3	2	0	628
88	3	1	88	3	3	0	628
88	3	1	88	3	4	0	628
88	3	2	88	3	3	0	628
88	3	2	88	3	4	0	628
88	3	3	88	3	4	0	628
88	4	1	88	4	2	10	581
88	4	1	88	4	3	7	581
88	4	1	88	4	4	9	581
88	4	2	88	4	3	6	581
88	4	2	88	4	4	6	581
88	4	3	88	4	4	8	581
88	5	1	88	5	2	0	806
88	5	1	88	5	3	0	806
88	5	1	88	5	4	0	806
88	5	2	88	5	3	0	806
88	5	2	88	5	4	0	806
88	5	3	88	5	4	0	806
88	6	1	88	6	2	0	425
88	6	1	88	6	3	0	425
88	6	1	88	6	4	0	425
88	6	2	88	6	3	0	425
88	6	2	88	6	4	0	425
88	6	3	88	6	4	0	425
89	1	1	89	1	2	0	1623
89	1	1	89	1	3	1	1623
89	1	1	89	1	4	1	1623
89	1	2	89	1	3	1	1623
89	1	2	89	1	4	1	1623
89	1	3	89	1	4	0	1623
90	1	1	90	1	2	0	1919
90	1	1	90	1	3	1	1919
90	1	1	90	1	4	1	1919
90	1	2	90	1	3	1	1919
90	1	2	90	1	4	1	1919
90	1	3	90	1	4	0	1919
91	1	1	91	1	2	0	1908
91	1	1	91	1	3	0	1908
91	1	1	91	1	4	0	1908
91	1	2	91	1	3	0	1908
91	1	2	91	1	4	0	1908
91	1	3	91	1	4	0	1908
92	1	1	92	1	2	259	2069
92	1	1	92	1	3	244	2069
92	1	1	92	1	4	251	2069
92	1	2	92	1	3	257	2069
92	1	2	92	1	4	240	2069
92	1	3	92	1	4	244	2069
93	1	1	93	1	2	0	1736
93	1	1	93	1	3	0	1736
93	1	1	93	1	4	0	1736
93	1	2	93	1	3	0	1736
93	1	2	93	1	4	0	1736
93	1	3	93	1	4	0	1736
94	1	1	94	1	2	0	1811
94	1	1	94	1	3	1	1811
94	1	1	94	1	4	1	1811
94	1	2	94	1	3	1	1811
94	1	2	94	1	4	1	1811
94	1	3	94	1	4	0	1811
95	1	1	95	1	2	0	2080
95	1	1	95	1	3	0	2080
95	1	1	95	1	4	1	2080
95	1	2	95	1	3	0	2080
95	1	2	95	1	4	1	2080
95	1	3	95	1	4	1	2080
96	1	1	96	1	2	0	1655
96	1	1	96	1	3	2	1655
96	1	1	96	1	4	2	1655
96	1	2	96	1	3	2	1655
96	1	2	96	1	4	2	1655
96	1	3	96	1	4	0	1655
96	2	1	96	2	2	0	830
96	2	1	96	2	3	0	830
96	2	1	96	2	4	0	830
96	2	2	96	2	3	0	830
96	2	2	96	2	4	0	830
96	2	3	96	2	4	0	830
98	1	1	98	1	2	3	2175
98	1	1	98	1	3	1	2175
98	1	1	98	1	4	5	2175
98	1	2	98	1	3	4	2175
98	1	2	98	1	4	2	2175
98	1	3	98	1	4	4	2175
98	2	1	98	2	2	0	746
98	2	1	98	2	3	0	746
98	2	1	98	2	4	0	746
98	2	2	98	2	3	0	746
98	2	2	98	2	4	0	746
98	2	3	98	2	4	0	746
99	1	1	99	1	2	0	1719
99	1	1	99	1	3	1	1719
99	1	1	99	1	4	1	1719
99	1	2	99	1	3	1	1719
99	1	2	99	1	4	1	1719
99	1	3	99	1	4	0	1719
100	1	1	100	1	2	1	1879
100	1	1	100	1	3	5	1879
100	1	1	100	1	4	5	1879
100	1	2	100	1	3	4	1879
100	1	2	100	1	4	6	1879
100	1	3	100	1	4	2	1879
101	1	1	101	1	2	0	2006
101	1	1	101	1	3	0	2006
101	1	1	101	1	4	0	2006
101	1	2	101	1	3	0	2006
101	1	2	101	1	4	0	2006
101	1	3	101	1	4	0	2006
102	1	1	102	1	2	3	2199
102	1	1	102	1	3	2	2199
102	1	1	102	1	4	2	2199
102	1	2	102	1	3	2	2199
102	1	2	102	1	4	2	2199
102	1	3	102	1	4	0	2199
102	2	1	102	2	2	0	676
102	2	1	102	2	3	1	676
102	2	1	102	2	4	1	676
102	2	2	102	2	3	1	676
102	2	2	102	2	4	1	676
102	2	3	102	2	4	0	676
103	1	1	103	1	2	0	596
103	1	1	103	1	3	0	596
103	1	1	103	1	4	0	596
103	1	2	103	1	3	0	596
103	1	2	103	1	4	0	596
103	1	3	103	1	4	0	596
104	1	1	104	1	2	0	1575
104	1	1	104	1	3	0	1575
104	1	1	104	1	4	0	1575
104	1	2	104	1	3	0	1575
104	1	2	104	1	4	0	1575
104	1	3	104	1	4	0	1575
104	2	1	104	2	2	0	930
104	2	1	104	2	3	0	930
104	2	1	104	2	4	0	930
104	2	2	104	2	3	0	930
104	2	2	104	2	4	0	930
104	2	3	104	2	4	0	930
105	1	1	105	1	2	1	1620
105	1	1	105	1	3	2	1620
105	1	1	105	1	4	3	1620
105	1	2	105	1	3	3	1620
105	1	2	105	1	4	2	1620
105	1	3	105	1	4	1	1620
107	1	1	107	1	2	1	1602
107	1	1	107	1	3	2	1602
107	1	1	107	1	4	1	1602
107	1	2	107	1	3	2	1602
107	1	2	107	1	4	1	1602
107	1	3	107	1	4	1	1602
108	1	1	108	1	2	62	1201
108	1	1	108	1	3	63	1201
108	1	1	108	1	4	58	1201
108	1	2	108	1	3	84	1201
108	1	2	108	1	4	58	1201
108	1	3	108	1	4	60	1201
108	2	1	108	2	2	0	964
108	2	1	108	2	3	0	964
108	2	1	108	2	4	2	964
108	2	2	108	2	3	0	964
108	2	2	108	2	4	2	964
108	2	3	108	2	4	2	964
109	1	1	109	1	2	0	1505
109	1	1	109	1	3	2	1505
109	1	1	109	1	4	2	1505
109	1	2	109	1	3	2	1505
109	1	2	109	1	4	2	1505
109	1	3	109	1	4	0	1505
110	1	1	110	1	2	1	2077
110	1	1	110	1	3	4	2077
110	1	1	110	1	4	6	2077
110	1	2	110	1	3	5	2077
110	1	2	110	1	4	5	2077
110	1	3	110	1	4	2	2077
111	1	1	111	1	2	0	1345
111	1	1	111	1	3	8	1345
111	1	1	111	1	4	8	1345
111	1	2	111	1	3	8	1345
111	1	2	111	1	4	8	1345
111	1	3	111	1	4	0	1345
112	1	1	112	1	2	3	1682
112	1	1	112	1	3	1	1682
112	1	1	112	1	4	3	1682
112	1	2	112	1	3	4	1682
112	1	2	112	1	4	2	1682
112	1	3	112	1	4	2	1682
113	1	1	113	1	2	0	1079
113	1	1	113	1	3	2	1079
113	1	1	113	1	4	2	1079
113	1	2	113	1	3	2	1079
113	1	2	113	1	4	2	1079
113	1	3	113	1	4	0	1079
114	1	1	114	1	2	0	1791
114	1	1	114	1	3	6	1791
114	1	1	114	1	4	5	1791
114	1	2	114	1	3	6	1791
114	1	2	114	1	4	5	1791
114	1	3	114	1	4	1	1791
115	1	1	115	1	2	0	2074
115	1	1	115	1	3	1	2074
115	1	1	115	1	4	1	2074
115	1	2	115	1	3	1	2074
115	1	2	115	1	4	1	2074
115	1	3	115	1	4	0	2074
118	1	1	118	1	2	1	1957
118	1	1	118	1	3	1	1957
118	1	1	118	1	4	2	1957
118	1	2	118	1	3	2	1957
118	1	2	118	1	4	1	1957
118	1	3	118	1	4	1	1957
119	1	1	119	1	2	0	2061
119	1	1	119	1	3	0	2061
119	1	1	119	1	4	0	2061
119	1	2	119	1	3	0	2061
119	1	2	119	1	4	0	2061
119	1	3	119	1	4	0	2061
121	1	1	121	1	2	0	1639
121	1	1	121	1	3	0	1639
121	1	1	121	1	4	0	1639
121	1	2	121	1	3	0	1639
121	1	2	121	1	4	0	1639
121	1	3	121	1	4	0	1639
122	1	1	122	1	2	0	2033
122	1	1	122	1	3	3	2033
122	1	1	122	1	4	3	2033
122	1	2	122	1	3	3	2033
122	1	2	122	1	4	3	2033
122	1	3	122	1	4	0	2033
123	1	1	123	1	2	1	1452
123	1	1	123	1	3	1	1452
123	1	1	123	1	4	2	1452
123	1	2	123	1	3	0	1452
123	1	2	123	1	4	1	1452
123	1	3	123	1	4	1	1452
124	1	1	124	1	2	2	2133
124	1	1	124	1	3	3	2133
124	1	1	124	1	4	5	2133
124	1	2	124	1	3	5	2133
124	1	2	124	1	4	3	2133
124	1	3	124	1	4	2	2133
125	1	1	125	1	2	3	1908
125	1	1	125	1	3	6	1908
125	1	1	125	1	4	6	1908
125	1	2	125	1	3	3	1908
125	1	2	125	1	4	3	1908
125	1	3	125	1	4	0	1908
126	1	1	126	1	2	0	2515
126	1	1	126	1	3	2	2515
126	1	1	126	1	4	2	2515
126	1	2	126	1	3	2	2515
126	1	2	126	1	4	2	2515
126	1	3	126	1	4	0	2515
127	1	1	127	1	2	5	1637
127	1	1	127	1	3	8	1637
127	1	1	127	1	4	7	1637
127	1	2	127	1	3	3	1637
127	1	2	127	1	4	12	1637
127	1	3	127	1	4	11	1637
128	1	1	128	1	2	0	2109
128	1	1	128	1	3	0	2109
128	1	1	128	1	4	0	2109
128	1	2	128	1	3	0	2109
128	1	2	128	1	4	0	2109
128	1	3	128	1	4	0	2109
129	1	1	129	1	2	86	1953
129	1	1	129	1	3	67	1953
129	1	1	129	1	4	91	1953
129	1	2	129	1	3	113	1953
129	1	2	129	1	4	88	1953
129	1	3	129	1	4	81	1953
130	1	1	130	1	2	0	2202
130	1	1	130	1	3	3	2202
130	1	1	130	1	4	6	2202
130	1	2	130	1	3	3	2202
130	1	2	130	1	4	6	2202
130	1	3	130	1	4	4	2202
131	1	1	131	1	2	0	1560
131	1	1	131	1	3	1	1560
131	1	1	131	1	4	1	1560
131	1	2	131	1	3	1	1560
131	1	2	131	1	4	1	1560
131	1	3	131	1	4	0	1560
132	1	1	132	1	2	1	1323
132	1	1	132	1	3	1	1323
132	1	1	132	1	4	1	1323
132	1	2	132	1	3	0	1323
132	1	2	132	1	4	0	1323
132	1	3	132	1	4	0	1323
133	1	1	133	1	2	2	1354
133	1	1	133	1	3	4	1354
133	1	1	133	1	4	4	1354
133	1	2	133	1	3	2	1354
133	1	2	133	1	4	2	1354
133	1	3	133	1	4	0	1354
135	1	1	135	1	2	6	2239
135	1	1	135	1	3	2	2239
135	1	1	135	1	4	7	2239
135	1	2	135	1	3	6	2239
135	1	2	135	1	4	2	2239
135	1	3	135	1	4	6	2239
136	1	1	136	1	2	0	1593
136	1	1	136	1	3	0	1593
136	1	1	136	1	4	0	1593
136	1	2	136	1	3	0	1593
136	1	2	136	1	4	0	1593
136	1	3	136	1	4	0	1593
137	1	1	137	1	2	0	1561
137	1	1	137	1	3	0	1561
137	1	1	137	1	4	0	1561
137	1	2	137	1	3	0	1561
137	1	2	137	1	4	0	1561
137	1	3	137	1	4	0	1561
137	2	1	137	2	2	0	1709
137	2	1	137	2	3	0	1709
137	2	1	137	2	4	0	1709
137	2	2	137	2	3	0	1709
137	2	2	137	2	4	0	1709
137	2	3	137	2	4	0	1709
140	1	1	140	1	2	0	1645
140	1	1	140	1	3	0	1645
140	1	1	140	1	4	0	1645
140	1	2	140	1	3	0	1645
140	1	2	140	1	4	0	1645
140	1	3	140	1	4	0	1645
141	1	1	141	1	2	3	1890
141	1	1	141	1	3	1	1890
141	1	1	141	1	4	4	1890
141	1	2	141	1	3	4	1890
141	1	2	141	1	4	1	1890
141	1	3	141	1	4	3	1890
143	1	1	143	1	2	0	1902
143	1	1	143	1	3	0	1902
143	1	1	143	1	4	0	1902
143	1	2	143	1	3	0	1902
143	1	2	143	1	4	0	1902
143	1	3	143	1	4	0	1902
144	1	1	144	1	2	0	1805
144	1	1	144	1	3	1	1805
144	1	1	144	1	4	1	1805
144	1	2	144	1	3	1	1805
144	1	2	144	1	4	1	1805
144	1	3	144	1	4	0	1805
145	1	1	145	1	2	2	1825
145	1	1	145	1	3	3	1825
145	1	1	145	1	4	4	1825
145	1	2	145	1	3	2	1825
145	1	2	145	1	4	3	1825
145	1	3	145	1	4	1	1825
146	1	1	146	1	2	0	2319
146	1	1	146	1	3	4	2319
146	1	1	146	1	4	4	2319
146	1	2	146	1	3	4	2319
146	1	2	146	1	4	4	2319
146	1	3	146	1	4	0	2319
147	1	1	147	1	2	0	971
147	1	1	147	1	3	1	971
147	1	1	147	1	4	1	971
147	1	2	147	1	3	1	971
147	1	2	147	1	4	1	971
147	1	3	147	1	4	0	971
149	1	1	149	1	2	0	1256
149	1	1	149	1	3	0	1256
149	1	1	149	1	4	0	1256
149	1	2	149	1	3	0	1256
149	1	2	149	1	4	0	1256
149	1	3	149	1	4	0	1256
149	2	1	149	2	2	0	1138
149	2	1	149	2	3	4	1138
149	2	1	149	2	4	4	1138
149	2	2	149	2	3	4	1138
149	2	2	149	2	4	4	1138
149	2	3	149	2	4	0	1138
149	3	1	149	3	2	0	776
149	3	1	149	3	3	0	776
149	3	1	149	3	4	0	776
149	3	2	149	3	3	0	776
149	3	2	149	3	4	0	776
149	3	3	149	3	4	0	776
150	1	1	150	1	2	0	1743
150	1	1	150	1	3	0	1743
150	1	1	150	1	4	0	1743
150	1	2	150	1	3	0	1743
150	1	2	150	1	4	0	1743
150	1	3	150	1	4	0	1743
151	1	1	151	1	2	9	1888
151	1	1	151	1	3	6	1888
151	1	1	151	1	4	8	1888
151	1	2	151	1	3	3	1888
151	1	2	151	1	4	3	1888
151	1	3	151	1	4	5	1888
151	2	1	151	2	2	0	1238
151	2	1	151	2	3	1	1238
151	2	1	151	2	4	1	1238
151	2	2	151	2	3	1	1238
151	2	2	151	2	4	1	1238
151	2	3	151	2	4	0	1238
152	1	1	152	1	2	6	1953
152	1	1	152	1	3	1	1953
152	1	1	152	1	4	10	1953
152	1	2	152	1	3	7	1953
152	1	2	152	1	4	6	1953
152	1	3	152	1	4	9	1953
153	1	1	153	1	2	7	2007
153	1	1	153	1	3	7	2007
153	1	1	153	1	4	2	2007
153	1	2	153	1	3	0	2007
153	1	2	153	1	4	9	2007
153	1	3	153	1	4	9	2007
153	2	1	153	2	2	0	2009
153	2	1	153	2	3	0	2009
153	2	1	153	2	4	0	2009
153	2	2	153	2	3	0	2009
153	2	2	153	2	4	0	2009
153	2	3	153	2	4	0	2009
153	3	1	153	3	2	0	1268
153	3	1	153	3	3	0	1268
153	3	1	153	3	4	0	1268
153	3	2	153	3	3	0	1268
153	3	2	153	3	4	0	1268
153	3	3	153	3	4	0	1268
154	1	1	154	1	2	0	839
154	1	1	154	1	3	0	839
154	1	1	154	1	4	0	839
154	1	2	154	1	3	0	839
154	1	2	154	1	4	0	839
154	1	3	154	1	4	0	839
155	1	1	155	1	2	16	1489
155	1	1	155	1	3	17	1489
155	1	1	155	1	4	16	1489
155	1	2	155	1	3	17	1489
155	1	2	155	1	4	21	1489
155	1	3	155	1	4	19	1489
155	2	1	155	2	2	0	964
155	2	1	155	2	3	0	964
155	2	1	155	2	4	0	964
155	2	2	155	2	3	0	964
155	2	2	155	2	4	0	964
155	2	3	155	2	4	0	964
156	1	1	156	1	2	2	1681
156	1	1	156	1	3	4	1681
156	1	1	156	1	4	3	1681
156	1	2	156	1	3	2	1681
156	1	2	156	1	4	1	1681
156	1	3	156	1	4	1	1681
157	1	1	157	1	2	0	2019
157	1	1	157	1	3	0	2019
157	1	1	157	1	4	0	2019
157	1	2	157	1	3	0	2019
157	1	2	157	1	4	0	2019
157	1	3	157	1	4	0	2019
158	1	1	158	1	2	2	1889
158	1	1	158	1	3	3	1889
158	1	1	158	1	4	5	1889
158	1	2	158	1	3	5	1889
158	1	2	158	1	4	3	1889
158	1	3	158	1	4	2	1889
159	1	1	159	1	2	4	2014
159	1	1	159	1	3	3	2014
159	1	1	159	1	4	7	2014
159	1	2	159	1	3	7	2014
159	1	2	159	1	4	3	2014
159	1	3	159	1	4	4	2014
159	2	1	159	2	2	5	644
159	2	1	159	2	3	6	644
159	2	1	159	2	4	4	644
159	2	2	159	2	3	4	644
159	2	2	159	2	4	7	644
159	2	3	159	2	4	7	644
159	3	1	159	3	2	0	1317
159	3	1	159	3	3	0	1317
159	3	1	159	3	4	1	1317
159	3	2	159	3	3	0	1317
159	3	2	159	3	4	1	1317
159	3	3	159	3	4	1	1317
159	4	1	159	4	2	0	499
159	4	1	159	4	3	1	499
159	4	1	159	4	4	1	499
159	4	2	159	4	3	1	499
159	4	2	159	4	4	1	499
159	4	3	159	4	4	0	499
159	5	1	159	5	2	0	630
159	5	1	159	5	3	0	630
159	5	1	159	5	4	0	630
159	5	2	159	5	3	0	630
159	5	2	159	5	4	0	630
159	5	3	159	5	4	0	630
160	1	1	160	1	2	0	1788
160	1	1	160	1	3	0	1788
160	1	1	160	1	4	0	1788
160	1	2	160	1	3	0	1788
160	1	2	160	1	4	0	1788
160	1	3	160	1	4	0	1788
160	2	1	160	2	2	0	1919
160	2	1	160	2	3	0	1919
160	2	1	160	2	4	0	1919
160	2	2	160	2	3	0	1919
160	2	2	160	2	4	0	1919
160	2	3	160	2	4	0	1919
161	1	1	161	1	2	0	1867
161	1	1	161	1	3	0	1867
161	1	1	161	1	4	0	1867
161	1	2	161	1	3	0	1867
161	1	2	161	1	4	0	1867
161	1	3	161	1	4	0	1867
161	2	1	161	2	2	0	810
161	2	1	161	2	3	0	810
161	2	1	161	2	4	0	810
161	2	2	161	2	3	0	810
161	2	2	161	2	4	0	810
161	2	3	161	2	4	0	810
161	3	1	161	3	2	0	631
161	3	1	161	3	3	0	631
161	3	1	161	3	4	0	631
161	3	2	161	3	3	0	631
161	3	2	161	3	4	0	631
161	3	3	161	3	4	0	631
161	4	1	161	4	2	0	604
161	4	1	161	4	3	0	604
161	4	1	161	4	4	0	604
161	4	2	161	4	3	0	604
161	4	2	161	4	4	0	604
161	4	3	161	4	4	0	604
164	1	1	164	1	2	93	3538
164	1	1	164	1	3	83	3538
164	1	1	164	1	4	94	3538
164	1	2	164	1	3	97	3538
164	1	2	164	1	4	94	3538
164	1	3	164	1	4	96	3538
165	1	1	165	1	2	12	1785
165	1	1	165	1	3	10	1785
165	1	1	165	1	4	11	1785
165	1	2	165	1	3	8	1785
165	1	2	165	1	4	9	1785
165	1	3	165	1	4	8	1785
166	1	1	166	1	2	2	1911
166	1	1	166	1	3	2	1911
166	1	1	166	1	4	2	1911
166	1	2	166	1	3	0	1911
166	1	2	166	1	4	0	1911
166	1	3	166	1	4	0	1911
167	1	1	167	1	2	0	2016
167	1	1	167	1	3	0	2016
167	1	1	167	1	4	0	2016
167	1	2	167	1	3	0	2016
167	1	2	167	1	4	0	2016
167	1	3	167	1	4	0	2016
167	2	1	167	2	2	0	618
167	2	1	167	2	3	0	618
167	2	1	167	2	4	1	618
167	2	2	167	2	3	0	618
167	2	2	167	2	4	1	618
167	2	3	167	2	4	1	618
169	1	1	169	1	2	0	1566
169	1	1	169	1	3	0	1566
169	1	1	169	1	4	0	1566
169	1	2	169	1	3	0	1566
169	1	2	169	1	4	0	1566
169	1	3	169	1	4	0	1566
170	1	1	170	1	2	0	2088
170	1	1	170	1	3	0	2088
170	1	1	170	1	4	0	2088
170	1	2	170	1	3	0	2088
170	1	2	170	1	4	0	2088
170	1	3	170	1	4	0	2088
171	1	1	171	1	2	0	1451
171	1	1	171	1	3	0	1451
171	1	1	171	1	4	0	1451
171	1	2	171	1	3	0	1451
171	1	2	171	1	4	0	1451
171	1	3	171	1	4	0	1451
172	1	1	172	1	2	1	1915
172	1	1	172	1	3	2	1915
172	1	1	172	1	4	3	1915
172	1	2	172	1	3	3	1915
172	1	2	172	1	4	2	1915
172	1	3	172	1	4	1	1915
173	1	1	173	1	2	0	1239
173	1	1	173	1	3	1	1239
173	1	1	173	1	4	1	1239
173	1	2	173	1	3	1	1239
173	1	2	173	1	4	1	1239
173	1	3	173	1	4	0	1239
174	1	1	174	1	2	5	2145
174	1	1	174	1	3	6	2145
174	1	1	174	1	4	2	2145
174	1	2	174	1	3	1	2145
174	1	2	174	1	4	6	2145
174	1	3	174	1	4	5	2145
175	1	1	175	1	2	1	1889
175	1	1	175	1	3	1	1889
175	1	1	175	1	4	2	1889
175	1	2	175	1	3	2	1889
175	1	2	175	1	4	2	1889
175	1	3	175	1	4	1	1889
176	1	1	176	1	2	0	2076
176	1	1	176	1	3	1	2076
176	1	1	176	1	4	1	2076
176	1	2	176	1	3	1	2076
176	1	2	176	1	4	1	2076
176	1	3	176	1	4	0	2076
177	1	1	177	1	2	0	2034
177	1	1	177	1	3	0	2034
177	1	1	177	1	4	0	2034
177	1	2	177	1	3	0	2034
177	1	2	177	1	4	0	2034
177	1	3	177	1	4	0	2034
178	1	1	178	1	2	0	1529
178	1	1	178	1	3	2	1529
178	1	1	178	1	4	2	1529
178	1	2	178	1	3	2	1529
178	1	2	178	1	4	2	1529
178	1	3	178	1	4	0	1529
178	2	1	178	2	2	0	1039
178	2	1	178	2	3	4	1039
178	2	1	178	2	4	4	1039
178	2	2	178	2	3	4	1039
178	2	2	178	2	4	4	1039
178	2	3	178	2	4	0	1039
179	1	1	179	1	2	0	2101
179	1	1	179	1	3	0	2101
179	1	1	179	1	4	0	2101
179	1	2	179	1	3	0	2101
179	1	2	179	1	4	0	2101
179	1	3	179	1	4	0	2101
180	1	1	180	1	2	0	2164
180	1	1	180	1	3	6	2164
180	1	1	180	1	4	6	2164
180	1	2	180	1	3	6	2164
180	1	2	180	1	4	6	2164
180	1	3	180	1	4	1	2164
181	1	1	181	1	2	0	1974
181	1	1	181	1	3	0	1974
181	1	1	181	1	4	0	1974
181	1	2	181	1	3	0	1974
181	1	2	181	1	4	0	1974
181	1	3	181	1	4	0	1974
182	1	1	182	1	2	1	1702
182	1	1	182	1	3	2	1702
182	1	1	182	1	4	4	1702
182	1	2	182	1	3	3	1702
182	1	2	182	1	4	3	1702
182	1	3	182	1	4	2	1702
183	1	1	183	1	2	0	1671
183	1	1	183	1	3	0	1671
183	1	1	183	1	4	0	1671
183	1	2	183	1	3	0	1671
183	1	2	183	1	4	0	1671
183	1	3	183	1	4	0	1671
184	1	1	184	1	2	0	1974
184	1	1	184	1	3	1	1974
184	1	1	184	1	4	1	1974
184	1	2	184	1	3	1	1974
184	1	2	184	1	4	1	1974
184	1	3	184	1	4	0	1974
185	1	1	185	1	2	9	1910
185	1	1	185	1	3	6	1910
185	1	1	185	1	4	10	1910
185	1	2	185	1	3	9	1910
185	1	2	185	1	4	2	1910
185	1	3	185	1	4	8	1910
186	1	1	186	1	2	0	1460
186	1	1	186	1	3	1	1460
186	1	1	186	1	4	1	1460
186	1	2	186	1	3	1	1460
186	1	2	186	1	4	1	1460
186	1	3	186	1	4	0	1460
187	1	1	187	1	2	0	1647
187	1	1	187	1	3	0	1647
187	1	1	187	1	4	0	1647
187	1	2	187	1	3	0	1647
187	1	2	187	1	4	0	1647
187	1	3	187	1	4	0	1647
188	1	1	188	1	2	2	2074
188	1	1	188	1	3	1	2074
188	1	1	188	1	4	1	2074
188	1	2	188	1	3	3	2074
188	1	2	188	1	4	3	2074
188	1	3	188	1	4	0	2074
189	1	1	189	1	2	0	1294
189	1	1	189	1	3	0	1294
189	1	1	189	1	4	0	1294
189	1	2	189	1	3	0	1294
189	1	2	189	1	4	0	1294
189	1	3	189	1	4	0	1294
189	2	1	189	2	2	0	731
189	2	1	189	2	3	0	731
189	2	1	189	2	4	0	731
189	2	2	189	2	3	0	731
189	2	2	189	2	4	0	731
189	2	3	189	2	4	0	731
190	1	1	190	1	2	0	1609
190	1	1	190	1	3	4	1609
190	1	1	190	1	4	4	1609
190	1	2	190	1	3	4	1609
190	1	2	190	1	4	4	1609
190	1	3	190	1	4	0	1609
192	1	1	192	1	2	0	2263
192	1	1	192	1	3	0	2263
192	1	1	192	1	4	1	2263
192	1	2	192	1	3	0	2263
192	1	2	192	1	4	1	2263
192	1	3	192	1	4	1	2263
193	1	1	193	1	2	2	2018
193	1	1	193	1	3	1	2018
193	1	1	193	1	4	1	2018
193	1	2	193	1	3	1	2018
193	1	2	193	1	4	1	2018
193	1	3	193	1	4	0	2018
193	2	1	193	2	2	0	646
193	2	1	193	2	3	4	646
193	2	1	193	2	4	4	646
193	2	2	193	2	3	4	646
193	2	2	193	2	4	4	646
193	2	3	193	2	4	0	646
194	1	1	194	1	2	0	1687
194	1	1	194	1	3	0	1687
194	1	1	194	1	4	0	1687
194	1	2	194	1	3	0	1687
194	1	2	194	1	4	0	1687
194	1	3	194	1	4	0	1687
194	2	1	194	2	2	0	811
194	2	1	194	2	3	1	811
194	2	1	194	2	4	1	811
194	2	2	194	2	3	1	811
194	2	2	194	2	4	1	811
194	2	3	194	2	4	0	811
194	3	1	194	3	2	0	1056
194	3	1	194	3	3	0	1056
194	3	1	194	3	4	0	1056
194	3	2	194	3	3	0	1056
194	3	2	194	3	4	0	1056
194	3	3	194	3	4	0	1056
195	1	1	195	1	2	0	1367
195	1	1	195	1	3	3	1367
195	1	1	195	1	4	5	1367
195	1	2	195	1	3	3	1367
195	1	2	195	1	4	5	1367
195	1	3	195	1	4	2	1367
196	1	1	196	1	2	0	1926
196	1	1	196	1	3	5	1926
196	1	1	196	1	4	8	1926
196	1	2	196	1	3	5	1926
196	1	2	196	1	4	8	1926
196	1	3	196	1	4	3	1926
197	1	1	197	1	2	0	1457
197	1	1	197	1	3	0	1457
197	1	1	197	1	4	0	1457
197	1	2	197	1	3	0	1457
197	1	2	197	1	4	0	1457
197	1	3	197	1	4	0	1457
197	2	1	197	2	2	1	1528
197	2	1	197	2	3	1	1528
197	2	1	197	2	4	2	1528
197	2	2	197	2	3	2	1528
197	2	2	197	2	4	1	1528
197	2	3	197	2	4	1	1528
198	1	1	198	1	2	0	937
198	1	1	198	1	3	1	937
198	1	1	198	1	4	1	937
198	1	2	198	1	3	1	937
198	1	2	198	1	4	1	937
198	1	3	198	1	4	0	937
199	1	1	199	1	2	0	1773
199	1	1	199	1	3	1	1773
199	1	1	199	1	4	1	1773
199	1	2	199	1	3	1	1773
199	1	2	199	1	4	1	1773
199	1	3	199	1	4	0	1773
200	1	1	200	1	2	2	2003
200	1	1	200	1	3	3	2003
200	1	1	200	1	4	3	2003
200	1	2	200	1	3	3	2003
200	1	2	200	1	4	3	2003
200	1	3	200	1	4	2	2003
201	1	1	201	1	2	0	2131
201	1	1	201	1	3	1	2131
201	1	1	201	1	4	1	2131
201	1	2	201	1	3	1	2131
201	1	2	201	1	4	1	2131
201	1	3	201	1	4	0	2131
202	1	1	202	1	2	0	2329
202	1	1	202	1	3	2	2329
202	1	1	202	1	4	2	2329
202	1	2	202	1	3	2	2329
202	1	2	202	1	4	2	2329
202	1	3	202	1	4	0	2329
203	1	1	203	1	2	0	1976
203	1	1	203	1	3	7	1976
203	1	1	203	1	4	7	1976
203	1	2	203	1	3	7	1976
203	1	2	203	1	4	7	1976
203	1	3	203	1	4	0	1976
204	1	1	204	1	2	0	1097
204	1	1	204	1	3	0	1097
204	1	1	204	1	4	0	1097
204	1	2	204	1	3	0	1097
204	1	2	204	1	4	0	1097
204	1	3	204	1	4	0	1097
205	1	1	205	1	2	0	1979
205	1	1	205	1	3	0	1979
205	1	1	205	1	4	0	1979
205	1	2	205	1	3	0	1979
205	1	2	205	1	4	0	1979
205	1	3	205	1	4	0	1979
206	1	1	206	1	2	0	2093
206	1	1	206	1	3	0	2093
206	1	1	206	1	4	0	2093
206	1	2	206	1	3	0	2093
206	1	2	206	1	4	0	2093
206	1	3	206	1	4	0	2093
207	1	1	207	1	2	1	1987
207	1	1	207	1	3	1	1987
207	1	1	207	1	4	3	1987
207	1	2	207	1	3	0	1987
207	1	2	207	1	4	4	1987
207	1	3	207	1	4	4	1987
208	1	1	208	1	2	0	2212
208	1	1	208	1	3	0	2212
208	1	1	208	1	4	0	2212
208	1	2	208	1	3	0	2212
208	1	2	208	1	4	0	2212
208	1	3	208	1	4	0	2212
209	1	1	209	1	2	0	1900
209	1	1	209	1	3	0	1900
209	1	1	209	1	4	0	1900
209	1	2	209	1	3	0	1900
209	1	2	209	1	4	0	1900
209	1	3	209	1	4	0	1900
210	1	1	210	1	2	0	2155
210	1	1	210	1	3	0	2155
210	1	1	210	1	4	0	2155
210	1	2	210	1	3	0	2155
210	1	2	210	1	4	0	2155
210	1	3	210	1	4	0	2155
211	1	1	211	1	2	16	2157
211	1	1	211	1	3	17	2157
211	1	1	211	1	4	20	2157
211	1	2	211	1	3	21	2157
211	1	2	211	1	4	16	2157
211	1	3	211	1	4	21	2157
212	1	1	212	1	2	0	1502
212	1	1	212	1	3	0	1502
212	1	1	212	1	4	0	1502
212	1	2	212	1	3	0	1502
212	1	2	212	1	4	0	1502
212	1	3	212	1	4	0	1502
214	1	1	214	1	2	10	1750
214	1	1	214	1	3	11	1750
214	1	1	214	1	4	7	1750
214	1	2	214	1	3	7	1750
214	1	2	214	1	4	14	1750
214	1	3	214	1	4	9	1750
215	1	1	215	1	2	0	2103
215	1	1	215	1	3	0	2103
215	1	1	215	1	4	0	2103
215	1	2	215	1	3	0	2103
215	1	2	215	1	4	0	2103
215	1	3	215	1	4	0	2103
215	2	1	215	2	2	0	667
215	2	1	215	2	3	0	667
215	2	1	215	2	4	0	667
215	2	2	215	2	3	0	667
215	2	2	215	2	4	0	667
215	2	3	215	2	4	0	667
215	3	1	215	3	2	0	746
215	3	1	215	3	3	1	746
215	3	1	215	3	4	1	746
215	3	2	215	3	3	1	746
215	3	2	215	3	4	1	746
215	3	3	215	3	4	0	746
216	1	1	216	1	2	0	1938
216	1	1	216	1	3	9	1938
216	1	1	216	1	4	9	1938
216	1	2	216	1	3	9	1938
216	1	2	216	1	4	9	1938
216	1	3	216	1	4	0	1938
218	1	1	218	1	2	0	1961
218	1	1	218	1	3	1	1961
218	1	1	218	1	4	1	1961
218	1	2	218	1	3	1	1961
218	1	2	218	1	4	1	1961
218	1	3	218	1	4	0	1961
219	1	1	219	1	2	0	1936
219	1	1	219	1	3	2	1936
219	1	1	219	1	4	2	1936
219	1	2	219	1	3	2	1936
219	1	2	219	1	4	2	1936
219	1	3	219	1	4	0	1936
220	1	1	220	1	2	0	1929
220	1	1	220	1	3	3	1929
220	1	1	220	1	4	3	1929
220	1	2	220	1	3	3	1929
220	1	2	220	1	4	3	1929
220	1	3	220	1	4	1	1929
221	1	1	221	1	2	0	1818
221	1	1	221	1	3	0	1818
221	1	1	221	1	4	0	1818
221	1	2	221	1	3	0	1818
221	1	2	221	1	4	0	1818
221	1	3	221	1	4	0	1818
222	1	1	222	1	2	2	2032
222	1	1	222	1	3	1	2032
222	1	1	222	1	4	3	2032
222	1	2	222	1	3	3	2032
222	1	2	222	1	4	2	2032
222	1	3	222	1	4	2	2032
224	1	1	224	1	2	0	1633
224	1	1	224	1	3	1	1633
224	1	1	224	1	4	1	1633
224	1	2	224	1	3	1	1633
224	1	2	224	1	4	1	1633
224	1	3	224	1	4	0	1633
225	1	1	225	1	2	0	1964
225	1	1	225	1	3	2	1964
225	1	1	225	1	4	2	1964
225	1	2	225	1	3	2	1964
225	1	2	225	1	4	2	1964
225	1	3	225	1	4	0	1964
226	1	1	226	1	2	0	1861
226	1	1	226	1	3	0	1861
226	1	1	226	1	4	0	1861
226	1	2	226	1	3	0	1861
226	1	2	226	1	4	0	1861
226	1	3	226	1	4	0	1861
227	1	1	227	1	2	0	2042
227	1	1	227	1	3	0	2042
227	1	1	227	1	4	0	2042
227	1	2	227	1	3	0	2042
227	1	2	227	1	4	0	2042
227	1	3	227	1	4	0	2042
228	1	1	228	1	2	1	2013
228	1	1	228	1	3	1	2013
228	1	1	228	1	4	2	2013
228	1	2	228	1	3	2	2013
228	1	2	228	1	4	1	2013
228	1	3	228	1	4	1	2013
228	2	1	228	2	2	0	987
228	2	1	228	2	3	0	987
228	2	1	228	2	4	0	987
228	2	2	228	2	3	0	987
228	2	2	228	2	4	0	987
228	2	3	228	2	4	0	987
229	1	1	229	1	2	2	1999
229	1	1	229	1	3	2	1999
229	1	1	229	1	4	2	1999
229	1	2	229	1	3	0	1999
229	1	2	229	1	4	0	1999
229	1	3	229	1	4	0	1999
230	1	1	230	1	2	8	1878
230	1	1	230	1	3	2	1878
230	1	1	230	1	4	10	1878
230	1	2	230	1	3	6	1878
230	1	2	230	1	4	2	1878
230	1	3	230	1	4	8	1878
231	1	1	231	1	2	0	1557
231	1	1	231	1	3	1	1557
231	1	1	231	1	4	1	1557
231	1	2	231	1	3	1	1557
231	1	2	231	1	4	1	1557
231	1	3	231	1	4	0	1557
231	2	1	231	2	2	0	718
231	2	1	231	2	3	1	718
231	2	1	231	2	4	1	718
231	2	2	231	2	3	1	718
231	2	2	231	2	4	1	718
231	2	3	231	2	4	0	718
232	1	1	232	1	2	4	1901
232	1	1	232	1	3	3	1901
232	1	1	232	1	4	7	1901
232	1	2	232	1	3	7	1901
232	1	2	232	1	4	3	1901
232	1	3	232	1	4	4	1901
233	1	1	233	1	2	0	1369
233	1	1	233	1	3	0	1369
233	1	1	233	1	4	0	1369
233	1	2	233	1	3	0	1369
233	1	2	233	1	4	0	1369
233	1	3	233	1	4	0	1369
234	1	1	234	1	2	0	2226
234	1	1	234	1	3	1	2226
234	1	1	234	1	4	1	2226
234	1	2	234	1	3	1	2226
234	1	2	234	1	4	1	2226
234	1	3	234	1	4	0	2226
236	1	1	236	1	2	0	2136
236	1	1	236	1	3	0	2136
236	1	1	236	1	4	0	2136
236	1	2	236	1	3	0	2136
236	1	2	236	1	4	0	2136
236	1	3	236	1	4	0	2136
238	1	1	238	1	2	0	2004
238	1	1	238	1	3	0	2004
238	1	1	238	1	4	0	2004
238	1	2	238	1	3	0	2004
238	1	2	238	1	4	0	2004
238	1	3	238	1	4	0	2004
239	1	1	239	1	2	0	2230
239	1	1	239	1	3	0	2230
239	1	1	239	1	4	0	2230
239	1	2	239	1	3	0	2230
239	1	2	239	1	4	0	2230
239	1	3	239	1	4	0	2230
240	1	1	240	1	2	0	2255
240	1	1	240	1	3	0	2255
240	1	1	240	1	4	1	2255
240	1	2	240	1	3	0	2255
240	1	2	240	1	4	1	2255
240	1	3	240	1	4	1	2255
241	1	1	241	1	2	2	1921
241	1	1	241	1	3	2	1921
241	1	1	241	1	4	4	1921
241	1	2	241	1	3	4	1921
241	1	2	241	1	4	2	1921
241	1	3	241	1	4	2	1921
242	1	1	242	1	2	0	1929
242	1	1	242	1	3	0	1929
242	1	1	242	1	4	0	1929
242	1	2	242	1	3	0	1929
242	1	2	242	1	4	0	1929
242	1	3	242	1	4	0	1929
243	1	1	243	1	2	4	1657
243	1	1	243	1	3	11	1657
243	1	1	243	1	4	13	1657
243	1	2	243	1	3	12	1657
243	1	2	243	1	4	11	1657
243	1	3	243	1	4	4	1657
243	2	1	243	2	2	0	1479
243	2	1	243	2	3	2	1479
243	2	1	243	2	4	2	1479
243	2	2	243	2	3	2	1479
243	2	2	243	2	4	2	1479
243	2	3	243	2	4	0	1479
243	3	1	243	3	2	0	801
243	3	1	243	3	3	0	801
243	3	1	243	3	4	0	801
243	3	2	243	3	3	0	801
243	3	2	243	3	4	0	801
243	3	3	243	3	4	0	801
243	4	1	243	4	2	0	836
243	4	1	243	4	3	0	836
243	4	1	243	4	4	0	836
243	4	2	243	4	3	0	836
243	4	2	243	4	4	0	836
243	4	3	243	4	4	0	836
244	1	1	244	1	2	35	1398
244	1	1	244	1	3	36	1398
244	1	1	244	1	4	41	1398
244	1	2	244	1	3	34	1398
244	1	2	244	1	4	37	1398
244	1	3	244	1	4	46	1398
245	1	1	245	1	2	0	2016
245	1	1	245	1	3	0	2016
245	1	1	245	1	4	0	2016
245	1	2	245	1	3	0	2016
245	1	2	245	1	4	0	2016
245	1	3	245	1	4	0	2016
245	2	1	245	2	2	1	2491
245	2	1	245	2	3	1	2491
245	2	1	245	2	4	2	2491
245	2	2	245	2	3	2	2491
245	2	2	245	2	4	1	2491
245	2	3	245	2	4	1	2491
247	1	1	247	1	2	3	1743
247	1	1	247	1	3	1	1743
247	1	1	247	1	4	4	1743
247	1	2	247	1	3	4	1743
247	1	2	247	1	4	1	1743
247	1	3	247	1	4	3	1743
250	1	1	250	1	2	2	2571
250	1	1	250	1	3	5	2571
250	1	1	250	1	4	6	2571
250	1	2	250	1	3	3	2571
250	1	2	250	1	4	4	2571
250	1	3	250	1	4	1	2571
251	1	1	251	1	2	2	2226
251	1	1	251	1	3	1	2226
251	1	1	251	1	4	1	2226
251	1	2	251	1	3	3	2226
251	1	2	251	1	4	3	2226
251	1	3	251	1	4	0	2226
252	1	1	252	1	2	2	1996
252	1	1	252	1	3	12	1996
252	1	1	252	1	4	10	1996
252	1	2	252	1	3	13	1996
252	1	2	252	1	4	11	1996
252	1	3	252	1	4	5	1996
253	1	1	253	1	2	0	1240
253	1	1	253	1	3	0	1240
253	1	1	253	1	4	0	1240
253	1	2	253	1	3	0	1240
253	1	2	253	1	4	0	1240
253	1	3	253	1	4	0	1240
254	1	1	254	1	2	0	1768
254	1	1	254	1	3	0	1768
254	1	1	254	1	4	0	1768
254	1	2	254	1	3	0	1768
254	1	2	254	1	4	0	1768
254	1	3	254	1	4	0	1768
257	1	1	257	1	2	15	1573
257	1	1	257	1	3	18	1573
257	1	1	257	1	4	18	1573
257	1	2	257	1	3	19	1573
257	1	2	257	1	4	18	1573
257	1	3	257	1	4	12	1573
259	1	1	259	1	2	2	1876
259	1	1	259	1	3	1	1876
259	1	1	259	1	4	3	1876
259	1	2	259	1	3	3	1876
259	1	2	259	1	4	1	1876
259	1	3	259	1	4	2	1876
260	1	1	260	1	2	0	2008
260	1	1	260	1	3	7	2008
260	1	1	260	1	4	7	2008
260	1	2	260	1	3	7	2008
260	1	2	260	1	4	7	2008
260	1	3	260	1	4	0	2008
261	1	1	261	1	2	1	1844
261	1	1	261	1	3	3	1844
261	1	1	261	1	4	4	1844
261	1	2	261	1	3	4	1844
261	1	2	261	1	4	4	1844
261	1	3	261	1	4	1	1844
264	1	1	264	1	2	0	1447
264	1	1	264	1	3	0	1447
264	1	1	264	1	4	0	1447
264	1	2	264	1	3	0	1447
264	1	2	264	1	4	0	1447
264	1	3	264	1	4	0	1447
265	1	1	265	1	2	4	1612
265	1	1	265	1	3	4	1612
265	1	1	265	1	4	4	1612
265	1	2	265	1	3	0	1612
265	1	2	265	1	4	0	1612
265	1	3	265	1	4	0	1612
266	1	1	266	1	2	6	1124
266	1	1	266	1	3	10	1124
266	1	1	266	1	4	9	1124
266	1	2	266	1	3	13	1124
266	1	2	266	1	4	8	1124
266	1	3	266	1	4	5	1124
267	1	1	267	1	2	1	2019
267	1	1	267	1	3	4	2019
267	1	1	267	1	4	5	2019
267	1	2	267	1	3	5	2019
267	1	2	267	1	4	4	2019
267	1	3	267	1	4	1	2019
268	1	1	268	1	2	1	1711
268	1	1	268	1	3	1	1711
268	1	1	268	1	4	1	1711
268	1	2	268	1	3	0	1711
268	1	2	268	1	4	0	1711
268	1	3	268	1	4	0	1711
269	1	1	269	1	2	0	2144
269	1	1	269	1	3	0	2144
269	1	1	269	1	4	0	2144
269	1	2	269	1	3	0	2144
269	1	2	269	1	4	0	2144
269	1	3	269	1	4	0	2144
269	2	1	269	2	2	0	1549
269	2	1	269	2	3	0	1549
269	2	1	269	2	4	0	1549
269	2	2	269	2	3	0	1549
269	2	2	269	2	4	0	1549
269	2	3	269	2	4	0	1549
269	3	1	269	3	2	0	284
269	3	1	269	3	3	0	284
269	3	1	269	3	4	0	284
269	3	2	269	3	3	0	284
269	3	2	269	3	4	0	284
269	3	3	269	3	4	0	284
270	1	1	270	1	2	0	1539
270	1	1	270	1	3	2	1539
270	1	1	270	1	4	2	1539
270	1	2	270	1	3	2	1539
270	1	2	270	1	4	2	1539
270	1	3	270	1	4	0	1539
271	1	1	271	1	2	423	2016
271	1	1	271	1	3	423	2016
271	1	1	271	1	4	407	2016
271	1	2	271	1	3	413	2016
271	1	2	271	1	4	419	2016
271	1	3	271	1	4	419	2016
271	2	1	271	2	2	2	1902
271	2	1	271	2	3	3	1902
271	2	1	271	2	4	3	1902
271	2	2	271	2	3	1	1902
271	2	2	271	2	4	1	1902
271	2	3	271	2	4	0	1902
271	3	1	271	3	2	0	723
271	3	1	271	3	3	0	723
271	3	1	271	3	4	0	723
271	3	2	271	3	3	0	723
271	3	2	271	3	4	0	723
271	3	3	271	3	4	0	723
271	4	1	271	4	2	0	979
271	4	1	271	4	3	1	979
271	4	1	271	4	4	1	979
271	4	2	271	4	3	1	979
271	4	2	271	4	4	1	979
271	4	3	271	4	4	0	979
271	5	1	271	5	2	0	710
271	5	1	271	5	3	0	710
271	5	1	271	5	4	0	710
271	5	2	271	5	3	0	710
271	5	2	271	5	4	0	710
271	5	3	271	5	4	0	710
271	6	1	271	6	2	0	695
271	6	1	271	6	3	0	695
271	6	1	271	6	4	0	695
271	6	2	271	6	3	0	695
271	6	2	271	6	4	0	695
271	6	3	271	6	4	0	695
271	7	1	271	7	2	0	767
271	7	1	271	7	3	0	767
271	7	1	271	7	4	0	767
271	7	2	271	7	3	0	767
271	7	2	271	7	4	0	767
271	7	3	271	7	4	0	767
272	1	1	272	1	2	16	1877
272	1	1	272	1	3	14	1877
272	1	1	272	1	4	21	1877
272	1	2	272	1	3	16	1877
272	1	2	272	1	4	26	1877
272	1	3	272	1	4	13	1877
273	1	1	273	1	2	6	1955
273	1	1	273	1	3	4	1955
273	1	1	273	1	4	9	1955
273	1	2	273	1	3	10	1955
273	1	2	273	1	4	5	1955
273	1	3	273	1	4	5	1955
274	1	1	274	1	2	1	1655
274	1	1	274	1	3	11	1655
274	1	1	274	1	4	4	1655
274	1	2	274	1	3	11	1655
274	1	2	274	1	4	5	1655
274	1	3	274	1	4	9	1655
275	1	1	275	1	2	0	1574
275	1	1	275	1	3	0	1574
275	1	1	275	1	4	0	1574
275	1	2	275	1	3	0	1574
275	1	2	275	1	4	0	1574
275	1	3	275	1	4	0	1574
276	1	1	276	1	2	2	1965
276	1	1	276	1	3	1	1965
276	1	1	276	1	4	3	1965
276	1	2	276	1	3	3	1965
276	1	2	276	1	4	1	1965
276	1	3	276	1	4	2	1965
277	1	1	277	1	2	0	1429
277	1	1	277	1	3	4	1429
277	1	1	277	1	4	4	1429
277	1	2	277	1	3	4	1429
277	1	2	277	1	4	4	1429
277	1	3	277	1	4	0	1429
278	1	1	278	1	2	0	1624
278	1	1	278	1	3	1	1624
278	1	1	278	1	4	1	1624
278	1	2	278	1	3	1	1624
278	1	2	278	1	4	1	1624
278	1	3	278	1	4	0	1624
279	1	1	279	1	2	0	2007
279	1	1	279	1	3	2	2007
279	1	1	279	1	4	2	2007
279	1	2	279	1	3	2	2007
279	1	2	279	1	4	2	2007
279	1	3	279	1	4	0	2007
280	1	1	280	1	2	2	1218
280	1	1	280	1	3	2	1218
280	1	1	280	1	4	2	1218
280	1	2	280	1	3	2	1218
280	1	2	280	1	4	2	1218
280	1	3	280	1	4	0	1218
281	1	1	281	1	2	0	1918
281	1	1	281	1	3	3	1918
281	1	1	281	1	4	3	1918
281	1	2	281	1	3	3	1918
281	1	2	281	1	4	3	1918
281	1	3	281	1	4	0	1918
282	1	1	282	1	2	2	1356
282	1	1	282	1	3	2	1356
282	1	1	282	1	4	1	1356
282	1	2	282	1	3	0	1356
282	1	2	282	1	4	1	1356
282	1	3	282	1	4	1	1356
283	1	1	283	1	2	4	2035
283	1	1	283	1	3	10	2035
283	1	1	283	1	4	12	2035
283	1	2	283	1	3	13	2035
283	1	2	283	1	4	11	2035
283	1	3	283	1	4	2	2035
284	1	1	284	1	2	0	2065
284	1	1	284	1	3	0	2065
284	1	1	284	1	4	0	2065
284	1	2	284	1	3	0	2065
284	1	2	284	1	4	0	2065
284	1	3	284	1	4	0	2065
285	1	1	285	1	2	0	1955
285	1	1	285	1	3	0	1955
285	1	1	285	1	4	0	1955
285	1	2	285	1	3	0	1955
285	1	2	285	1	4	0	1955
285	1	3	285	1	4	0	1955
285	2	1	285	2	2	5	1125
285	2	1	285	2	3	9	1125
285	2	1	285	2	4	5	1125
285	2	2	285	2	3	6	1125
285	2	2	285	2	4	8	1125
285	2	3	285	2	4	7	1125
286	1	1	286	1	2	0	1416
286	1	1	286	1	3	0	1416
286	1	1	286	1	4	0	1416
286	1	2	286	1	3	0	1416
286	1	2	286	1	4	0	1416
286	1	3	286	1	4	0	1416
286	2	1	286	2	2	1	933
286	2	1	286	2	3	2	933
286	2	1	286	2	4	2	933
286	2	2	286	2	3	3	933
286	2	2	286	2	4	1	933
286	2	3	286	2	4	2	933
287	1	1	287	1	2	0	1757
287	1	1	287	1	3	0	1757
287	1	1	287	1	4	0	1757
287	1	2	287	1	3	0	1757
287	1	2	287	1	4	0	1757
287	1	3	287	1	4	0	1757
288	1	1	288	1	2	0	2156
288	1	1	288	1	3	0	2156
288	1	1	288	1	4	0	2156
288	1	2	288	1	3	0	2156
288	1	2	288	1	4	0	2156
288	1	3	288	1	4	0	2156
289	1	1	289	1	2	0	2006
289	1	1	289	1	3	1	2006
289	1	1	289	1	4	1	2006
289	1	2	289	1	3	1	2006
289	1	2	289	1	4	1	2006
289	1	3	289	1	4	0	2006
289	2	1	289	2	2	0	1284
289	2	1	289	2	3	0	1284
289	2	1	289	2	4	0	1284
289	2	2	289	2	3	0	1284
289	2	2	289	2	4	0	1284
289	2	3	289	2	4	0	1284
290	1	1	290	1	2	0	2000
290	1	1	290	1	3	0	2000
290	1	1	290	1	4	0	2000
290	1	2	290	1	3	0	2000
290	1	2	290	1	4	0	2000
290	1	3	290	1	4	0	2000
291	1	1	291	1	2	0	1395
291	1	1	291	1	3	0	1395
291	1	1	291	1	4	0	1395
291	1	2	291	1	3	0	1395
291	1	2	291	1	4	0	1395
291	1	3	291	1	4	0	1395
292	1	1	292	1	2	4	1273
292	1	1	292	1	3	7	1273
292	1	1	292	1	4	10	1273
292	1	2	292	1	3	10	1273
292	1	2	292	1	4	6	1273
292	1	3	292	1	4	6	1273
293	1	1	293	1	2	0	1493
293	1	1	293	1	3	0	1493
293	1	1	293	1	4	0	1493
293	1	2	293	1	3	0	1493
293	1	2	293	1	4	0	1493
293	1	3	293	1	4	0	1493
294	1	1	294	1	2	0	1813
294	1	1	294	1	3	3	1813
294	1	1	294	1	4	3	1813
294	1	2	294	1	3	3	1813
294	1	2	294	1	4	3	1813
294	1	3	294	1	4	0	1813
294	2	1	294	2	2	0	1548
294	2	1	294	2	3	0	1548
294	2	1	294	2	4	0	1548
294	2	2	294	2	3	0	1548
294	2	2	294	2	4	0	1548
294	2	3	294	2	4	0	1548
295	1	1	295	1	2	5	1939
295	1	1	295	1	3	11	1939
295	1	1	295	1	4	11	1939
295	1	2	295	1	3	6	1939
295	1	2	295	1	4	6	1939
295	1	3	295	1	4	0	1939
296	1	1	296	1	2	1	2054
296	1	1	296	1	3	2	2054
296	1	1	296	1	4	3	2054
296	1	2	296	1	3	3	2054
296	1	2	296	1	4	2	2054
296	1	3	296	1	4	1	2054
297	1	1	297	1	2	27	1698
297	1	1	297	1	3	19	1698
297	1	1	297	1	4	24	1698
297	1	2	297	1	3	16	1698
297	1	2	297	1	4	19	1698
297	1	3	297	1	4	21	1698
298	1	1	298	1	2	0	2024
298	1	1	298	1	3	1	2024
298	1	1	298	1	4	1	2024
298	1	2	298	1	3	1	2024
298	1	2	298	1	4	1	2024
298	1	3	298	1	4	0	2024
299	1	1	299	1	2	4	1971
299	1	1	299	1	3	3	1971
299	1	1	299	1	4	7	1971
299	1	2	299	1	3	7	1971
299	1	2	299	1	4	3	1971
299	1	3	299	1	4	4	1971
299	2	1	299	2	2	0	2113
299	2	1	299	2	3	0	2113
299	2	1	299	2	4	0	2113
299	2	2	299	2	3	0	2113
299	2	2	299	2	4	0	2113
299	2	3	299	2	4	0	2113
300	1	1	300	1	2	0	2085
300	1	1	300	1	3	1	2085
300	1	1	300	1	4	1	2085
300	1	2	300	1	3	1	2085
300	1	2	300	1	4	1	2085
300	1	3	300	1	4	0	2085
301	1	1	301	1	2	0	2175
301	1	1	301	1	3	0	2175
301	1	1	301	1	4	0	2175
301	1	2	301	1	3	0	2175
301	1	2	301	1	4	0	2175
301	1	3	301	1	4	0	2175
301	2	1	301	2	2	0	1620
301	2	1	301	2	3	7	1620
301	2	1	301	2	4	7	1620
301	2	2	301	2	3	7	1620
301	2	2	301	2	4	7	1620
301	2	3	301	2	4	0	1620
301	3	1	301	3	2	0	1227
301	3	1	301	3	3	0	1227
301	3	1	301	3	4	0	1227
301	3	2	301	3	3	0	1227
301	3	2	301	3	4	0	1227
301	3	3	301	3	4	0	1227
302	1	1	302	1	2	11	1478
302	1	1	302	1	3	12	1478
302	1	1	302	1	4	9	1478
302	1	2	302	1	3	16	1478
302	1	2	302	1	4	10	1478
302	1	3	302	1	4	8	1478
303	1	1	303	1	2	0	2105
303	1	1	303	1	3	0	2105
303	1	1	303	1	4	0	2105
303	1	2	303	1	3	0	2105
303	1	2	303	1	4	0	2105
303	1	3	303	1	4	0	2105
304	1	1	304	1	2	0	1457
304	1	1	304	1	3	0	1457
304	1	1	304	1	4	0	1457
304	1	2	304	1	3	0	1457
304	1	2	304	1	4	0	1457
304	1	3	304	1	4	0	1457
304	2	1	304	2	2	0	1155
304	2	1	304	2	3	0	1155
304	2	1	304	2	4	0	1155
304	2	2	304	2	3	0	1155
304	2	2	304	2	4	0	1155
304	2	3	304	2	4	0	1155
305	1	1	305	1	2	34	1939
305	1	1	305	1	3	35	1939
305	1	1	305	1	4	39	1939
305	1	2	305	1	3	35	1939
305	1	2	305	1	4	44	1939
305	1	3	305	1	4	40	1939
306	1	1	306	1	2	6	2053
306	1	1	306	1	3	5	2053
306	1	1	306	1	4	4	2053
306	1	2	306	1	3	5	2053
306	1	2	306	1	4	6	2053
306	1	3	306	1	4	3	2053
307	1	1	307	1	2	0	1890
307	1	1	307	1	3	0	1890
307	1	1	307	1	4	0	1890
307	1	2	307	1	3	0	1890
307	1	2	307	1	4	0	1890
307	1	3	307	1	4	0	1890
307	2	1	307	2	2	0	1002
307	2	1	307	2	3	1	1002
307	2	1	307	2	4	1	1002
307	2	2	307	2	3	1	1002
307	2	2	307	2	4	1	1002
307	2	3	307	2	4	0	1002
309	1	1	309	1	2	0	1921
309	1	1	309	1	3	0	1921
309	1	1	309	1	4	0	1921
309	1	2	309	1	3	0	1921
309	1	2	309	1	4	0	1921
309	1	3	309	1	4	0	1921
309	2	1	309	2	2	0	861
309	2	1	309	2	3	0	861
309	2	1	309	2	4	0	861
309	2	2	309	2	3	0	861
309	2	2	309	2	4	0	861
309	2	3	309	2	4	0	861
309	3	1	309	3	2	0	462
309	3	1	309	3	3	0	462
309	3	1	309	3	4	0	462
309	3	2	309	3	3	0	462
309	3	2	309	3	4	0	462
309	3	3	309	3	4	0	462
311	1	1	311	1	2	4	2360
311	1	1	311	1	3	4	2360
311	1	1	311	1	4	5	2360
311	1	2	311	1	3	2	2360
311	1	2	311	1	4	1	2360
311	1	3	311	1	4	1	2360
312	1	1	312	1	2	0	1544
312	1	1	312	1	3	0	1544
312	1	1	312	1	4	0	1544
312	1	2	312	1	3	0	1544
312	1	2	312	1	4	0	1544
312	1	3	312	1	4	0	1544
313	1	1	313	1	2	2	1857
313	1	1	313	1	3	2	1857
313	1	1	313	1	4	3	1857
313	1	2	313	1	3	0	1857
313	1	2	313	1	4	5	1857
313	1	3	313	1	4	5	1857
314	1	1	314	1	2	0	2108
314	1	1	314	1	3	7	2108
314	1	1	314	1	4	7	2108
314	1	2	314	1	3	7	2108
314	1	2	314	1	4	7	2108
314	1	3	314	1	4	0	2108
315	1	1	315	1	2	204	831
315	1	1	315	1	3	221	831
315	1	1	315	1	4	201	831
315	1	2	315	1	3	208	831
315	1	2	315	1	4	200	831
315	1	3	315	1	4	187	831
316	1	1	316	1	2	1	1785
316	1	1	316	1	3	1	1785
316	1	1	316	1	4	2	1785
316	1	2	316	1	3	2	1785
316	1	2	316	1	4	1	1785
316	1	3	316	1	4	1	1785
318	1	1	318	1	2	1	1440
318	1	1	318	1	3	1	1440
318	1	1	318	1	4	2	1440
318	1	2	318	1	3	2	1440
318	1	2	318	1	4	1	1440
318	1	3	318	1	4	1	1440
318	2	1	318	2	2	0	643
318	2	1	318	2	3	0	643
318	2	1	318	2	4	0	643
318	2	2	318	2	3	0	643
318	2	2	318	2	4	0	643
318	2	3	318	2	4	0	643
319	1	1	319	1	2	1	2200
319	1	1	319	1	3	2	2200
319	1	1	319	1	4	3	2200
319	1	2	319	1	3	3	2200
319	1	2	319	1	4	2	2200
319	1	3	319	1	4	1	2200
320	1	1	320	1	2	0	1082
320	1	1	320	1	3	0	1082
320	1	1	320	1	4	0	1082
320	1	2	320	1	3	0	1082
320	1	2	320	1	4	0	1082
320	1	3	320	1	4	0	1082
321	1	1	321	1	2	1	2037
321	1	1	321	1	3	6	2037
321	1	1	321	1	4	7	2037
321	1	2	321	1	3	7	2037
321	1	2	321	1	4	6	2037
321	1	3	321	1	4	1	2037
322	1	1	322	1	2	4	1030
322	1	1	322	1	3	4	1030
322	1	1	322	1	4	4	1030
322	1	2	322	1	3	5	1030
322	1	2	322	1	4	5	1030
322	1	3	322	1	4	0	1030
323	1	1	323	1	2	2	1430
323	1	1	323	1	3	1	1430
323	1	1	323	1	4	3	1430
323	1	2	323	1	3	3	1430
323	1	2	323	1	4	1	1430
323	1	3	323	1	4	2	1430
324	1	1	324	1	2	8	1187
324	1	1	324	1	3	7	1187
324	1	1	324	1	4	9	1187
324	1	2	324	1	3	5	1187
324	1	2	324	1	4	8	1187
324	1	3	324	1	4	8	1187
325	1	1	325	1	2	1	1957
325	1	1	325	1	3	1	1957
325	1	1	325	1	4	3	1957
325	1	2	325	1	3	0	1957
325	1	2	325	1	4	4	1957
325	1	3	325	1	4	4	1957
326	1	1	326	1	2	0	2002
326	1	1	326	1	3	0	2002
326	1	1	326	1	4	0	2002
326	1	2	326	1	3	0	2002
326	1	2	326	1	4	0	2002
326	1	3	326	1	4	0	2002
327	1	1	327	1	2	2	2254
327	1	1	327	1	3	2	2254
327	1	1	327	1	4	2	2254
327	1	2	327	1	3	0	2254
327	1	2	327	1	4	0	2254
327	1	3	327	1	4	0	2254
328	1	1	328	1	2	0	1491
328	1	1	328	1	3	6	1491
328	1	1	328	1	4	5	1491
328	1	2	328	1	3	6	1491
328	1	2	328	1	4	5	1491
328	1	3	328	1	4	1	1491
328	2	1	328	2	2	0	1189
328	2	1	328	2	3	1	1189
328	2	1	328	2	4	1	1189
328	2	2	328	2	3	1	1189
328	2	2	328	2	4	1	1189
328	2	3	328	2	4	0	1189
328	3	1	328	3	2	0	743
328	3	1	328	3	3	0	743
328	3	1	328	3	4	0	743
328	3	2	328	3	3	0	743
328	3	2	328	3	4	0	743
328	3	3	328	3	4	0	743
330	1	1	330	1	2	0	1950
330	1	1	330	1	3	0	1950
330	1	1	330	1	4	0	1950
330	1	2	330	1	3	0	1950
330	1	2	330	1	4	0	1950
330	1	3	330	1	4	0	1950
333	1	1	333	1	2	0	2041
333	1	1	333	1	3	0	2041
333	1	1	333	1	4	0	2041
333	1	2	333	1	3	0	2041
333	1	2	333	1	4	0	2041
333	1	3	333	1	4	0	2041
334	1	1	334	1	2	0	2030
334	1	1	334	1	3	2	2030
334	1	1	334	1	4	2	2030
334	1	2	334	1	3	2	2030
334	1	2	334	1	4	2	2030
334	1	3	334	1	4	0	2030
335	1	1	335	1	2	0	1829
335	1	1	335	1	3	0	1829
335	1	1	335	1	4	0	1829
335	1	2	335	1	3	0	1829
335	1	2	335	1	4	0	1829
335	1	3	335	1	4	0	1829
335	2	1	335	2	2	0	1702
335	2	1	335	2	3	0	1702
335	2	1	335	2	4	0	1702
335	2	2	335	2	3	0	1702
335	2	2	335	2	4	0	1702
335	2	3	335	2	4	0	1702
337	1	1	337	1	2	0	1866
337	1	1	337	1	3	6	1866
337	1	1	337	1	4	6	1866
337	1	2	337	1	3	6	1866
337	1	2	337	1	4	6	1866
337	1	3	337	1	4	0	1866
338	1	1	338	1	2	0	2132
338	1	1	338	1	3	0	2132
338	1	1	338	1	4	0	2132
338	1	2	338	1	3	0	2132
338	1	2	338	1	4	0	2132
338	1	3	338	1	4	0	2132
339	1	1	339	1	2	0	2050
339	1	1	339	1	3	1	2050
339	1	1	339	1	4	1	2050
339	1	2	339	1	3	1	2050
339	1	2	339	1	4	1	2050
339	1	3	339	1	4	0	2050
339	2	1	339	2	2	0	719
339	2	1	339	2	3	1	719
339	2	1	339	2	4	1	719
339	2	2	339	2	3	1	719
339	2	2	339	2	4	1	719
339	2	3	339	2	4	1	719
340	1	1	340	1	2	2	1429
340	1	1	340	1	3	1	1429
340	1	1	340	1	4	3	1429
340	1	2	340	1	3	3	1429
340	1	2	340	1	4	1	1429
340	1	3	340	1	4	2	1429
340	2	1	340	2	2	0	1028
340	2	1	340	2	3	2	1028
340	2	1	340	2	4	2	1028
340	2	2	340	2	3	2	1028
340	2	2	340	2	4	2	1028
340	2	3	340	2	4	0	1028
341	1	1	341	1	2	4	1795
341	1	1	341	1	3	5	1795
341	1	1	341	1	4	1	1795
341	1	2	341	1	3	3	1795
341	1	2	341	1	4	5	1795
341	1	3	341	1	4	4	1795
342	1	1	342	1	2	0	2011
342	1	1	342	1	3	0	2011
342	1	1	342	1	4	0	2011
342	1	2	342	1	3	0	2011
342	1	2	342	1	4	0	2011
342	1	3	342	1	4	0	2011
344	1	1	344	1	2	0	1976
344	1	1	344	1	3	4	1976
344	1	1	344	1	4	4	1976
344	1	2	344	1	3	4	1976
344	1	2	344	1	4	4	1976
344	1	3	344	1	4	0	1976
345	1	1	345	1	2	1	2113
345	1	1	345	1	3	1	2113
345	1	1	345	1	4	2	2113
345	1	2	345	1	3	2	2113
345	1	2	345	1	4	1	2113
345	1	3	345	1	4	1	2113
346	1	1	346	1	2	0	2166
346	1	1	346	1	3	2	2166
346	1	1	346	1	4	2	2166
346	1	2	346	1	3	2	2166
346	1	2	346	1	4	2	2166
346	1	3	346	1	4	0	2166
347	1	1	347	1	2	0	1847
347	1	1	347	1	3	0	1847
347	1	1	347	1	4	0	1847
347	1	2	347	1	3	0	1847
347	1	2	347	1	4	0	1847
347	1	3	347	1	4	0	1847
348	1	1	348	1	2	2	1697
348	1	1	348	1	3	5	1697
348	1	1	348	1	4	5	1697
348	1	2	348	1	3	7	1697
348	1	2	348	1	4	7	1697
348	1	3	348	1	4	0	1697
348	2	1	348	2	2	0	1443
348	2	1	348	2	3	0	1443
348	2	1	348	2	4	0	1443
348	2	2	348	2	3	0	1443
348	2	2	348	2	4	0	1443
348	2	3	348	2	4	0	1443
349	1	1	349	1	2	3	1891
349	1	1	349	1	3	2	1891
349	1	1	349	1	4	6	1891
349	1	2	349	1	3	5	1891
349	1	2	349	1	4	3	1891
349	1	3	349	1	4	5	1891
350	1	1	350	1	2	1	1174
350	1	1	350	1	3	2	1174
350	1	1	350	1	4	3	1174
350	1	2	350	1	3	3	1174
350	1	2	350	1	4	2	1174
350	1	3	350	1	4	1	1174
350	2	1	350	2	2	0	879
350	2	1	350	2	3	3	879
350	2	1	350	2	4	3	879
350	2	2	350	2	3	3	879
350	2	2	350	2	4	3	879
350	2	3	350	2	4	0	879
350	3	1	350	3	2	0	881
350	3	1	350	3	3	0	881
350	3	1	350	3	4	0	881
350	3	2	350	3	3	0	881
350	3	2	350	3	4	0	881
350	3	3	350	3	4	0	881
351	1	1	351	1	2	0	1718
351	1	1	351	1	3	0	1718
351	1	1	351	1	4	0	1718
351	1	2	351	1	3	0	1718
351	1	2	351	1	4	0	1718
351	1	3	351	1	4	0	1718
352	1	1	352	1	2	0	2242
352	1	1	352	1	3	1	2242
352	1	1	352	1	4	1	2242
352	1	2	352	1	3	1	2242
352	1	2	352	1	4	1	2242
352	1	3	352	1	4	0	2242
352	2	1	352	2	2	0	716
352	2	1	352	2	3	0	716
352	2	1	352	2	4	0	716
352	2	2	352	2	3	0	716
352	2	2	352	2	4	0	716
352	2	3	352	2	4	0	716
353	1	1	353	1	2	0	1498
353	1	1	353	1	3	9	1498
353	1	1	353	1	4	10	1498
353	1	2	353	1	3	9	1498
353	1	2	353	1	4	10	1498
353	1	3	353	1	4	2	1498
354	1	1	354	1	2	1	1820
354	1	1	354	1	3	1	1820
354	1	1	354	1	4	2	1820
354	1	2	354	1	3	2	1820
354	1	2	354	1	4	1	1820
354	1	3	354	1	4	1	1820
355	1	1	355	1	2	0	1936
355	1	1	355	1	3	1	1936
355	1	1	355	1	4	1	1936
355	1	2	355	1	3	1	1936
355	1	2	355	1	4	1	1936
355	1	3	355	1	4	0	1936
356	1	1	356	1	2	0	1427
356	1	1	356	1	3	3	1427
356	1	1	356	1	4	3	1427
356	1	2	356	1	3	3	1427
356	1	2	356	1	4	3	1427
356	1	3	356	1	4	0	1427
357	1	1	357	1	2	0	2199
357	1	1	357	1	3	0	2199
357	1	1	357	1	4	0	2199
357	1	2	357	1	3	0	2199
357	1	2	357	1	4	0	2199
357	1	3	357	1	4	0	2199
358	1	1	358	1	2	0	1466
358	1	1	358	1	3	0	1466
358	1	1	358	1	4	0	1466
358	1	2	358	1	3	0	1466
358	1	2	358	1	4	0	1466
358	1	3	358	1	4	0	1466
359	1	1	359	1	2	0	1622
359	1	1	359	1	3	2	1622
359	1	1	359	1	4	2	1622
359	1	2	359	1	3	2	1622
359	1	2	359	1	4	2	1622
359	1	3	359	1	4	0	1622
361	1	1	361	1	2	12	2018
361	1	1	361	1	3	16	2018
361	1	1	361	1	4	13	2018
361	1	2	361	1	3	16	2018
361	1	2	361	1	4	14	2018
361	1	3	361	1	4	12	2018
362	1	1	362	1	2	2	1642
362	1	1	362	1	3	1	1642
362	1	1	362	1	4	3	1642
362	1	2	362	1	3	3	1642
362	1	2	362	1	4	1	1642
362	1	3	362	1	4	2	1642
362	2	1	362	2	2	0	1626
362	2	1	362	2	3	1	1626
362	2	1	362	2	4	1	1626
362	2	2	362	2	3	1	1626
362	2	2	362	2	4	1	1626
362	2	3	362	2	4	0	1626
363	1	1	363	1	2	0	1613
363	1	1	363	1	3	0	1613
363	1	1	363	1	4	0	1613
363	1	2	363	1	3	0	1613
363	1	2	363	1	4	0	1613
363	1	3	363	1	4	0	1613
364	1	1	364	1	2	0	2025
364	1	1	364	1	3	1	2025
364	1	1	364	1	4	1	2025
364	1	2	364	1	3	1	2025
364	1	2	364	1	4	1	2025
364	1	3	364	1	4	0	2025
365	1	1	365	1	2	0	2065
365	1	1	365	1	3	2	2065
365	1	1	365	1	4	2	2065
365	1	2	365	1	3	2	2065
365	1	2	365	1	4	2	2065
365	1	3	365	1	4	0	2065
366	1	1	366	1	2	1	2010
366	1	1	366	1	3	4	2010
366	1	1	366	1	4	3	2010
366	1	2	366	1	3	5	2010
366	1	2	366	1	4	2	2010
366	1	3	366	1	4	3	2010
367	1	1	367	1	2	0	2528
367	1	1	367	1	3	0	2528
367	1	1	367	1	4	1	2528
367	1	2	367	1	3	0	2528
367	1	2	367	1	4	1	2528
367	1	3	367	1	4	1	2528
367	2	1	367	2	2	0	554
367	2	1	367	2	3	0	554
367	2	1	367	2	4	0	554
367	2	2	367	2	3	0	554
367	2	2	367	2	4	0	554
367	2	3	367	2	4	0	554
368	1	1	368	1	2	0	1749
368	1	1	368	1	3	0	1749
368	1	1	368	1	4	0	1749
368	1	2	368	1	3	0	1749
368	1	2	368	1	4	0	1749
368	1	3	368	1	4	0	1749
369	1	1	369	1	2	4	1622
369	1	1	369	1	3	7	1622
369	1	1	369	1	4	5	1622
369	1	2	369	1	3	9	1622
369	1	2	369	1	4	3	1622
369	1	3	369	1	4	6	1622
370	1	1	370	1	2	0	1972
370	1	1	370	1	3	0	1972
370	1	1	370	1	4	1	1972
370	1	2	370	1	3	0	1972
370	1	2	370	1	4	1	1972
370	1	3	370	1	4	1	1972
371	1	1	371	1	2	9	1799
371	1	1	371	1	3	9	1799
371	1	1	371	1	4	11	1799
371	1	2	371	1	3	11	1799
371	1	2	371	1	4	11	1799
371	1	3	371	1	4	14	1799
372	1	1	372	1	2	0	2034
372	1	1	372	1	3	2	2034
372	1	1	372	1	4	2	2034
372	1	2	372	1	3	2	2034
372	1	2	372	1	4	2	2034
372	1	3	372	1	4	0	2034
373	1	1	373	1	2	0	3013
373	1	1	373	1	3	0	3013
373	1	1	373	1	4	0	3013
373	1	2	373	1	3	0	3013
373	1	2	373	1	4	0	3013
373	1	3	373	1	4	0	3013
373	2	1	373	2	2	0	886
373	2	1	373	2	3	0	886
373	2	1	373	2	4	1	886
373	2	2	373	2	3	0	886
373	2	2	373	2	4	1	886
373	2	3	373	2	4	1	886
374	1	1	374	1	2	1	2098
374	1	1	374	1	3	3	2098
374	1	1	374	1	4	4	2098
374	1	2	374	1	3	4	2098
374	1	2	374	1	4	3	2098
374	1	3	374	1	4	1	2098
375	1	1	375	1	2	2	1946
375	1	1	375	1	3	9	1946
375	1	1	375	1	4	11	1946
375	1	2	375	1	3	11	1946
375	1	2	375	1	4	9	1946
375	1	3	375	1	4	2	1946
377	1	1	377	1	2	0	2074
377	1	1	377	1	3	0	2074
377	1	1	377	1	4	0	2074
377	1	2	377	1	3	0	2074
377	1	2	377	1	4	0	2074
377	1	3	377	1	4	0	2074
378	1	1	378	1	2	0	1682
378	1	1	378	1	3	2	1682
378	1	1	378	1	4	2	1682
378	1	2	378	1	3	2	1682
378	1	2	378	1	4	2	1682
378	1	3	378	1	4	0	1682
379	1	1	379	1	2	1	1781
379	1	1	379	1	3	1	1781
379	1	1	379	1	4	2	1781
379	1	2	379	1	3	2	1781
379	1	2	379	1	4	1	1781
379	1	3	379	1	4	1	1781
380	1	1	380	1	2	0	2018
380	1	1	380	1	3	1	2018
380	1	1	380	1	4	1	2018
380	1	2	380	1	3	1	2018
380	1	2	380	1	4	1	2018
380	1	3	380	1	4	0	2018
381	1	1	381	1	2	2	2059
381	1	1	381	1	3	2	2059
381	1	1	381	1	4	2	2059
381	1	2	381	1	3	0	2059
381	1	2	381	1	4	2	2059
381	1	3	381	1	4	2	2059
382	1	1	382	1	2	0	2084
382	1	1	382	1	3	0	2084
382	1	1	382	1	4	0	2084
382	1	2	382	1	3	0	2084
382	1	2	382	1	4	0	2084
382	1	3	382	1	4	0	2084
383	1	1	383	1	2	0	1480
383	1	1	383	1	3	0	1480
383	1	1	383	1	4	0	1480
383	1	2	383	1	3	0	1480
383	1	2	383	1	4	0	1480
383	1	3	383	1	4	0	1480
384	1	1	384	1	2	0	1176
384	1	1	384	1	3	0	1176
384	1	1	384	1	4	0	1176
384	1	2	384	1	3	0	1176
384	1	2	384	1	4	0	1176
384	1	3	384	1	4	0	1176
385	1	1	385	1	2	0	1966
385	1	1	385	1	3	0	1966
385	1	1	385	1	4	0	1966
385	1	2	385	1	3	0	1966
385	1	2	385	1	4	0	1966
385	1	3	385	1	4	0	1966
386	1	1	386	1	2	2	2019
386	1	1	386	1	3	1	2019
386	1	1	386	1	4	2	2019
386	1	2	386	1	3	3	2019
386	1	2	386	1	4	2	2019
386	1	3	386	1	4	1	2019
387	1	1	387	1	2	1	1515
387	1	1	387	1	3	5	1515
387	1	1	387	1	4	8	1515
387	1	2	387	1	3	4	1515
387	1	2	387	1	4	9	1515
387	1	3	387	1	4	7	1515
388	1	1	388	1	2	67	1942
388	1	1	388	1	3	74	1942
388	1	1	388	1	4	78	1942
388	1	2	388	1	3	77	1942
388	1	2	388	1	4	71	1942
388	1	3	388	1	4	64	1942
389	1	1	389	1	2	0	1616
389	1	1	389	1	3	0	1616
389	1	1	389	1	4	0	1616
389	1	2	389	1	3	0	1616
389	1	2	389	1	4	0	1616
389	1	3	389	1	4	0	1616
389	2	1	389	2	2	0	1628
389	2	1	389	2	3	7	1628
389	2	1	389	2	4	7	1628
389	2	2	389	2	3	7	1628
389	2	2	389	2	4	7	1628
389	2	3	389	2	4	2	1628
390	1	1	390	1	2	0	1763
390	1	1	390	1	3	6	1763
390	1	1	390	1	4	6	1763
390	1	2	390	1	3	6	1763
390	1	2	390	1	4	6	1763
390	1	3	390	1	4	0	1763
391	1	1	391	1	2	1	2035
391	1	1	391	1	3	1	2035
391	1	1	391	1	4	4	2035
391	1	2	391	1	3	2	2035
391	1	2	391	1	4	3	2035
391	1	3	391	1	4	3	2035
392	1	1	392	1	2	1	1585
392	1	1	392	1	3	2	1585
392	1	1	392	1	4	3	1585
392	1	2	392	1	3	3	1585
392	1	2	392	1	4	2	1585
392	1	3	392	1	4	1	1585
392	2	1	392	2	2	0	1350
392	2	1	392	2	3	0	1350
392	2	1	392	2	4	0	1350
392	2	2	392	2	3	0	1350
392	2	2	392	2	4	0	1350
392	2	3	392	2	4	0	1350
392	3	1	392	3	2	0	758
392	3	1	392	3	3	0	758
392	3	1	392	3	4	0	758
392	3	2	392	3	3	0	758
392	3	2	392	3	4	0	758
392	3	3	392	3	4	0	758
392	4	1	392	4	2	0	340
392	4	1	392	4	3	0	340
392	4	1	392	4	4	0	340
392	4	2	392	4	3	0	340
392	4	2	392	4	4	0	340
392	4	3	392	4	4	0	340
393	1	1	393	1	2	0	1985
393	1	1	393	1	3	0	1985
393	1	1	393	1	4	0	1985
393	1	2	393	1	3	0	1985
393	1	2	393	1	4	0	1985
393	1	3	393	1	4	0	1985
394	1	1	394	1	2	67	1515
394	1	1	394	1	3	64	1515
394	1	1	394	1	4	61	1515
394	1	2	394	1	3	67	1515
394	1	2	394	1	4	86	1515
394	1	3	394	1	4	55	1515
395	1	1	395	1	2	3	2096
395	1	1	395	1	3	3	2096
395	1	1	395	1	4	5	2096
395	1	2	395	1	3	1	2096
395	1	2	395	1	4	3	2096
395	1	3	395	1	4	2	2096
396	1	1	396	1	2	0	2236
396	1	1	396	1	3	1	2236
396	1	1	396	1	4	1	2236
396	1	2	396	1	3	1	2236
396	1	2	396	1	4	1	2236
396	1	3	396	1	4	0	2236
399	1	1	399	1	2	0	1984
399	1	1	399	1	3	0	1984
399	1	1	399	1	4	0	1984
399	1	2	399	1	3	0	1984
399	1	2	399	1	4	0	1984
399	1	3	399	1	4	0	1984
400	1	1	400	1	2	0	1967
400	1	1	400	1	3	5	1967
400	1	1	400	1	4	3	1967
400	1	2	400	1	3	5	1967
400	1	2	400	1	4	3	1967
400	1	3	400	1	4	2	1967
402	1	1	402	1	2	0	1633
402	1	1	402	1	3	0	1633
402	1	1	402	1	4	0	1633
402	1	2	402	1	3	0	1633
402	1	2	402	1	4	0	1633
402	1	3	402	1	4	0	1633
403	1	1	403	1	2	0	1800
403	1	1	403	1	3	0	1800
403	1	1	403	1	4	0	1800
403	1	2	403	1	3	0	1800
403	1	2	403	1	4	0	1800
403	1	3	403	1	4	0	1800
