1	1	1	1	1	2	2	1951
1	1	1	1	1	3	3	1951
1	1	1	1	1	4	5	1951
1	1	2	1	1	3	5	1951
1	1	2	1	1	4	3	1951
1	1	3	1	1	4	2	1951
2	1	1	2	1	2	1	1805
2	1	1	2	1	3	2	1805
2	1	1	2	1	4	3	1805
2	1	2	2	1	3	3	1805
2	1	2	2	1	4	2	1805
2	1	3	2	1	4	1	1805
3	1	1	3	1	2	0	2158
3	1	1	3	1	3	11	2158
3	1	1	3	1	4	11	2158
3	1	2	3	1	3	11	2158
3	1	2	3	1	4	11	2158
3	1	3	3	1	4	0	2158
3	2	1	3	2	2	0	875
3	2	1	3	2	3	0	875
3	2	1	3	2	4	0	875
3	2	2	3	2	3	0	875
3	2	2	3	2	4	0	875
3	2	3	3	2	4	0	875
4	1	1	4	1	2	0	1804
4	1	1	4	1	3	0	1804
4	1	1	4	1	4	0	1804
4	1	2	4	1	3	0	1804
4	1	2	4	1	4	0	1804
4	1	3	4	1	4	0	1804
5	1	1	5	1	2	0	1258
5	1	1	5	1	3	1	1258
5	1	1	5	1	4	1	1258
5	1	2	5	1	3	1	1258
5	1	2	5	1	4	1	1258
5	1	3	5	1	4	0	1258
5	2	1	5	2	2	0	1300
5	2	1	5	2	3	0	1300
5	2	1	5	2	4	0	1300
5	2	2	5	2	3	0	1300
5	2	2	5	2	4	0	1300
5	2	3	5	2	4	0	1300
5	3	1	5	3	2	1	1092
5	3	1	5	3	3	3	1092
5	3	1	5	3	4	3	1092
5	3	2	5	3	3	3	1092
5	3	2	5	3	4	3	1092
5	3	3	5	3	4	0	1092
7	1	1	7	1	2	0	1854
7	1	1	7	1	3	1	1854
7	1	1	7	1	4	1	1854
7	1	2	7	1	3	1	1854
7	1	2	7	1	4	1	1854
7	1	3	7	1	4	0	1854
8	1	1	8	1	2	2	2057
8	1	1	8	1	3	1	2057
8	1	1	8	1	4	3	2057
8	1	2	8	1	3	3	2057
8	1	2	8	1	4	1	2057
8	1	3	8	1	4	2	2057
9	1	1	9	1	2	0	1940
9	1	1	9	1	3	1	1940
9	1	1	9	1	4	1	1940
9	1	2	9	1	3	1	1940
9	1	2	9	1	4	1	1940
9	1	3	9	1	4	0	1940
10	1	1	10	1	2	0	1301
10	1	1	10	1	3	0	1301
10	1	1	10	1	4	0	1301
10	1	2	10	1	3	0	1301
10	1	2	10	1	4	0	1301
10	1	3	10	1	4	0	1301
11	1	1	11	1	2	0	1289
11	1	1	11	1	3	1	1289
11	1	1	11	1	4	1	1289
11	1	2	11	1	3	1	1289
11	1	2	11	1	4	1	1289
11	1	3	11	1	4	0	1289
11	2	1	11	2	2	0	637
11	2	1	11	2	3	0	637
11	2	1	11	2	4	0	637
11	2	2	11	2	3	0	637
11	2	2	11	2	4	0	637
11	2	3	11	2	4	0	637
11	3	1	11	3	2	0	344
11	3	1	11	3	3	0	344
11	3	1	11	3	4	0	344
11	3	2	11	3	3	0	344
11	3	2	11	3	4	0	344
11	3	3	11	3	4	0	344
12	1	1	12	1	2	11	1894
12	1	1	12	1	3	13	1894
12	1	1	12	1	4	5	1894
12	1	2	12	1	3	10	1894
12	1	2	12	1	4	8	1894
12	1	3	12	1	4	12	1894
13	1	1	13	1	2	0	1519
13	1	1	13	1	3	0	1519
13	1	1	13	1	4	0	1519
13	1	2	13	1	3	0	1519
13	1	2	13	1	4	0	1519
13	1	3	13	1	4	0	1519
13	2	1	13	2	2	0	767
13	2	1	13	2	3	0	767
13	2	1	13	2	4	0	767
13	2	2	13	2	3	0	767
13	2	2	13	2	4	0	767
13	2	3	13	2	4	0	767
14	1	1	14	1	2	7	2049
14	1	1	14	1	3	7	2049
14	1	1	14	1	4	6	2049
14	1	2	14	1	3	0	2049
14	1	2	14	1	4	10	2049
14	1	3	14	1	4	10	2049
15	1	1	15	1	2	64	1978
15	1	1	15	1	3	81	1978
15	1	1	15	1	4	50	1978
15	1	2	15	1	3	60	1978
15	1	2	15	1	4	62	1978
15	1	3	15	1	4	62	1978
16	1	1	16	1	2	0	1728
16	1	1	16	1	3	0	1728
16	1	1	16	1	4	0	1728
16	1	2	16	1	3	0	1728
16	1	2	16	1	4	0	1728
16	1	3	16	1	4	0	1728
17	1	1	17	1	2	0	1737
17	1	1	17	1	3	1	1737
17	1	1	17	1	4	1	1737
17	1	2	17	1	3	1	1737
17	1	2	17	1	4	1	1737
17	1	3	17	1	4	0	1737
17	2	1	17	2	2	0	2026
17	2	1	17	2	3	2	2026
17	2	1	17	2	4	2	2026
17	2	2	17	2	3	2	2026
17	2	2	17	2	4	2	2026
17	2	3	17	2	4	0	2026
18	1	1	18	1	2	0	1393
18	1	1	18	1	3	1	1393
18	1	1	18	1	4	1	1393
18	1	2	18	1	3	1	1393
18	1	2	18	1	4	1	1393
18	1	3	18	1	4	0	1393
19	1	1	19	1	2	1	2046
19	1	1	19	1	3	4	2046
19	1	1	19	1	4	5	2046
19	1	2	19	1	3	5	2046
19	1	2	19	1	4	4	2046
19	1	3	19	1	4	1	2046
19	2	1	19	2	2	0	1799
19	2	1	19	2	3	1	1799
19	2	1	19	2	4	1	1799
19	2	2	19	2	3	1	1799
19	2	2	19	2	4	1	1799
19	2	3	19	2	4	0	1799
19	3	1	19	3	2	1	1724
19	3	1	19	3	3	1	1724
19	3	1	19	3	4	1	1724
19	3	2	19	3	3	0	1724
19	3	2	19	3	4	0	1724
19	3	3	19	3	4	0	1724
19	4	1	19	4	2	0	1728
19	4	1	19	4	3	0	1728
19	4	1	19	4	4	0	1728
19	4	2	19	4	3	0	1728
19	4	2	19	4	4	0	1728
19	4	3	19	4	4	0	1728
19	5	1	19	5	2	0	1123
19	5	1	19	5	3	1	1123
19	5	1	19	5	4	1	1123
19	5	2	19	5	3	1	1123
19	5	2	19	5	4	1	1123
19	5	3	19	5	4	0	1123
19	6	1	19	6	2	3	1623
19	6	1	19	6	3	3	1623
19	6	1	19	6	4	1	1623
19	6	2	19	6	3	3	1623
19	6	2	19	6	4	4	1623
19	6	3	19	6	4	2	1623
19	7	1	19	7	2	0	829
19	7	1	19	7	3	0	829
19	7	1	19	7	4	0	829
19	7	2	19	7	3	0	829
19	7	2	19	7	4	0	829
19	7	3	19	7	4	0	829
19	8	1	19	8	2	0	665
19	8	1	19	8	3	0	665
19	8	1	19	8	4	0	665
19	8	2	19	8	3	0	665
19	8	2	19	8	4	0	665
19	8	3	19	8	4	0	665
20	1	1	20	1	2	1	1683
20	1	1	20	1	3	1	1683
20	1	1	20	1	4	1	1683
20	1	2	20	1	3	1	1683
20	1	2	20	1	4	1	1683
20	1	3	20	1	4	0	1683
20	2	1	20	2	2	0	1641
20	2	1	20	2	3	0	1641
20	2	1	20	2	4	0	1641
20	2	2	20	2	3	0	1641
20	2	2	20	2	4	0	1641
20	2	3	20	2	4	0	1641
20	3	1	20	3	2	0	1036
20	3	1	20	3	3	6	1036
20	3	1	20	3	4	6	1036
20	3	2	20	3	3	6	1036
20	3	2	20	3	4	6	1036
20	3	3	20	3	4	0	1036
21	1	1	21	1	2	0	1313
21	1	1	21	1	3	0	1313
21	1	1	21	1	4	0	1313
21	1	2	21	1	3	0	1313
21	1	2	21	1	4	0	1313
21	1	3	21	1	4	0	1313
22	1	1	22	1	2	2	1879
22	1	1	22	1	3	5	1879
22	1	1	22	1	4	4	1879
22	1	2	22	1	3	7	1879
22	1	2	22	1	4	2	1879
22	1	3	22	1	4	5	1879
23	1	1	23	1	2	26	2475
23	1	1	23	1	3	25	2475
23	1	1	23	1	4	31	2475
23	1	2	23	1	3	20	2475
23	1	2	23	1	4	22	2475
23	1	3	23	1	4	20	2475
24	1	1	24	1	2	0	1891
24	1	1	24	1	3	10	1891
24	1	1	24	1	4	10	1891
24	1	2	24	1	3	10	1891
24	1	2	24	1	4	10	1891
24	1	3	24	1	4	0	1891
25	1	1	25	1	2	0	1230
25	1	1	25	1	3	0	1230
25	1	1	25	1	4	0	1230
25	1	2	25	1	3	0	1230
25	1	2	25	1	4	0	1230
25	1	3	25	1	4	0	1230
25	2	1	25	2	2	0	360
25	2	1	25	2	3	0	360
25	2	1	25	2	4	0	360
25	2	2	25	2	3	0	360
25	2	2	25	2	4	0	360
25	2	3	25	2	4	0	360
26	1	1	26	1	2	0	1481
26	1	1	26	1	3	0	1481
26	1	1	26	1	4	0	1481
26	1	2	26	1	3	0	1481
26	1	2	26	1	4	0	1481
26	1	3	26	1	4	0	1481
27	1	1	27	1	2	0	1393
27	1	1	27	1	3	0	1393
27	1	1	27	1	4	0	1393
27	1	2	27	1	3	0	1393
27	1	2	27	1	4	0	1393
27	1	3	27	1	4	0	1393
28	1	1	28	1	2	0	1840
28	1	1	28	1	3	0	1840
28	1	1	28	1	4	0	1840
28	1	2	28	1	3	0	1840
28	1	2	28	1	4	0	1840
28	1	3	28	1	4	0	1840
29	1	1	29	1	2	0	2009
29	1	1	29	1	3	0	2009
29	1	1	29	1	4	0	2009
29	1	2	29	1	3	0	2009
29	1	2	29	1	4	0	2009
29	1	3	29	1	4	0	2009
30	1	1	30	1	2	0	868
30	1	1	30	1	3	0	868
30	1	1	30	1	4	0	868
30	1	2	30	1	3	0	868
30	1	2	30	1	4	0	868
30	1	3	30	1	4	0	868
31	1	1	31	1	2	5	1788
31	1	1	31	1	3	1	1788
31	1	1	31	1	4	6	1788
31	1	2	31	1	3	6	1788
31	1	2	31	1	4	3	1788
31	1	3	31	1	4	5	1788
32	1	1	32	1	2	0	1662
32	1	1	32	1	3	0	1662
32	1	1	32	1	4	0	1662
32	1	2	32	1	3	0	1662
32	1	2	32	1	4	0	1662
32	1	3	32	1	4	0	1662
33	1	1	33	1	2	0	1030
33	1	1	33	1	3	0	1030
33	1	1	33	1	4	0	1030
33	1	2	33	1	3	0	1030
33	1	2	33	1	4	0	1030
33	1	3	33	1	4	0	1030
33	2	1	33	2	2	1	1536
33	2	1	33	2	3	1	1536
33	2	1	33	2	4	1	1536
33	2	2	33	2	3	0	1536
33	2	2	33	2	4	0	1536
33	2	3	33	2	4	0	1536
34	1	1	34	1	2	3	1779
34	1	1	34	1	3	4	1779
34	1	1	34	1	4	5	1779
34	1	2	34	1	3	1	1779
34	1	2	34	1	4	8	1779
34	1	3	34	1	4	7	1779
35	1	1	35	1	2	0	1897
35	1	1	35	1	3	0	1897
35	1	1	35	1	4	0	1897
35	1	2	35	1	3	0	1897
35	1	2	35	1	4	0	1897
35	1	3	35	1	4	0	1897
36	1	1	36	1	2	3	2091
36	1	1	36	1	3	12	2091
36	1	1	36	1	4	12	2091
36	1	2	36	1	3	13	2091
36	1	2	36	1	4	13	2091
36	1	3	36	1	4	1	2091
37	1	1	37	1	2	0	1225
37	1	1	37	1	3	0	1225
37	1	1	37	1	4	1	1225
37	1	2	37	1	3	0	1225
37	1	2	37	1	4	1	1225
37	1	3	37	1	4	1	1225
38	1	1	38	1	2	1	1481
38	1	1	38	1	3	1	1481
38	1	1	38	1	4	1	1481
38	1	2	38	1	3	0	1481
38	1	2	38	1	4	1	1481
38	1	3	38	1	4	1	1481
39	1	1	39	1	2	1	1934
39	1	1	39	1	3	1	1934
39	1	1	39	1	4	2	1934
39	1	2	39	1	3	2	1934
39	1	2	39	1	4	1	1934
39	1	3	39	1	4	1	1934
40	1	1	40	1	2	2	1954
40	1	1	40	1	3	2	1954
40	1	1	40	1	4	3	1954
40	1	2	40	1	3	0	1954
40	1	2	40	1	4	5	1954
40	1	3	40	1	4	5	1954
40	2	1	40	2	2	0	963
40	2	1	40	2	3	0	963
40	2	1	40	2	4	0	963
40	2	2	40	2	3	0	963
40	2	2	40	2	4	0	963
40	2	3	40	2	4	0	963
40	3	1	40	3	2	0	861
40	3	1	40	3	3	0	861
40	3	1	40	3	4	0	861
40	3	2	40	3	3	0	861
40	3	2	40	3	4	0	861
40	3	3	40	3	4	0	861
40	4	1	40	4	2	0	1819
40	4	1	40	4	3	3	1819
40	4	1	40	4	4	3	1819
40	4	2	40	4	3	3	1819
40	4	2	40	4	4	3	1819
40	4	3	40	4	4	0	1819
41	1	1	41	1	2	0	1640
41	1	1	41	1	3	1	1640
41	1	1	41	1	4	1	1640
41	1	2	41	1	3	1	1640
41	1	2	41	1	4	1	1640
41	1	3	41	1	4	0	1640
42	1	1	42	1	2	52	2425
42	1	1	42	1	3	54	2425
42	1	1	42	1	4	60	2425
42	1	2	42	1	3	69	2425
42	1	2	42	1	4	55	2425
42	1	3	42	1	4	47	2425
42	2	1	42	2	2	0	756
42	2	1	42	2	3	0	756
42	2	1	42	2	4	0	756
42	2	2	42	2	3	0	756
42	2	2	42	2	4	0	756
42	2	3	42	2	4	0	756
43	1	1	43	1	2	12	1969
43	1	1	43	1	3	11	1969
43	1	1	43	1	4	10	1969
43	1	2	43	1	3	7	1969
43	1	2	43	1	4	9	1969
43	1	3	43	1	4	10	1969
43	2	1	43	2	2	0	758
43	2	1	43	2	3	0	758
43	2	1	43	2	4	0	758
43	2	2	43	2	3	0	758
43	2	2	43	2	4	0	758
43	2	3	43	2	4	0	758
43	3	1	43	3	2	0	958
43	3	1	43	3	3	1	958
43	3	1	43	3	4	1	958
43	3	2	43	3	3	1	958
43	3	2	43	3	4	1	958
43	3	3	43	3	4	0	958
44	1	1	44	1	2	0	1883
44	1	1	44	1	3	0	1883
44	1	1	44	1	4	0	1883
44	1	2	44	1	3	0	1883
44	1	2	44	1	4	0	1883
44	1	3	44	1	4	0	1883
44	2	1	44	2	2	0	579
44	2	1	44	2	3	1	579
44	2	1	44	2	4	1	579
44	2	2	44	2	3	1	579
44	2	2	44	2	4	1	579
44	2	3	44	2	4	0	579
46	1	1	46	1	2	0	1924
46	1	1	46	1	3	1	1924
46	1	1	46	1	4	1	1924
46	1	2	46	1	3	1	1924
46	1	2	46	1	4	1	1924
46	1	3	46	1	4	0	1924
47	1	1	47	1	2	0	1808
47	1	1	47	1	3	0	1808
47	1	1	47	1	4	0	1808
47	1	2	47	1	3	0	1808
47	1	2	47	1	4	0	1808
47	1	3	47	1	4	0	1808
48	1	1	48	1	2	0	1666
48	1	1	48	1	3	1	1666
48	1	1	48	1	4	1	1666
48	1	2	48	1	3	1	1666
48	1	2	48	1	4	1	1666
48	1	3	48	1	4	0	1666
49	1	1	49	1	2	0	1993
49	1	1	49	1	3	6	1993
49	1	1	49	1	4	6	1993
49	1	2	49	1	3	6	1993
49	1	2	49	1	4	6	1993
49	1	3	49	1	4	2	1993
50	1	1	50	1	2	0	1854
50	1	1	50	1	3	1	1854
50	1	1	50	1	4	1	1854
50	1	2	50	1	3	1	1854
50	1	2	50	1	4	1	1854
50	1	3	50	1	4	0	1854
51	1	1	51	1	2	3	1859
51	1	1	51	1	3	9	1859
51	1	1	51	1	4	8	1859
51	1	2	51	1	3	11	1859
51	1	2	51	1	4	5	1859
51	1	3	51	1	4	6	1859
52	1	1	52	1	2	0	1894
52	1	1	52	1	3	1	1894
52	1	1	52	1	4	1	1894
52	1	2	52	1	3	1	1894
52	1	2	52	1	4	1	1894
52	1	3	52	1	4	0	1894
54	1	1	54	1	2	203	2070
54	1	1	54	1	3	211	2070
54	1	1	54	1	4	209	2070
54	1	2	54	1	3	198	2070
54	1	2	54	1	4	212	2070
54	1	3	54	1	4	209	2070
55	1	1	55	1	2	0	1789
55	1	1	55	1	3	0	1789
55	1	1	55	1	4	0	1789
55	1	2	55	1	3	0	1789
55	1	2	55	1	4	0	1789
55	1	3	55	1	4	0	1789
55	2	1	55	2	2	0	1165
55	2	1	55	2	3	0	1165
55	2	1	55	2	4	0	1165
55	2	2	55	2	3	0	1165
55	2	2	55	2	4	0	1165
55	2	3	55	2	4	0	1165
56	1	1	56	1	2	6	2067
56	1	1	56	1	3	5	2067
56	1	1	56	1	4	7	2067
56	1	2	56	1	3	8	2067
56	1	2	56	1	4	5	2067
56	1	3	56	1	4	8	2067
57	1	1	57	1	2	302	2113
57	1	1	57	1	3	295	2113
57	1	1	57	1	4	300	2113
57	1	2	57	1	3	306	2113
57	1	2	57	1	4	297	2113
57	1	3	57	1	4	296	2113
58	1	1	58	1	2	0	1769
58	1	1	58	1	3	1	1769
58	1	1	58	1	4	1	1769
58	1	2	58	1	3	1	1769
58	1	2	58	1	4	1	1769
58	1	3	58	1	4	0	1769
60	1	1	60	1	2	0	1945
60	1	1	60	1	3	0	1945
60	1	1	60	1	4	0	1945
60	1	2	60	1	3	0	1945
60	1	2	60	1	4	0	1945
60	1	3	60	1	4	0	1945
61	1	1	61	1	2	0	2058
61	1	1	61	1	3	0	2058
61	1	1	61	1	4	0	2058
61	1	2	61	1	3	0	2058
61	1	2	61	1	4	0	2058
61	1	3	61	1	4	0	2058
62	1	1	62	1	2	3	1899
62	1	1	62	1	3	3	1899
62	1	1	62	1	4	3	1899
62	1	2	62	1	3	0	1899
62	1	2	62	1	4	0	1899
62	1	3	62	1	4	0	1899
63	1	1	63	1	2	1	2120
63	1	1	63	1	3	1	2120
63	1	1	63	1	4	2	2120
63	1	2	63	1	3	2	2120
63	1	2	63	1	4	1	2120
63	1	3	63	1	4	1	2120
64	1	1	64	1	2	0	2050
64	1	1	64	1	3	0	2050
64	1	1	64	1	4	0	2050
64	1	2	64	1	3	0	2050
64	1	2	64	1	4	0	2050
64	1	3	64	1	4	0	2050
65	1	1	65	1	2	0	2068
65	1	1	65	1	3	2	2068
65	1	1	65	1	4	2	2068
65	1	2	65	1	3	2	2068
65	1	2	65	1	4	2	2068
65	1	3	65	1	4	0	2068
65	2	1	65	2	2	0	665
65	2	1	65	2	3	1	665
65	2	1	65	2	4	1	665
65	2	2	65	2	3	1	665
65	2	2	65	2	4	1	665
65	2	3	65	2	4	0	665
65	3	1	65	3	2	0	200
65	3	1	65	3	3	0	200
65	3	1	65	3	4	0	200
65	3	2	65	3	3	0	200
65	3	2	65	3	4	0	200
65	3	3	65	3	4	0	200
66	1	1	66	1	2	0	976
66	1	1	66	1	3	0	976
66	1	1	66	1	4	0	976
66	1	2	66	1	3	0	976
66	1	2	66	1	4	0	976
66	1	3	66	1	4	0	976
67	1	1	67	1	2	0	2021
67	1	1	67	1	3	0	2021
67	1	1	67	1	4	0	2021
67	1	2	67	1	3	0	2021
67	1	2	67	1	4	0	2021
67	1	3	67	1	4	0	2021
68	1	1	68	1	2	0	1545
68	1	1	68	1	3	1	1545
68	1	1	68	1	4	1	1545
68	1	2	68	1	3	1	1545
68	1	2	68	1	4	1	1545
68	1	3	68	1	4	0	1545
68	2	1	68	2	2	0	1570
68	2	1	68	2	3	1	1570
68	2	1	68	2	4	1	1570
68	2	2	68	2	3	1	1570
68	2	2	68	2	4	1	1570
68	2	3	68	2	4	0	1570
69	1	1	69	1	2	0	1885
69	1	1	69	1	3	0	1885
69	1	1	69	1	4	0	1885
69	1	2	69	1	3	0	1885
69	1	2	69	1	4	0	1885
69	1	3	69	1	4	0	1885
69	2	1	69	2	2	0	1386
69	2	1	69	2	3	0	1386
69	2	1	69	2	4	0	1386
69	2	2	69	2	3	0	1386
69	2	2	69	2	4	0	1386
69	2	3	69	2	4	0	1386
69	3	1	69	3	2	0	1147
69	3	1	69	3	3	0	1147
69	3	1	69	3	4	0	1147
69	3	2	69	3	3	0	1147
69	3	2	69	3	4	0	1147
69	3	3	69	3	4	0	1147
70	1	1	70	1	2	1	1130
70	1	1	70	1	3	1	1130
70	1	1	70	1	4	1	1130
70	1	2	70	1	3	0	1130
70	1	2	70	1	4	0	1130
70	1	3	70	1	4	0	1130
71	1	1	71	1	2	0	1249
71	1	1	71	1	3	0	1249
71	1	1	71	1	4	0	1249
71	1	2	71	1	3	0	1249
71	1	2	71	1	4	0	1249
71	1	3	71	1	4	0	1249
72	1	1	72	1	2	0	1671
72	1	1	72	1	3	0	1671
72	1	1	72	1	4	0	1671
72	1	2	72	1	3	0	1671
72	1	2	72	1	4	0	1671
72	1	3	72	1	4	0	1671
73	1	1	73	1	2	0	1903
73	1	1	73	1	3	0	1903
73	1	1	73	1	4	0	1903
73	1	2	73	1	3	0	1903
73	1	2	73	1	4	0	1903
73	1	3	73	1	4	0	1903
74	1	1	74	1	2	0	657
74	1	1	74	1	3	0	657
74	1	1	74	1	4	0	657
74	1	2	74	1	3	0	657
74	1	2	74	1	4	0	657
74	1	3	74	1	4	0	657
74	2	1	74	2	2	0	659
74	2	1	74	2	3	0	659
74	2	1	74	2	4	0	659
74	2	2	74	2	3	0	659
74	2	2	74	2	4	0	659
74	2	3	74	2	4	0	659
75	1	1	75	1	2	19	1886
75	1	1	75	1	3	16	1886
75	1	1	75	1	4	19	1886
75	1	2	75	1	3	13	1886
75	1	2	75	1	4	15	1886
75	1	3	75	1	4	13	1886
75	2	1	75	2	2	0	1113
75	2	1	75	2	3	0	1113
75	2	1	75	2	4	0	1113
75	2	2	75	2	3	0	1113
75	2	2	75	2	4	0	1113
75	2	3	75	2	4	0	1113
75	3	1	75	3	2	0	785
75	3	1	75	3	3	0	785
75	3	1	75	3	4	0	785
75	3	2	75	3	3	0	785
75	3	2	75	3	4	0	785
75	3	3	75	3	4	0	785
76	1	1	76	1	2	0	1966
76	1	1	76	1	3	0	1966
76	1	1	76	1	4	0	1966
76	1	2	76	1	3	0	1966
76	1	2	76	1	4	0	1966
76	1	3	76	1	4	0	1966
78	1	1	78	1	2	0	1653
78	1	1	78	1	3	3	1653
78	1	1	78	1	4	3	1653
78	1	2	78	1	3	3	1653
78	1	2	78	1	4	3	1653
78	1	3	78	1	4	0	1653
78	2	1	78	2	2	0	586
78	2	1	78	2	3	1	586
78	2	1	78	2	4	1	586
78	2	2	78	2	3	1	586
78	2	2	78	2	4	1	586
78	2	3	78	2	4	0	586
80	1	1	80	1	2	0	1174
80	1	1	80	1	3	0	1174
80	1	1	80	1	4	0	1174
80	1	2	80	1	3	0	1174
80	1	2	80	1	4	0	1174
80	1	3	80	1	4	0	1174
81	1	1	81	1	2	0	1894
81	1	1	81	1	3	1	1894
81	1	1	81	1	4	1	1894
81	1	2	81	1	3	1	1894
81	1	2	81	1	4	1	1894
81	1	3	81	1	4	0	1894
82	1	1	82	1	2	26	1695
82	1	1	82	1	3	26	1695
82	1	1	82	1	4	25	1695
82	1	2	82	1	3	25	1695
82	1	2	82	1	4	29	1695
82	1	3	82	1	4	32	1695
83	1	1	83	1	2	0	1411
83	1	1	83	1	3	0	1411
83	1	1	83	1	4	0	1411
83	1	2	83	1	3	0	1411
83	1	2	83	1	4	0	1411
83	1	3	83	1	4	0	1411
84	1	1	84	1	2	2	2062
84	1	1	84	1	3	3	2062
84	1	1	84	1	4	5	2062
84	1	2	84	1	3	5	2062
84	1	2	84	1	4	3	2062
84	1	3	84	1	4	2	2062
84	2	1	84	2	2	0	1359
84	2	1	84	2	3	1	1359
84	2	1	84	2	4	1	1359
84	2	2	84	2	3	1	1359
84	2	2	84	2	4	1	1359
84	2	3	84	2	4	0	1359
84	3	1	84	3	2	0	869
84	3	1	84	3	3	1	869
84	3	1	84	3	4	1	869
84	3	2	84	3	3	1	869
84	3	2	84	3	4	1	869
84	3	3	84	3	4	0	869
85	1	1	85	1	2	0	1491
85	1	1	85	1	3	6	1491
85	1	1	85	1	4	6	1491
85	1	2	85	1	3	6	1491
85	1	2	85	1	4	6	1491
85	1	3	85	1	4	0	1491
86	1	1	86	1	2	3	1943
86	1	1	86	1	3	3	1943
86	1	1	86	1	4	6	1943
86	1	2	86	1	3	6	1943
86	1	2	86	1	4	3	1943
86	1	3	86	1	4	3	1943
88	1	1	88	1	2	24	1150
88	1	1	88	1	3	31	1150
88	1	1	88	1	4	23	1150
88	1	2	88	1	3	22	1150
88	1	2	88	1	4	20	1150
88	1	3	88	1	4	23	1150
88	2	1	88	2	2	0	1082
88	2	1	88	2	3	0	1082
88	2	1	88	2	4	0	1082
88	2	2	88	2	3	0	1082
88	2	2	88	2	4	0	1082
88	2	3	88	2	4	0	1082
88	3	1	88	3	2	0	599
88	3	1	88	3	3	0	599
88	3	1	88	3	4	0	599
88	3	2	88	3	3	0	599
88	3	2	88	3	4	0	599
88	3	3	88	3	4	0	599
88	4	1	88	4	2	0	688
88	4	1	88	4	3	2	688
88	4	1	88	4	4	2	688
88	4	2	88	4	3	2	688
88	4	2	88	4	4	2	688
88	4	3	88	4	4	0	688
88	5	1	88	5	2	0	368
88	5	1	88	5	3	0	368
88	5	1	88	5	4	0	368
88	5	2	88	5	3	0	368
88	5	2	88	5	4	0	368
88	5	3	88	5	4	0	368
88	6	1	88	6	2	0	563
88	6	1	88	6	3	0	563
88	6	1	88	6	4	0	563
88	6	2	88	6	3	0	563
88	6	2	88	6	4	0	563
88	6	3	88	6	4	0	563
88	7	1	88	7	2	0	438
88	7	1	88	7	3	0	438
88	7	1	88	7	4	0	438
88	7	2	88	7	3	0	438
88	7	2	88	7	4	0	438
88	7	3	88	7	4	0	438
89	1	1	89	1	2	0	1254
89	1	1	89	1	3	0	1254
89	1	1	89	1	4	0	1254
89	1	2	89	1	3	0	1254
89	1	2	89	1	4	0	1254
89	1	3	89	1	4	0	1254
90	1	1	90	1	2	0	1983
90	1	1	90	1	3	0	1983
90	1	1	90	1	4	0	1983
90	1	2	90	1	3	0	1983
90	1	2	90	1	4	0	1983
90	1	3	90	1	4	0	1983
91	1	1	91	1	2	0	2011
91	1	1	91	1	3	3	2011
91	1	1	91	1	4	2	2011
91	1	2	91	1	3	3	2011
91	1	2	91	1	4	2	2011
91	1	3	91	1	4	1	2011
92	1	1	92	1	2	97	2203
92	1	1	92	1	3	116	2203
92	1	1	92	1	4	113	2203
92	1	2	92	1	3	107	2203
92	1	2	92	1	4	104	2203
92	1	3	92	1	4	109	2203
93	1	1	93	1	2	0	1758
93	1	1	93	1	3	0	1758
93	1	1	93	1	4	0	1758
93	1	2	93	1	3	0	1758
93	1	2	93	1	4	0	1758
93	1	3	93	1	4	0	1758
94	1	1	94	1	2	7	1768
94	1	1	94	1	3	15	1768
94	1	1	94	1	4	16	1768
94	1	2	94	1	3	12	1768
94	1	2	94	1	4	18	1768
94	1	3	94	1	4	9	1768
95	1	1	95	1	2	0	1930
95	1	1	95	1	3	1	1930
95	1	1	95	1	4	1	1930
95	1	2	95	1	3	1	1930
95	1	2	95	1	4	1	1930
95	1	3	95	1	4	0	1930
96	1	1	96	1	2	0	1694
96	1	1	96	1	3	1	1694
96	1	1	96	1	4	1	1694
96	1	2	96	1	3	1	1694
96	1	2	96	1	4	1	1694
96	1	3	96	1	4	0	1694
96	2	1	96	2	2	0	1003
96	2	1	96	2	3	0	1003
96	2	1	96	2	4	0	1003
96	2	2	96	2	3	0	1003
96	2	2	96	2	4	0	1003
96	2	3	96	2	4	0	1003
98	1	1	98	1	2	0	2083
98	1	1	98	1	3	1	2083
98	1	1	98	1	4	1	2083
98	1	2	98	1	3	1	2083
98	1	2	98	1	4	1	2083
98	1	3	98	1	4	0	2083
98	2	1	98	2	2	0	817
98	2	1	98	2	3	0	817
98	2	1	98	2	4	0	817
98	2	2	98	2	3	0	817
98	2	2	98	2	4	0	817
98	2	3	98	2	4	0	817
99	1	1	99	1	2	0	1724
99	1	1	99	1	3	0	1724
99	1	1	99	1	4	0	1724
99	1	2	99	1	3	0	1724
99	1	2	99	1	4	0	1724
99	1	3	99	1	4	0	1724
100	1	1	100	1	2	0	1968
100	1	1	100	1	3	1	1968
100	1	1	100	1	4	1	1968
100	1	2	100	1	3	1	1968
100	1	2	100	1	4	1	1968
100	1	3	100	1	4	0	1968
101	1	1	101	1	2	0	2002
101	1	1	101	1	3	0	2002
101	1	1	101	1	4	0	2002
101	1	2	101	1	3	0	2002
101	1	2	101	1	4	0	2002
101	1	3	101	1	4	0	2002
102	1	1	102	1	2	0	2130
102	1	1	102	1	3	3	2130
102	1	1	102	1	4	3	2130
102	1	2	102	1	3	3	2130
102	1	2	102	1	4	3	2130
102	1	3	102	1	4	0	2130
103	1	1	103	1	2	0	1615
103	1	1	103	1	3	0	1615
103	1	1	103	1	4	0	1615
103	1	2	103	1	3	0	1615
103	1	2	103	1	4	0	1615
103	1	3	103	1	4	0	1615
104	1	1	104	1	2	2	1659
104	1	1	104	1	3	3	1659
104	1	1	104	1	4	2	1659
104	1	2	104	1	3	3	1659
104	1	2	104	1	4	4	1659
104	1	3	104	1	4	1	1659
104	2	1	104	2	2	0	921
104	2	1	104	2	3	0	921
104	2	1	104	2	4	0	921
104	2	2	104	2	3	0	921
104	2	2	104	2	4	0	921
104	2	3	104	2	4	0	921
105	1	1	105	1	2	162	1669
105	1	1	105	1	3	193	1669
105	1	1	105	1	4	153	1669
105	1	2	105	1	3	151	1669
105	1	2	105	1	4	145	1669
105	1	3	105	1	4	154	1669
107	1	1	107	1	2	0	1409
107	1	1	107	1	3	2	1409
107	1	1	107	1	4	7	1409
107	1	2	107	1	3	2	1409
107	1	2	107	1	4	7	1409
107	1	3	107	1	4	5	1409
108	1	1	108	1	2	69	1240
108	1	1	108	1	3	82	1240
108	1	1	108	1	4	78	1240
108	1	2	108	1	3	97	1240
108	1	2	108	1	4	34	1240
108	1	3	108	1	4	76	1240
108	2	1	108	2	2	0	974
108	2	1	108	2	3	2	974
108	2	1	108	2	4	2	974
108	2	2	108	2	3	2	974
108	2	2	108	2	4	2	974
108	2	3	108	2	4	0	974
109	1	1	109	1	2	0	1507
109	1	1	109	1	3	2	1507
109	1	1	109	1	4	2	1507
109	1	2	109	1	3	2	1507
109	1	2	109	1	4	2	1507
109	1	3	109	1	4	0	1507
110	1	1	110	1	2	3	1961
110	1	1	110	1	3	3	1961
110	1	1	110	1	4	4	1961
110	1	2	110	1	3	6	1961
110	1	2	110	1	4	5	1961
110	1	3	110	1	4	2	1961
111	1	1	111	1	2	0	1279
111	1	1	111	1	3	1	1279
111	1	1	111	1	4	1	1279
111	1	2	111	1	3	1	1279
111	1	2	111	1	4	1	1279
111	1	3	111	1	4	0	1279
112	1	1	112	1	2	0	1785
112	1	1	112	1	3	0	1785
112	1	1	112	1	4	0	1785
112	1	2	112	1	3	0	1785
112	1	2	112	1	4	0	1785
112	1	3	112	1	4	0	1785
113	1	1	113	1	2	0	1102
113	1	1	113	1	3	1	1102
113	1	1	113	1	4	1	1102
113	1	2	113	1	3	1	1102
113	1	2	113	1	4	1	1102
113	1	3	113	1	4	0	1102
114	1	1	114	1	2	9	1669
114	1	1	114	1	3	9	1669
114	1	1	114	1	4	14	1669
114	1	2	114	1	3	5	1669
114	1	2	114	1	4	11	1669
114	1	3	114	1	4	12	1669
115	1	1	115	1	2	2	1757
115	1	1	115	1	3	5	1757
115	1	1	115	1	4	7	1757
115	1	2	115	1	3	7	1757
115	1	2	115	1	4	5	1757
115	1	3	115	1	4	2	1757
118	1	1	118	1	2	0	2068
118	1	1	118	1	3	1	2068
118	1	1	118	1	4	1	2068
118	1	2	118	1	3	1	2068
118	1	2	118	1	4	1	2068
118	1	3	118	1	4	0	2068
119	1	1	119	1	2	4	1926
119	1	1	119	1	3	1	1926
119	1	1	119	1	4	5	1926
119	1	2	119	1	3	5	1926
119	1	2	119	1	4	1	1926
119	1	3	119	1	4	4	1926
121	1	1	121	1	2	1	1536
121	1	1	121	1	3	1	1536
121	1	1	121	1	4	4	1536
121	1	2	121	1	3	2	1536
121	1	2	121	1	4	3	1536
121	1	3	121	1	4	3	1536
122	1	1	122	1	2	0	1961
122	1	1	122	1	3	8	1961
122	1	1	122	1	4	8	1961
122	1	2	122	1	3	8	1961
122	1	2	122	1	4	8	1961
122	1	3	122	1	4	0	1961
123	1	1	123	1	2	0	1504
123	1	1	123	1	3	1	1504
123	1	1	123	1	4	2	1504
123	1	2	123	1	3	1	1504
123	1	2	123	1	4	2	1504
123	1	3	123	1	4	1	1504
124	1	1	124	1	2	0	2099
124	1	1	124	1	3	6	2099
124	1	1	124	1	4	6	2099
124	1	2	124	1	3	6	2099
124	1	2	124	1	4	6	2099
124	1	3	124	1	4	0	2099
125	1	1	125	1	2	4	2005
125	1	1	125	1	3	7	2005
125	1	1	125	1	4	6	2005
125	1	2	125	1	3	5	2005
125	1	2	125	1	4	4	2005
125	1	3	125	1	4	5	2005
126	1	1	126	1	2	1	2569
126	1	1	126	1	3	2	2569
126	1	1	126	1	4	3	2569
126	1	2	126	1	3	3	2569
126	1	2	126	1	4	2	2569
126	1	3	126	1	4	1	2569
127	1	1	127	1	2	1	1534
127	1	1	127	1	3	2	1534
127	1	1	127	1	4	7	1534
127	1	2	127	1	3	1	1534
127	1	2	127	1	4	8	1534
127	1	3	127	1	4	7	1534
128	1	1	128	1	2	0	2005
128	1	1	128	1	3	0	2005
128	1	1	128	1	4	0	2005
128	1	2	128	1	3	0	2005
128	1	2	128	1	4	0	2005
128	1	3	128	1	4	0	2005
129	1	1	129	1	2	5	1793
129	1	1	129	1	3	7	1793
129	1	1	129	1	4	9	1793
129	1	2	129	1	3	8	1793
129	1	2	129	1	4	6	1793
129	1	3	129	1	4	2	1793
130	1	1	130	1	2	0	2363
130	1	1	130	1	3	1	2363
130	1	1	130	1	4	1	2363
130	1	2	130	1	3	1	2363
130	1	2	130	1	4	1	2363
130	1	3	130	1	4	0	2363
131	1	1	131	1	2	0	1554
131	1	1	131	1	3	4	1554
131	1	1	131	1	4	5	1554
131	1	2	131	1	3	4	1554
131	1	2	131	1	4	5	1554
131	1	3	131	1	4	1	1554
132	1	1	132	1	2	0	1312
132	1	1	132	1	3	8	1312
132	1	1	132	1	4	8	1312
132	1	2	132	1	3	8	1312
132	1	2	132	1	4	8	1312
132	1	3	132	1	4	0	1312
133	1	1	133	1	2	0	1276
133	1	1	133	1	3	0	1276
133	1	1	133	1	4	0	1276
133	1	2	133	1	3	0	1276
133	1	2	133	1	4	0	1276
133	1	3	133	1	4	0	1276
135	1	1	135	1	2	5	2229
135	1	1	135	1	3	4	2229
135	1	1	135	1	4	6	2229
135	1	2	135	1	3	3	2229
135	1	2	135	1	4	1	2229
135	1	3	135	1	4	2	2229
136	1	1	136	1	2	0	1612
136	1	1	136	1	3	0	1612
136	1	1	136	1	4	0	1612
136	1	2	136	1	3	0	1612
136	1	2	136	1	4	0	1612
136	1	3	136	1	4	0	1612
137	1	1	137	1	2	0	1703
137	1	1	137	1	3	3	1703
137	1	1	137	1	4	3	1703
137	1	2	137	1	3	3	1703
137	1	2	137	1	4	3	1703
137	1	3	137	1	4	0	1703
137	2	1	137	2	2	0	1385
137	2	1	137	2	3	1	1385
137	2	1	137	2	4	1	1385
137	2	2	137	2	3	1	1385
137	2	2	137	2	4	1	1385
137	2	3	137	2	4	0	1385
140	1	1	140	1	2	40	1633
140	1	1	140	1	3	42	1633
140	1	1	140	1	4	48	1633
140	1	2	140	1	3	51	1633
140	1	2	140	1	4	51	1633
140	1	3	140	1	4	44	1633
141	1	1	141	1	2	3	1897
141	1	1	141	1	3	3	1897
141	1	1	141	1	4	6	1897
141	1	2	141	1	3	6	1897
141	1	2	141	1	4	3	1897
141	1	3	141	1	4	3	1897
143	1	1	143	1	2	1	2001
143	1	1	143	1	3	1	2001
143	1	1	143	1	4	2	2001
143	1	2	143	1	3	2	2001
143	1	2	143	1	4	1	2001
143	1	3	143	1	4	1	2001
144	1	1	144	1	2	83	1814
144	1	1	144	1	3	65	1814
144	1	1	144	1	4	66	1814
144	1	2	144	1	3	72	1814
144	1	2	144	1	4	61	1814
144	1	3	144	1	4	62	1814
145	1	1	145	1	2	0	1948
145	1	1	145	1	3	1	1948
145	1	1	145	1	4	1	1948
145	1	2	145	1	3	1	1948
145	1	2	145	1	4	1	1948
145	1	3	145	1	4	0	1948
146	1	1	146	1	2	0	2296
146	1	1	146	1	3	4	2296
146	1	1	146	1	4	4	2296
146	1	2	146	1	3	4	2296
146	1	2	146	1	4	4	2296
146	1	3	146	1	4	0	2296
147	1	1	147	1	2	0	1010
147	1	1	147	1	3	1	1010
147	1	1	147	1	4	1	1010
147	1	2	147	1	3	1	1010
147	1	2	147	1	4	1	1010
147	1	3	147	1	4	0	1010
149	1	1	149	1	2	0	1139
149	1	1	149	1	3	0	1139
149	1	1	149	1	4	0	1139
149	1	2	149	1	3	0	1139
149	1	2	149	1	4	0	1139
149	1	3	149	1	4	0	1139
149	2	1	149	2	2	0	1048
149	2	1	149	2	3	0	1048
149	2	1	149	2	4	0	1048
149	2	2	149	2	3	0	1048
149	2	2	149	2	4	0	1048
149	2	3	149	2	4	0	1048
149	3	1	149	3	2	0	729
149	3	1	149	3	3	0	729
149	3	1	149	3	4	0	729
149	3	2	149	3	3	0	729
149	3	2	149	3	4	0	729
149	3	3	149	3	4	0	729
150	1	1	150	1	2	3	1662
150	1	1	150	1	3	6	1662
150	1	1	150	1	4	6	1662
150	1	2	150	1	3	4	1662
150	1	2	150	1	4	4	1662
150	1	3	150	1	4	0	1662
151	1	1	151	1	2	0	1853
151	1	1	151	1	3	2	1853
151	1	1	151	1	4	2	1853
151	1	2	151	1	3	2	1853
151	1	2	151	1	4	2	1853
151	1	3	151	1	4	0	1853
151	2	1	151	2	2	0	1192
151	2	1	151	2	3	1	1192
151	2	1	151	2	4	1	1192
151	2	2	151	2	3	1	1192
151	2	2	151	2	4	1	1192
151	2	3	151	2	4	0	1192
152	1	1	152	1	2	0	2103
152	1	1	152	1	3	1	2103
152	1	1	152	1	4	1	2103
152	1	2	152	1	3	1	2103
152	1	2	152	1	4	1	2103
152	1	3	152	1	4	0	2103
153	1	1	153	1	2	0	2219
153	1	1	153	1	3	1	2219
153	1	1	153	1	4	1	2219
153	1	2	153	1	3	1	2219
153	1	2	153	1	4	1	2219
153	1	3	153	1	4	0	2219
153	2	1	153	2	2	0	1921
153	2	1	153	2	3	9	1921
153	2	1	153	2	4	12	1921
153	2	2	153	2	3	9	1921
153	2	2	153	2	4	12	1921
153	2	3	153	2	4	3	1921
153	3	1	153	3	2	0	1208
153	3	1	153	3	3	1	1208
153	3	1	153	3	4	1	1208
153	3	2	153	3	3	1	1208
153	3	2	153	3	4	1	1208
153	3	3	153	3	4	1	1208
154	1	1	154	1	2	0	903
154	1	1	154	1	3	0	903
154	1	1	154	1	4	0	903
154	1	2	154	1	3	0	903
154	1	2	154	1	4	0	903
154	1	3	154	1	4	0	903
154	2	1	154	2	2	0	508
154	2	1	154	2	3	1	508
154	2	1	154	2	4	1	508
154	2	2	154	2	3	1	508
154	2	2	154	2	4	1	508
154	2	3	154	2	4	0	508
155	1	1	155	1	2	12	1454
155	1	1	155	1	3	18	1454
155	1	1	155	1	4	17	1454
155	1	2	155	1	3	18	1454
155	1	2	155	1	4	12	1454
155	1	3	155	1	4	16	1454
155	2	1	155	2	2	1	876
155	2	1	155	2	3	2	876
155	2	1	155	2	4	2	876
155	2	2	155	2	3	1	876
155	2	2	155	2	4	1	876
155	2	3	155	2	4	0	876
156	1	1	156	1	2	5	1727
156	1	1	156	1	3	4	1727
156	1	1	156	1	4	4	1727
156	1	2	156	1	3	3	1727
156	1	2	156	1	4	6	1727
156	1	3	156	1	4	5	1727
157	1	1	157	1	2	0	2068
157	1	1	157	1	3	1	2068
157	1	1	157	1	4	1	2068
157	1	2	157	1	3	1	2068
157	1	2	157	1	4	1	2068
157	1	3	157	1	4	0	2068
158	1	1	158	1	2	3	1913
158	1	1	158	1	3	4	1913
158	1	1	158	1	4	4	1913
158	1	2	158	1	3	1	1913
158	1	2	158	1	4	1	1913
158	1	3	158	1	4	0	1913
159	1	1	159	1	2	3	1907
159	1	1	159	1	3	5	1907
159	1	1	159	1	4	6	1907
159	1	2	159	1	3	8	1907
159	1	2	159	1	4	3	1907
159	1	3	159	1	4	5	1907
159	2	1	159	2	2	3	881
159	2	1	159	2	3	7	881
159	2	1	159	2	4	3	881
159	2	2	159	2	3	4	881
159	2	2	159	2	4	6	881
159	2	3	159	2	4	4	881
159	3	1	159	3	2	0	1018
159	3	1	159	3	3	0	1018
159	3	1	159	3	4	0	1018
159	3	2	159	3	3	0	1018
159	3	2	159	3	4	0	1018
159	3	3	159	3	4	0	1018
159	4	1	159	4	2	0	606
159	4	1	159	4	3	0	606
159	4	1	159	4	4	0	606
159	4	2	159	4	3	0	606
159	4	2	159	4	4	0	606
159	4	3	159	4	4	0	606
159	5	1	159	5	2	0	599
159	5	1	159	5	3	0	599
159	5	1	159	5	4	0	599
159	5	2	159	5	3	0	599
159	5	2	159	5	4	0	599
159	5	3	159	5	4	0	599
160	1	1	160	1	2	0	1799
160	1	1	160	1	3	1	1799
160	1	1	160	1	4	1	1799
160	1	2	160	1	3	1	1799
160	1	2	160	1	4	1	1799
160	1	3	160	1	4	0	1799
160	2	1	160	2	2	0	1887
160	2	1	160	2	3	0	1887
160	2	1	160	2	4	0	1887
160	2	2	160	2	3	0	1887
160	2	2	160	2	4	0	1887
160	2	3	160	2	4	0	1887
161	1	1	161	1	2	0	1924
161	1	1	161	1	3	0	1924
161	1	1	161	1	4	0	1924
161	1	2	161	1	3	0	1924
161	1	2	161	1	4	0	1924
161	1	3	161	1	4	0	1924
161	2	1	161	2	2	0	982
161	2	1	161	2	3	0	982
161	2	1	161	2	4	0	982
161	2	2	161	2	3	0	982
161	2	2	161	2	4	0	982
161	2	3	161	2	4	0	982
161	3	1	161	3	2	0	732
161	3	1	161	3	3	0	732
161	3	1	161	3	4	0	732
161	3	2	161	3	3	0	732
161	3	2	161	3	4	0	732
161	3	3	161	3	4	0	732
161	4	1	161	4	2	0	546
161	4	1	161	4	3	0	546
161	4	1	161	4	4	0	546
161	4	2	161	4	3	0	546
161	4	2	161	4	4	0	546
161	4	3	161	4	4	0	546
164	1	1	164	1	2	200	3978
164	1	1	164	1	3	181	3978
164	1	1	164	1	4	208	3978
164	1	2	164	1	3	198	3978
164	1	2	164	1	4	181	3978
164	1	3	164	1	4	192	3978
165	1	1	165	1	2	221	2188
165	1	1	165	1	3	216	2188
165	1	1	165	1	4	241	2188
165	1	2	165	1	3	236	2188
165	1	2	165	1	4	226	2188
165	1	3	165	1	4	228	2188
166	1	1	166	1	2	0	1992
166	1	1	166	1	3	3	1992
166	1	1	166	1	4	3	1992
166	1	2	166	1	3	3	1992
166	1	2	166	1	4	3	1992
166	1	3	166	1	4	0	1992
167	1	1	167	1	2	0	1993
167	1	1	167	1	3	1	1993
167	1	1	167	1	4	1	1993
167	1	2	167	1	3	1	1993
167	1	2	167	1	4	1	1993
167	1	3	167	1	4	0	1993
169	1	1	169	1	2	0	1646
169	1	1	169	1	3	2	1646
169	1	1	169	1	4	2	1646
169	1	2	169	1	3	2	1646
169	1	2	169	1	4	2	1646
169	1	3	169	1	4	0	1646
170	1	1	170	1	2	0	1990
170	1	1	170	1	3	3	1990
170	1	1	170	1	4	3	1990
170	1	2	170	1	3	3	1990
170	1	2	170	1	4	3	1990
170	1	3	170	1	4	0	1990
171	1	1	171	1	2	4	1495
171	1	1	171	1	3	6	1495
171	1	1	171	1	4	4	1495
171	1	2	171	1	3	2	1495
171	1	2	171	1	4	4	1495
171	1	3	171	1	4	2	1495
172	1	1	172	1	2	0	1818
172	1	1	172	1	3	0	1818
172	1	1	172	1	4	0	1818
172	1	2	172	1	3	0	1818
172	1	2	172	1	4	0	1818
172	1	3	172	1	4	0	1818
173	1	1	173	1	2	0	1380
173	1	1	173	1	3	0	1380
173	1	1	173	1	4	0	1380
173	1	2	173	1	3	0	1380
173	1	2	173	1	4	0	1380
173	1	3	173	1	4	0	1380
174	1	1	174	1	2	0	2076
174	1	1	174	1	3	0	2076
174	1	1	174	1	4	0	2076
174	1	2	174	1	3	0	2076
174	1	2	174	1	4	0	2076
174	1	3	174	1	4	0	2076
175	1	1	175	1	2	0	2175
175	1	1	175	1	3	0	2175
175	1	1	175	1	4	0	2175
175	1	2	175	1	3	0	2175
175	1	2	175	1	4	0	2175
175	1	3	175	1	4	0	2175
176	1	1	176	1	2	0	2356
176	1	1	176	1	3	1	2356
176	1	1	176	1	4	1	2356
176	1	2	176	1	3	1	2356
176	1	2	176	1	4	1	2356
176	1	3	176	1	4	0	2356
177	1	1	177	1	2	0	2043
177	1	1	177	1	3	1	2043
177	1	1	177	1	4	1	2043
177	1	2	177	1	3	1	2043
177	1	2	177	1	4	1	2043
177	1	3	177	1	4	0	2043
178	1	1	178	1	2	0	1508
178	1	1	178	1	3	0	1508
178	1	1	178	1	4	0	1508
178	1	2	178	1	3	0	1508
178	1	2	178	1	4	0	1508
178	1	3	178	1	4	0	1508
178	2	1	178	2	2	0	953
178	2	1	178	2	3	2	953
178	2	1	178	2	4	2	953
178	2	2	178	2	3	2	953
178	2	2	178	2	4	2	953
178	2	3	178	2	4	0	953
179	1	1	179	1	2	4	1975
179	1	1	179	1	3	3	1975
179	1	1	179	1	4	6	1975
179	1	2	179	1	3	6	1975
179	1	2	179	1	4	3	1975
179	1	3	179	1	4	4	1975
180	1	1	180	1	2	4	2071
180	1	1	180	1	3	5	2071
180	1	1	180	1	4	5	2071
180	1	2	180	1	3	5	2071
180	1	2	180	1	4	3	2071
180	1	3	180	1	4	3	2071
181	1	1	181	1	2	0	1941
181	1	1	181	1	3	0	1941
181	1	1	181	1	4	0	1941
181	1	2	181	1	3	0	1941
181	1	2	181	1	4	0	1941
181	1	3	181	1	4	0	1941
182	1	1	182	1	2	1	1712
182	1	1	182	1	3	1	1712
182	1	1	182	1	4	1	1712
182	1	2	182	1	3	1	1712
182	1	2	182	1	4	1	1712
182	1	3	182	1	4	0	1712
183	1	1	183	1	2	0	1733
183	1	1	183	1	3	1	1733
183	1	1	183	1	4	1	1733
183	1	2	183	1	3	1	1733
183	1	2	183	1	4	1	1733
183	1	3	183	1	4	0	1733
184	1	1	184	1	2	1	1890
184	1	1	184	1	3	1	1890
184	1	1	184	1	4	2	1890
184	1	2	184	1	3	2	1890
184	1	2	184	1	4	1	1890
184	1	3	184	1	4	1	1890
185	1	1	185	1	2	0	1870
185	1	1	185	1	3	1	1870
185	1	1	185	1	4	1	1870
185	1	2	185	1	3	1	1870
185	1	2	185	1	4	1	1870
185	1	3	185	1	4	0	1870
186	1	1	186	1	2	0	1407
186	1	1	186	1	3	0	1407
186	1	1	186	1	4	0	1407
186	1	2	186	1	3	0	1407
186	1	2	186	1	4	0	1407
186	1	3	186	1	4	0	1407
187	1	1	187	1	2	0	1744
187	1	1	187	1	3	1	1744
187	1	1	187	1	4	1	1744
187	1	2	187	1	3	1	1744
187	1	2	187	1	4	1	1744
187	1	3	187	1	4	0	1744
188	1	1	188	1	2	0	2004
188	1	1	188	1	3	0	2004
188	1	1	188	1	4	0	2004
188	1	2	188	1	3	0	2004
188	1	2	188	1	4	0	2004
188	1	3	188	1	4	0	2004
189	1	1	189	1	2	0	1351
189	1	1	189	1	3	2	1351
189	1	1	189	1	4	2	1351
189	1	2	189	1	3	2	1351
189	1	2	189	1	4	2	1351
189	1	3	189	1	4	0	1351
189	2	1	189	2	2	0	573
189	2	1	189	2	3	0	573
189	2	1	189	2	4	0	573
189	2	2	189	2	3	0	573
189	2	2	189	2	4	0	573
189	2	3	189	2	4	0	573
190	1	1	190	1	2	14	1508
190	1	1	190	1	3	16	1508
190	1	1	190	1	4	21	1508
190	1	2	190	1	3	20	1508
190	1	2	190	1	4	10	1508
190	1	3	190	1	4	15	1508
192	1	1	192	1	2	1	2304
192	1	1	192	1	3	1	2304
192	1	1	192	1	4	2	2304
192	1	2	192	1	3	2	2304
192	1	2	192	1	4	1	2304
192	1	3	192	1	4	1	2304
193	1	1	193	1	2	9	1816
193	1	1	193	1	3	4	1816
193	1	1	193	1	4	10	1816
193	1	2	193	1	3	11	1816
193	1	2	193	1	4	2	1816
193	1	3	193	1	4	9	1816
194	1	1	194	1	2	0	1750
194	1	1	194	1	3	0	1750
194	1	1	194	1	4	0	1750
194	1	2	194	1	3	0	1750
194	1	2	194	1	4	0	1750
194	1	3	194	1	4	0	1750
194	2	1	194	2	2	0	712
194	2	1	194	2	3	0	712
194	2	1	194	2	4	0	712
194	2	2	194	2	3	0	712
194	2	2	194	2	4	0	712
194	2	3	194	2	4	0	712
194	3	1	194	3	2	0	579
194	3	1	194	3	3	0	579
194	3	1	194	3	4	0	579
194	3	2	194	3	3	0	579
194	3	2	194	3	4	0	579
194	3	3	194	3	4	0	579
195	1	1	195	1	2	3	1366
195	1	1	195	1	3	4	1366
195	1	1	195	1	4	4	1366
195	1	2	195	1	3	1	1366
195	1	2	195	1	4	1	1366
195	1	3	195	1	4	0	1366
196	1	1	196	1	2	1	1931
196	1	1	196	1	3	2	1931
196	1	1	196	1	4	2	1931
196	1	2	196	1	3	1	1931
196	1	2	196	1	4	1	1931
196	1	3	196	1	4	0	1931
197	1	1	197	1	2	2	1533
197	1	1	197	1	3	1	1533
197	1	1	197	1	4	3	1533
197	1	2	197	1	3	3	1533
197	1	2	197	1	4	1	1533
197	1	3	197	1	4	2	1533
197	2	1	197	2	2	0	1413
197	2	1	197	2	3	1	1413
197	2	1	197	2	4	1	1413
197	2	2	197	2	3	1	1413
197	2	2	197	2	4	1	1413
197	2	3	197	2	4	0	1413
198	1	1	198	1	2	26	1125
198	1	1	198	1	3	33	1125
198	1	1	198	1	4	27	1125
198	1	2	198	1	3	22	1125
198	1	2	198	1	4	31	1125
198	1	3	198	1	4	35	1125
199	1	1	199	1	2	4	1743
199	1	1	199	1	3	4	1743
199	1	1	199	1	4	4	1743
199	1	2	199	1	3	0	1743
199	1	2	199	1	4	6	1743
199	1	3	199	1	4	6	1743
200	1	1	200	1	2	1	2092
200	1	1	200	1	3	2	2092
200	1	1	200	1	4	2	2092
200	1	2	200	1	3	1	2092
200	1	2	200	1	4	2	2092
200	1	3	200	1	4	2	2092
201	1	1	201	1	2	0	2009
201	1	1	201	1	3	0	2009
201	1	1	201	1	4	0	2009
201	1	2	201	1	3	0	2009
201	1	2	201	1	4	0	2009
201	1	3	201	1	4	0	2009
202	1	1	202	1	2	19	2267
202	1	1	202	1	3	22	2267
202	1	1	202	1	4	23	2267
202	1	2	202	1	3	30	2267
202	1	2	202	1	4	24	2267
202	1	3	202	1	4	14	2267
203	1	1	203	1	2	0	1841
203	1	1	203	1	3	2	1841
203	1	1	203	1	4	2	1841
203	1	2	203	1	3	2	1841
203	1	2	203	1	4	2	1841
203	1	3	203	1	4	0	1841
204	1	1	204	1	2	0	1074
204	1	1	204	1	3	2	1074
204	1	1	204	1	4	4	1074
204	1	2	204	1	3	2	1074
204	1	2	204	1	4	4	1074
204	1	3	204	1	4	4	1074
205	1	1	205	1	2	0	2097
205	1	1	205	1	3	0	2097
205	1	1	205	1	4	0	2097
205	1	2	205	1	3	0	2097
205	1	2	205	1	4	0	2097
205	1	3	205	1	4	0	2097
206	1	1	206	1	2	0	2011
206	1	1	206	1	3	3	2011
206	1	1	206	1	4	3	2011
206	1	2	206	1	3	3	2011
206	1	2	206	1	4	3	2011
206	1	3	206	1	4	0	2011
207	1	1	207	1	2	0	1969
207	1	1	207	1	3	3	1969
207	1	1	207	1	4	3	1969
207	1	2	207	1	3	3	1969
207	1	2	207	1	4	3	1969
207	1	3	207	1	4	0	1969
208	1	1	208	1	2	0	2126
208	1	1	208	1	3	0	2126
208	1	1	208	1	4	0	2126
208	1	2	208	1	3	0	2126
208	1	2	208	1	4	0	2126
208	1	3	208	1	4	0	2126
209	1	1	209	1	2	5	1985
209	1	1	209	1	3	3	1985
209	1	1	209	1	4	3	1985
209	1	2	209	1	3	3	1985
209	1	2	209	1	4	3	1985
209	1	3	209	1	4	4	1985
210	1	1	210	1	2	0	2123
210	1	1	210	1	3	8	2123
210	1	1	210	1	4	8	2123
210	1	2	210	1	3	8	2123
210	1	2	210	1	4	8	2123
210	1	3	210	1	4	0	2123
211	1	1	211	1	2	4	2159
211	1	1	211	1	3	1	2159
211	1	1	211	1	4	3	2159
211	1	2	211	1	3	3	2159
211	1	2	211	1	4	1	2159
211	1	3	211	1	4	2	2159
212	1	1	212	1	2	5	1522
212	1	1	212	1	3	6	1522
212	1	1	212	1	4	5	1522
212	1	2	212	1	3	7	1522
212	1	2	212	1	4	7	1522
212	1	3	212	1	4	4	1522
214	1	1	214	1	2	1	1654
214	1	1	214	1	3	1	1654
214	1	1	214	1	4	1	1654
214	1	2	214	1	3	0	1654
214	1	2	214	1	4	0	1654
214	1	3	214	1	4	0	1654
215	1	1	215	1	2	0	1573
215	1	1	215	1	3	1	1573
215	1	1	215	1	4	1	1573
215	1	2	215	1	3	1	1573
215	1	2	215	1	4	1	1573
215	1	3	215	1	4	0	1573
215	2	1	215	2	2	13	1952
215	2	1	215	2	3	19	1952
215	2	1	215	2	4	23	1952
215	2	2	215	2	3	18	1952
215	2	2	215	2	4	25	1952
215	2	3	215	2	4	14	1952
216	1	1	216	1	2	0	1947
216	1	1	216	1	3	0	1947
216	1	1	216	1	4	0	1947
216	1	2	216	1	3	0	1947
216	1	2	216	1	4	0	1947
216	1	3	216	1	4	0	1947
218	1	1	218	1	2	0	1791
218	1	1	218	1	3	2	1791
218	1	1	218	1	4	2	1791
218	1	2	218	1	3	2	1791
218	1	2	218	1	4	2	1791
218	1	3	218	1	4	0	1791
219	1	1	219	1	2	0	2066
219	1	1	219	1	3	2	2066
219	1	1	219	1	4	2	2066
219	1	2	219	1	3	2	2066
219	1	2	219	1	4	2	2066
219	1	3	219	1	4	0	2066
220	1	1	220	1	2	0	1885
220	1	1	220	1	3	2	1885
220	1	1	220	1	4	2	1885
220	1	2	220	1	3	2	1885
220	1	2	220	1	4	2	1885
220	1	3	220	1	4	0	1885
221	1	1	221	1	2	1	1919
221	1	1	221	1	3	1	1919
221	1	1	221	1	4	2	1919
221	1	2	221	1	3	2	1919
221	1	2	221	1	4	1	1919
221	1	3	221	1	4	1	1919
222	1	1	222	1	2	0	2044
222	1	1	222	1	3	3	2044
222	1	1	222	1	4	3	2044
222	1	2	222	1	3	3	2044
222	1	2	222	1	4	3	2044
222	1	3	222	1	4	0	2044
224	1	1	224	1	2	46	1623
224	1	1	224	1	3	43	1623
224	1	1	224	1	4	36	1623
224	1	2	224	1	3	38	1623
224	1	2	224	1	4	51	1623
224	1	3	224	1	4	37	1623
225	1	1	225	1	2	0	1987
225	1	1	225	1	3	0	1987
225	1	1	225	1	4	0	1987
225	1	2	225	1	3	0	1987
225	1	2	225	1	4	0	1987
225	1	3	225	1	4	0	1987
226	1	1	226	1	2	0	1893
226	1	1	226	1	3	3	1893
226	1	1	226	1	4	3	1893
226	1	2	226	1	3	3	1893
226	1	2	226	1	4	3	1893
226	1	3	226	1	4	0	1893
227	1	1	227	1	2	0	1941
227	1	1	227	1	3	0	1941
227	1	1	227	1	4	0	1941
227	1	2	227	1	3	0	1941
227	1	2	227	1	4	0	1941
227	1	3	227	1	4	0	1941
228	1	1	228	1	2	0	1911
228	1	1	228	1	3	5	1911
228	1	1	228	1	4	5	1911
228	1	2	228	1	3	5	1911
228	1	2	228	1	4	5	1911
228	1	3	228	1	4	0	1911
228	2	1	228	2	2	0	1381
228	2	1	228	2	3	0	1381
228	2	1	228	2	4	0	1381
228	2	2	228	2	3	0	1381
228	2	2	228	2	4	0	1381
228	2	3	228	2	4	0	1381
229	1	1	229	1	2	3	1968
229	1	1	229	1	3	5	1968
229	1	1	229	1	4	4	1968
229	1	2	229	1	3	4	1968
229	1	2	229	1	4	5	1968
229	1	3	229	1	4	3	1968
230	1	1	230	1	2	2	1899
230	1	1	230	1	3	2	1899
230	1	1	230	1	4	9	1899
230	1	2	230	1	3	4	1899
230	1	2	230	1	4	7	1899
230	1	3	230	1	4	7	1899
231	1	1	231	1	2	0	1520
231	1	1	231	1	3	1	1520
231	1	1	231	1	4	1	1520
231	1	2	231	1	3	1	1520
231	1	2	231	1	4	1	1520
231	1	3	231	1	4	0	1520
231	2	1	231	2	2	0	796
231	2	1	231	2	3	0	796
231	2	1	231	2	4	0	796
231	2	2	231	2	3	0	796
231	2	2	231	2	4	0	796
231	2	3	231	2	4	0	796
232	1	1	232	1	2	1	1920
232	1	1	232	1	3	5	1920
232	1	1	232	1	4	6	1920
232	1	2	232	1	3	6	1920
232	1	2	232	1	4	5	1920
232	1	3	232	1	4	1	1920
233	1	1	233	1	2	0	1386
233	1	1	233	1	3	0	1386
233	1	1	233	1	4	0	1386
233	1	2	233	1	3	0	1386
233	1	2	233	1	4	0	1386
233	1	3	233	1	4	0	1386
234	1	1	234	1	2	0	2123
234	1	1	234	1	3	0	2123
234	1	1	234	1	4	0	2123
234	1	2	234	1	3	0	2123
234	1	2	234	1	4	0	2123
234	1	3	234	1	4	0	2123
236	1	1	236	1	2	4	1971
236	1	1	236	1	3	4	1971
236	1	1	236	1	4	4	1971
236	1	2	236	1	3	1	1971
236	1	2	236	1	4	1	1971
236	1	3	236	1	4	0	1971
238	1	1	238	1	2	0	2022
238	1	1	238	1	3	0	2022
238	1	1	238	1	4	0	2022
238	1	2	238	1	3	0	2022
238	1	2	238	1	4	0	2022
238	1	3	238	1	4	0	2022
239	1	1	239	1	2	0	2124
239	1	1	239	1	3	0	2124
239	1	1	239	1	4	0	2124
239	1	2	239	1	3	0	2124
239	1	2	239	1	4	0	2124
239	1	3	239	1	4	0	2124
240	1	1	240	1	2	1	2359
240	1	1	240	1	3	1	2359
240	1	1	240	1	4	2	2359
240	1	2	240	1	3	2	2359
240	1	2	240	1	4	1	2359
240	1	3	240	1	4	1	2359
241	1	1	241	1	2	3	1917
241	1	1	241	1	3	4	1917
241	1	1	241	1	4	5	1917
241	1	2	241	1	3	3	1917
241	1	2	241	1	4	2	1917
241	1	3	241	1	4	1	1917
242	1	1	242	1	2	0	1940
242	1	1	242	1	3	3	1940
242	1	1	242	1	4	3	1940
242	1	2	242	1	3	3	1940
242	1	2	242	1	4	3	1940
242	1	3	242	1	4	0	1940
243	1	1	243	1	2	4	1629
243	1	1	243	1	3	13	1629
243	1	1	243	1	4	13	1629
243	1	2	243	1	3	10	1629
243	1	2	243	1	4	10	1629
243	1	3	243	1	4	0	1629
243	2	1	243	2	2	0	1471
243	2	1	243	2	3	5	1471
243	2	1	243	2	4	5	1471
243	2	2	243	2	3	5	1471
243	2	2	243	2	4	5	1471
243	2	3	243	2	4	0	1471
243	3	1	243	3	2	0	791
243	3	1	243	3	3	0	791
243	3	1	243	3	4	0	791
243	3	2	243	3	3	0	791
243	3	2	243	3	4	0	791
243	3	3	243	3	4	0	791
243	4	1	243	4	2	0	585
243	4	1	243	4	3	0	585
243	4	1	243	4	4	0	585
243	4	2	243	4	3	0	585
243	4	2	243	4	4	0	585
243	4	3	243	4	4	0	585
244	1	1	244	1	2	131	1384
244	1	1	244	1	3	140	1384
244	1	1	244	1	4	136	1384
244	1	2	244	1	3	141	1384
244	1	2	244	1	4	126	1384
244	1	3	244	1	4	136	1384
245	1	1	245	1	2	0	1858
245	1	1	245	1	3	0	1858
245	1	1	245	1	4	0	1858
245	1	2	245	1	3	0	1858
245	1	2	245	1	4	0	1858
245	1	3	245	1	4	0	1858
245	2	1	245	2	2	0	2322
245	2	1	245	2	3	0	2322
245	2	1	245	2	4	0	2322
245	2	2	245	2	3	0	2322
245	2	2	245	2	4	0	2322
245	2	3	245	2	4	0	2322
247	1	1	247	1	2	0	1723
247	1	1	247	1	3	0	1723
247	1	1	247	1	4	0	1723
247	1	2	247	1	3	0	1723
247	1	2	247	1	4	0	1723
247	1	3	247	1	4	0	1723
250	1	1	250	1	2	2	2624
250	1	1	250	1	3	3	2624
250	1	1	250	1	4	5	2624
250	1	2	250	1	3	5	2624
250	1	2	250	1	4	3	2624
250	1	3	250	1	4	2	2624
251	1	1	251	1	2	2	2161
251	1	1	251	1	3	1	2161
251	1	1	251	1	4	2	2161
251	1	2	251	1	3	1	2161
251	1	2	251	1	4	1	2161
251	1	3	251	1	4	2	2161
252	1	1	252	1	2	33	2010
252	1	1	252	1	3	34	2010
252	1	1	252	1	4	41	2010
252	1	2	252	1	3	26	2010
252	1	2	252	1	4	27	2010
252	1	3	252	1	4	27	2010
253	1	1	253	1	2	18	1288
253	1	1	253	1	3	22	1288
253	1	1	253	1	4	22	1288
253	1	2	253	1	3	27	1288
253	1	2	253	1	4	24	1288
253	1	3	253	1	4	24	1288
254	1	1	254	1	2	0	1800
254	1	1	254	1	3	1	1800
254	1	1	254	1	4	1	1800
254	1	2	254	1	3	1	1800
254	1	2	254	1	4	1	1800
254	1	3	254	1	4	0	1800
257	1	1	257	1	2	0	1446
257	1	1	257	1	3	4	1446
257	1	1	257	1	4	4	1446
257	1	2	257	1	3	4	1446
257	1	2	257	1	4	4	1446
257	1	3	257	1	4	0	1446
259	1	1	259	1	2	0	2173
259	1	1	259	1	3	0	2173
259	1	1	259	1	4	0	2173
259	1	2	259	1	3	0	2173
259	1	2	259	1	4	0	2173
259	1	3	259	1	4	0	2173
260	1	1	260	1	2	0	2036
260	1	1	260	1	3	6	2036
260	1	1	260	1	4	6	2036
260	1	2	260	1	3	6	2036
260	1	2	260	1	4	6	2036
260	1	3	260	1	4	0	2036
261	1	1	261	1	2	1	1893
261	1	1	261	1	3	1	1893
261	1	1	261	1	4	2	1893
261	1	2	261	1	3	2	1893
261	1	2	261	1	4	1	1893
261	1	3	261	1	4	1	1893
264	1	1	264	1	2	0	1542
264	1	1	264	1	3	1	1542
264	1	1	264	1	4	1	1542
264	1	2	264	1	3	1	1542
264	1	2	264	1	4	1	1542
264	1	3	264	1	4	0	1542
265	1	1	265	1	2	0	1716
265	1	1	265	1	3	10	1716
265	1	1	265	1	4	9	1716
265	1	2	265	1	3	10	1716
265	1	2	265	1	4	9	1716
265	1	3	265	1	4	1	1716
266	1	1	266	1	2	2	1156
266	1	1	266	1	3	4	1156
266	1	1	266	1	4	4	1156
266	1	2	266	1	3	2	1156
266	1	2	266	1	4	2	1156
266	1	3	266	1	4	0	1156
267	1	1	267	1	2	0	2080
267	1	1	267	1	3	2	2080
267	1	1	267	1	4	2	2080
267	1	2	267	1	3	2	2080
267	1	2	267	1	4	2	2080
267	1	3	267	1	4	0	2080
268	1	1	268	1	2	0	1789
268	1	1	268	1	3	0	1789
268	1	1	268	1	4	0	1789
268	1	2	268	1	3	0	1789
268	1	2	268	1	4	0	1789
268	1	3	268	1	4	0	1789
269	1	1	269	1	2	91	2256
269	1	1	269	1	3	97	2256
269	1	1	269	1	4	100	2256
269	1	2	269	1	3	90	2256
269	1	2	269	1	4	99	2256
269	1	3	269	1	4	89	2256
269	2	1	269	2	2	0	1520
269	2	1	269	2	3	0	1520
269	2	1	269	2	4	0	1520
269	2	2	269	2	3	0	1520
269	2	2	269	2	4	0	1520
269	2	3	269	2	4	0	1520
269	3	1	269	3	2	0	752
269	3	1	269	3	3	0	752
269	3	1	269	3	4	0	752
269	3	2	269	3	3	0	752
269	3	2	269	3	4	0	752
269	3	3	269	3	4	0	752
270	1	1	270	1	2	0	1555
270	1	1	270	1	3	0	1555
270	1	1	270	1	4	0	1555
270	1	2	270	1	3	0	1555
270	1	2	270	1	4	0	1555
270	1	3	270	1	4	0	1555
271	1	1	271	1	2	96	1209
271	1	1	271	1	3	55	1209
271	1	1	271	1	4	102	1209
271	1	2	271	1	3	115	1209
271	1	2	271	1	4	125	1209
271	1	3	271	1	4	93	1209
271	2	1	271	2	2	27	1863
271	2	1	271	2	3	28	1863
271	2	1	271	2	4	21	1863
271	2	2	271	2	3	28	1863
271	2	2	271	2	4	27	1863
271	2	3	271	2	4	26	1863
271	3	1	271	3	2	0	767
271	3	1	271	3	3	0	767
271	3	1	271	3	4	0	767
271	3	2	271	3	3	0	767
271	3	2	271	3	4	0	767
271	3	3	271	3	4	0	767
271	4	1	271	4	2	2	1143
271	4	1	271	4	3	2	1143
271	4	1	271	4	4	2	1143
271	4	2	271	4	3	0	1143
271	4	2	271	4	4	1	1143
271	4	3	271	4	4	1	1143
271	5	1	271	5	2	0	819
271	5	1	271	5	3	0	819
271	5	1	271	5	4	0	819
271	5	2	271	5	3	0	819
271	5	2	271	5	4	0	819
271	5	3	271	5	4	0	819
271	6	1	271	6	2	0	1017
271	6	1	271	6	3	0	1017
271	6	1	271	6	4	0	1017
271	6	2	271	6	3	0	1017
271	6	2	271	6	4	0	1017
271	6	3	271	6	4	0	1017
271	7	1	271	7	2	0	647
271	7	1	271	7	3	0	647
271	7	1	271	7	4	0	647
271	7	2	271	7	3	0	647
271	7	2	271	7	4	0	647
271	7	3	271	7	4	0	647
272	1	1	272	1	2	0	1786
272	1	1	272	1	3	0	1786
272	1	1	272	1	4	0	1786
272	1	2	272	1	3	0	1786
272	1	2	272	1	4	0	1786
272	1	3	272	1	4	0	1786
273	1	1	273	1	2	0	1890
273	1	1	273	1	3	1	1890
273	1	1	273	1	4	1	1890
273	1	2	273	1	3	1	1890
273	1	2	273	1	4	1	1890
273	1	3	273	1	4	0	1890
274	1	1	274	1	2	1	1703
274	1	1	274	1	3	8	1703
274	1	1	274	1	4	6	1703
274	1	2	274	1	3	7	1703
274	1	2	274	1	4	5	1703
274	1	3	274	1	4	4	1703
275	1	1	275	1	2	0	1607
275	1	1	275	1	3	6	1607
275	1	1	275	1	4	9	1607
275	1	2	275	1	3	6	1607
275	1	2	275	1	4	9	1607
275	1	3	275	1	4	3	1607
276	1	1	276	1	2	10	2024
276	1	1	276	1	3	10	2024
276	1	1	276	1	4	7	2024
276	1	2	276	1	3	0	2024
276	1	2	276	1	4	3	2024
276	1	3	276	1	4	3	2024
277	1	1	277	1	2	41	1413
277	1	1	277	1	3	38	1413
277	1	1	277	1	4	35	1413
277	1	2	277	1	3	34	1413
277	1	2	277	1	4	33	1413
277	1	3	277	1	4	32	1413
278	1	1	278	1	2	0	1831
278	1	1	278	1	3	1	1831
278	1	1	278	1	4	1	1831
278	1	2	278	1	3	1	1831
278	1	2	278	1	4	1	1831
278	1	3	278	1	4	0	1831
279	1	1	279	1	2	1	2092
279	1	1	279	1	3	2	2092
279	1	1	279	1	4	2	2092
279	1	2	279	1	3	3	2092
279	1	2	279	1	4	3	2092
279	1	3	279	1	4	0	2092
280	1	1	280	1	2	0	1160
280	1	1	280	1	3	0	1160
280	1	1	280	1	4	0	1160
280	1	2	280	1	3	0	1160
280	1	2	280	1	4	0	1160
280	1	3	280	1	4	0	1160
281	1	1	281	1	2	0	2021
281	1	1	281	1	3	5	2021
281	1	1	281	1	4	3	2021
281	1	2	281	1	3	5	2021
281	1	2	281	1	4	3	2021
281	1	3	281	1	4	2	2021
282	1	1	282	1	2	0	1471
282	1	1	282	1	3	0	1471
282	1	1	282	1	4	0	1471
282	1	2	282	1	3	0	1471
282	1	2	282	1	4	0	1471
282	1	3	282	1	4	0	1471
283	1	1	283	1	2	4	1976
283	1	1	283	1	3	5	1976
283	1	1	283	1	4	12	1976
283	1	2	283	1	3	9	1976
283	1	2	283	1	4	8	1976
283	1	3	283	1	4	7	1976
284	1	1	284	1	2	0	1932
284	1	1	284	1	3	1	1932
284	1	1	284	1	4	1	1932
284	1	2	284	1	3	1	1932
284	1	2	284	1	4	1	1932
284	1	3	284	1	4	0	1932
285	1	1	285	1	2	20	1631
285	1	1	285	1	3	19	1631
285	1	1	285	1	4	22	1631
285	1	2	285	1	3	22	1631
285	1	2	285	1	4	13	1631
285	1	3	285	1	4	20	1631
285	2	1	285	2	2	3	1090
285	2	1	285	2	3	1	1090
285	2	1	285	2	4	4	1090
285	2	2	285	2	3	4	1090
285	2	2	285	2	4	1	1090
285	2	3	285	2	4	3	1090
286	1	1	286	1	2	0	1311
286	1	1	286	1	3	0	1311
286	1	1	286	1	4	0	1311
286	1	2	286	1	3	0	1311
286	1	2	286	1	4	0	1311
286	1	3	286	1	4	0	1311
286	2	1	286	2	2	0	975
286	2	1	286	2	3	1	975
286	2	1	286	2	4	1	975
286	2	2	286	2	3	1	975
286	2	2	286	2	4	1	975
286	2	3	286	2	4	0	975
287	1	1	287	1	2	0	1835
287	1	1	287	1	3	2	1835
287	1	1	287	1	4	2	1835
287	1	2	287	1	3	2	1835
287	1	2	287	1	4	2	1835
287	1	3	287	1	4	0	1835
288	1	1	288	1	2	1	2230
288	1	1	288	1	3	2	2230
288	1	1	288	1	4	2	2230
288	1	2	288	1	3	2	2230
288	1	2	288	1	4	2	2230
288	1	3	288	1	4	0	2230
289	1	1	289	1	2	3	2044
289	1	1	289	1	3	3	2044
289	1	1	289	1	4	2	2044
289	1	2	289	1	3	2	2044
289	1	2	289	1	4	3	2044
289	1	3	289	1	4	1	2044
289	2	1	289	2	2	0	1432
289	2	1	289	2	3	5	1432
289	2	1	289	2	4	5	1432
289	2	2	289	2	3	5	1432
289	2	2	289	2	4	5	1432
289	2	3	289	2	4	0	1432
290	1	1	290	1	2	4	1929
290	1	1	290	1	3	11	1929
290	1	1	290	1	4	11	1929
290	1	2	290	1	3	9	1929
290	1	2	290	1	4	12	1929
290	1	3	290	1	4	3	1929
291	1	1	291	1	2	0	1222
291	1	1	291	1	3	0	1222
291	1	1	291	1	4	0	1222
291	1	2	291	1	3	0	1222
291	1	2	291	1	4	0	1222
291	1	3	291	1	4	0	1222
292	1	1	292	1	2	7	1205
292	1	1	292	1	3	7	1205
292	1	1	292	1	4	11	1205
292	1	2	292	1	3	9	1205
292	1	2	292	1	4	9	1205
292	1	3	292	1	4	10	1205
293	1	1	293	1	2	0	1490
293	1	1	293	1	3	2	1490
293	1	1	293	1	4	2	1490
293	1	2	293	1	3	2	1490
293	1	2	293	1	4	2	1490
293	1	3	293	1	4	0	1490
294	1	1	294	1	2	1	1837
294	1	1	294	1	3	1	1837
294	1	1	294	1	4	2	1837
294	1	2	294	1	3	2	1837
294	1	2	294	1	4	1	1837
294	1	3	294	1	4	1	1837
294	2	1	294	2	2	0	1687
294	2	1	294	2	3	1	1687
294	2	1	294	2	4	1	1687
294	2	2	294	2	3	1	1687
294	2	2	294	2	4	1	1687
294	2	3	294	2	4	0	1687
295	1	1	295	1	2	0	1895
295	1	1	295	1	3	0	1895
295	1	1	295	1	4	0	1895
295	1	2	295	1	3	0	1895
295	1	2	295	1	4	0	1895
295	1	3	295	1	4	0	1895
296	1	1	296	1	2	0	2253
296	1	1	296	1	3	0	2253
296	1	1	296	1	4	0	2253
296	1	2	296	1	3	0	2253
296	1	2	296	1	4	0	2253
296	1	3	296	1	4	0	2253
297	1	1	297	1	2	0	1594
297	1	1	297	1	3	1	1594
297	1	1	297	1	4	1	1594
297	1	2	297	1	3	1	1594
297	1	2	297	1	4	1	1594
297	1	3	297	1	4	0	1594
298	1	1	298	1	2	0	1926
298	1	1	298	1	3	0	1926
298	1	1	298	1	4	0	1926
298	1	2	298	1	3	0	1926
298	1	2	298	1	4	0	1926
298	1	3	298	1	4	0	1926
299	1	1	299	1	2	1	1979
299	1	1	299	1	3	2	1979
299	1	1	299	1	4	2	1979
299	1	2	299	1	3	1	1979
299	1	2	299	1	4	3	1979
299	1	3	299	1	4	2	1979
299	2	1	299	2	2	0	1868
299	2	1	299	2	3	0	1868
299	2	1	299	2	4	0	1868
299	2	2	299	2	3	0	1868
299	2	2	299	2	4	0	1868
299	2	3	299	2	4	0	1868
300	1	1	300	1	2	0	1975
300	1	1	300	1	3	0	1975
300	1	1	300	1	4	0	1975
300	1	2	300	1	3	0	1975
300	1	2	300	1	4	0	1975
300	1	3	300	1	4	0	1975
301	1	1	301	1	2	0	2047
301	1	1	301	1	3	0	2047
301	1	1	301	1	4	0	2047
301	1	2	301	1	3	0	2047
301	1	2	301	1	4	0	2047
301	1	3	301	1	4	0	2047
301	2	1	301	2	2	0	1700
301	2	1	301	2	3	4	1700
301	2	1	301	2	4	5	1700
301	2	2	301	2	3	4	1700
301	2	2	301	2	4	5	1700
301	2	3	301	2	4	1	1700
301	3	1	301	3	2	0	1276
301	3	1	301	3	3	0	1276
301	3	1	301	3	4	0	1276
301	3	2	301	3	3	0	1276
301	3	2	301	3	4	0	1276
301	3	3	301	3	4	0	1276
302	1	1	302	1	2	5	1515
302	1	1	302	1	3	7	1515
302	1	1	302	1	4	8	1515
302	1	2	302	1	3	4	1515
302	1	2	302	1	4	8	1515
302	1	3	302	1	4	7	1515
303	1	1	303	1	2	267	3065
303	1	1	303	1	3	268	3065
303	1	1	303	1	4	264	3065
303	1	2	303	1	3	270	3065
303	1	2	303	1	4	267	3065
303	1	3	303	1	4	270	3065
304	1	1	304	1	2	0	1520
304	1	1	304	1	3	0	1520
304	1	1	304	1	4	0	1520
304	1	2	304	1	3	0	1520
304	1	2	304	1	4	0	1520
304	1	3	304	1	4	0	1520
304	2	1	304	2	2	0	1177
304	2	1	304	2	3	0	1177
304	2	1	304	2	4	0	1177
304	2	2	304	2	3	0	1177
304	2	2	304	2	4	0	1177
304	2	3	304	2	4	0	1177
305	1	1	305	1	2	1	1875
305	1	1	305	1	3	8	1875
305	1	1	305	1	4	8	1875
305	1	2	305	1	3	8	1875
305	1	2	305	1	4	8	1875
305	1	3	305	1	4	0	1875
305	2	1	305	2	2	0	656
305	2	1	305	2	3	0	656
305	2	1	305	2	4	0	656
305	2	2	305	2	3	0	656
305	2	2	305	2	4	0	656
305	2	3	305	2	4	0	656
306	1	1	306	1	2	0	2054
306	1	1	306	1	3	1	2054
306	1	1	306	1	4	1	2054
306	1	2	306	1	3	1	2054
306	1	2	306	1	4	1	2054
306	1	3	306	1	4	0	2054
307	1	1	307	1	2	4	1902
307	1	1	307	1	3	4	1902
307	1	1	307	1	4	1	1902
307	1	2	307	1	3	0	1902
307	1	2	307	1	4	3	1902
307	1	3	307	1	4	3	1902
307	2	1	307	2	2	0	833
307	2	1	307	2	3	0	833
307	2	1	307	2	4	0	833
307	2	2	307	2	3	0	833
307	2	2	307	2	4	0	833
307	2	3	307	2	4	0	833
309	1	1	309	1	2	3	1898
309	1	1	309	1	3	1	1898
309	1	1	309	1	4	4	1898
309	1	2	309	1	3	4	1898
309	1	2	309	1	4	1	1898
309	1	3	309	1	4	3	1898
309	2	1	309	2	2	0	847
309	2	1	309	2	3	0	847
309	2	1	309	2	4	0	847
309	2	2	309	2	3	0	847
309	2	2	309	2	4	0	847
309	2	3	309	2	4	0	847
309	3	1	309	3	2	0	350
309	3	1	309	3	3	0	350
309	3	1	309	3	4	0	350
309	3	2	309	3	3	0	350
309	3	2	309	3	4	0	350
309	3	3	309	3	4	0	350
311	1	1	311	1	2	1	2372
311	1	1	311	1	3	6	2372
311	1	1	311	1	4	3	2372
311	1	2	311	1	3	5	2372
311	1	2	311	1	4	4	2372
311	1	3	311	1	4	3	2372
312	1	1	312	1	2	0	1509
312	1	1	312	1	3	10	1509
312	1	1	312	1	4	10	1509
312	1	2	312	1	3	10	1509
312	1	2	312	1	4	10	1509
312	1	3	312	1	4	0	1509
313	1	1	313	1	2	0	1788
313	1	1	313	1	3	2	1788
313	1	1	313	1	4	2	1788
313	1	2	313	1	3	2	1788
313	1	2	313	1	4	2	1788
313	1	3	313	1	4	0	1788
314	1	1	314	1	2	2	2126
314	1	1	314	1	3	2	2126
314	1	1	314	1	4	1	2126
314	1	2	314	1	3	0	2126
314	1	2	314	1	4	1	2126
314	1	3	314	1	4	1	2126
315	1	1	315	1	2	124	1869
315	1	1	315	1	3	131	1869
315	1	1	315	1	4	135	1869
315	1	2	315	1	3	85	1869
315	1	2	315	1	4	125	1869
315	1	3	315	1	4	115	1869
316	1	1	316	1	2	0	1896
316	1	1	316	1	3	1	1896
316	1	1	316	1	4	1	1896
316	1	2	316	1	3	1	1896
316	1	2	316	1	4	1	1896
316	1	3	316	1	4	0	1896
316	2	1	316	2	2	0	877
316	2	1	316	2	3	0	877
316	2	1	316	2	4	0	877
316	2	2	316	2	3	0	877
316	2	2	316	2	4	0	877
316	2	3	316	2	4	0	877
318	1	1	318	1	2	0	830
318	1	1	318	1	3	0	830
318	1	1	318	1	4	0	830
318	1	2	318	1	3	0	830
318	1	2	318	1	4	0	830
318	1	3	318	1	4	0	830
319	1	1	319	1	2	0	2205
319	1	1	319	1	3	2	2205
319	1	1	319	1	4	2	2205
319	1	2	319	1	3	2	2205
319	1	2	319	1	4	2	2205
319	1	3	319	1	4	0	2205
320	1	1	320	1	2	21	1135
320	1	1	320	1	3	19	1135
320	1	1	320	1	4	29	1135
320	1	2	320	1	3	16	1135
320	1	2	320	1	4	18	1135
320	1	3	320	1	4	23	1135
321	1	1	321	1	2	0	2000
321	1	1	321	1	3	1	2000
321	1	1	321	1	4	1	2000
321	1	2	321	1	3	1	2000
321	1	2	321	1	4	1	2000
321	1	3	321	1	4	0	2000
322	1	1	322	1	2	3	1026
322	1	1	322	1	3	4	1026
322	1	1	322	1	4	8	1026
322	1	2	322	1	3	7	1026
322	1	2	322	1	4	5	1026
322	1	3	322	1	4	6	1026
323	1	1	323	1	2	2	1403
323	1	1	323	1	3	1	1403
323	1	1	323	1	4	3	1403
323	1	2	323	1	3	3	1403
323	1	2	323	1	4	1	1403
323	1	3	323	1	4	2	1403
324	1	1	324	1	2	0	1195
324	1	1	324	1	3	4	1195
324	1	1	324	1	4	4	1195
324	1	2	324	1	3	4	1195
324	1	2	324	1	4	4	1195
324	1	3	324	1	4	0	1195
325	1	1	325	1	2	1	2139
325	1	1	325	1	3	4	2139
325	1	1	325	1	4	5	2139
325	1	2	325	1	3	5	2139
325	1	2	325	1	4	4	2139
325	1	3	325	1	4	1	2139
326	1	1	326	1	2	0	2113
326	1	1	326	1	3	1	2113
326	1	1	326	1	4	8	2113
326	1	2	326	1	3	1	2113
326	1	2	326	1	4	8	2113
326	1	3	326	1	4	7	2113
327	1	1	327	1	2	0	2275
327	1	1	327	1	3	0	2275
327	1	1	327	1	4	0	2275
327	1	2	327	1	3	0	2275
327	1	2	327	1	4	0	2275
327	1	3	327	1	4	0	2275
328	1	1	328	1	2	0	1635
328	1	1	328	1	3	0	1635
328	1	1	328	1	4	0	1635
328	1	2	328	1	3	0	1635
328	1	2	328	1	4	0	1635
328	1	3	328	1	4	0	1635
328	2	1	328	2	2	0	688
328	2	1	328	2	3	1	688
328	2	1	328	2	4	1	688
328	2	2	328	2	3	1	688
328	2	2	328	2	4	1	688
328	2	3	328	2	4	0	688
328	3	1	328	3	2	0	380
328	3	1	328	3	3	0	380
328	3	1	328	3	4	0	380
328	3	2	328	3	3	0	380
328	3	2	328	3	4	0	380
328	3	3	328	3	4	0	380
328	4	1	328	4	2	0	383
328	4	1	328	4	3	0	383
328	4	1	328	4	4	0	383
328	4	2	328	4	3	0	383
328	4	2	328	4	4	0	383
328	4	3	328	4	4	0	383
330	1	1	330	1	2	0	1837
330	1	1	330	1	3	0	1837
330	1	1	330	1	4	0	1837
330	1	2	330	1	3	0	1837
330	1	2	330	1	4	0	1837
330	1	3	330	1	4	0	1837
333	1	1	333	1	2	0	1284
333	1	1	333	1	3	1	1284
333	1	1	333	1	4	1	1284
333	1	2	333	1	3	1	1284
333	1	2	333	1	4	1	1284
333	1	3	333	1	4	0	1284
334	1	1	334	1	2	1	1963
334	1	1	334	1	3	2	1963
334	1	1	334	1	4	3	1963
334	1	2	334	1	3	3	1963
334	1	2	334	1	4	2	1963
334	1	3	334	1	4	1	1963
335	1	1	335	1	2	6	1843
335	1	1	335	1	3	8	1843
335	1	1	335	1	4	3	1843
335	1	2	335	1	3	4	1843
335	1	2	335	1	4	9	1843
335	1	3	335	1	4	7	1843
335	2	1	335	2	2	0	1731
335	2	1	335	2	3	0	1731
335	2	1	335	2	4	0	1731
335	2	2	335	2	3	0	1731
335	2	2	335	2	4	0	1731
335	2	3	335	2	4	0	1731
337	1	1	337	1	2	2	1807
337	1	1	337	1	3	1	1807
337	1	1	337	1	4	3	1807
337	1	2	337	1	3	3	1807
337	1	2	337	1	4	1	1807
337	1	3	337	1	4	2	1807
338	1	1	338	1	2	0	1997
338	1	1	338	1	3	0	1997
338	1	1	338	1	4	0	1997
338	1	2	338	1	3	0	1997
338	1	2	338	1	4	0	1997
338	1	3	338	1	4	0	1997
339	1	1	339	1	2	0	2128
339	1	1	339	1	3	0	2128
339	1	1	339	1	4	0	2128
339	1	2	339	1	3	0	2128
339	1	2	339	1	4	0	2128
339	1	3	339	1	4	0	2128
339	2	1	339	2	2	0	733
339	2	1	339	2	3	1	733
339	2	1	339	2	4	1	733
339	2	2	339	2	3	1	733
339	2	2	339	2	4	1	733
339	2	3	339	2	4	0	733
340	1	1	340	1	2	1	1373
340	1	1	340	1	3	1	1373
340	1	1	340	1	4	2	1373
340	1	2	340	1	3	2	1373
340	1	2	340	1	4	1	1373
340	1	3	340	1	4	1	1373
340	2	1	340	2	2	0	1093
340	2	1	340	2	3	0	1093
340	2	1	340	2	4	0	1093
340	2	2	340	2	3	0	1093
340	2	2	340	2	4	0	1093
340	2	3	340	2	4	0	1093
341	1	1	341	1	2	7	1774
341	1	1	341	1	3	7	1774
341	1	1	341	1	4	9	1774
341	1	2	341	1	3	6	1774
341	1	2	341	1	4	8	1774
341	1	3	341	1	4	8	1774
342	1	1	342	1	2	1	2147
342	1	1	342	1	3	1	2147
342	1	1	342	1	4	2	2147
342	1	2	342	1	3	0	2147
342	1	2	342	1	4	3	2147
342	1	3	342	1	4	3	2147
344	1	1	344	1	2	0	1727
344	1	1	344	1	3	0	1727
344	1	1	344	1	4	0	1727
344	1	2	344	1	3	0	1727
344	1	2	344	1	4	0	1727
344	1	3	344	1	4	0	1727
345	1	1	345	1	2	0	2040
345	1	1	345	1	3	1	2040
345	1	1	345	1	4	1	2040
345	1	2	345	1	3	1	2040
345	1	2	345	1	4	1	2040
345	1	3	345	1	4	0	2040
346	1	1	346	1	2	3	2033
346	1	1	346	1	3	2	2033
346	1	1	346	1	4	5	2033
346	1	2	346	1	3	5	2033
346	1	2	346	1	4	2	2033
346	1	3	346	1	4	3	2033
347	1	1	347	1	2	0	2010
347	1	1	347	1	3	2	2010
347	1	1	347	1	4	2	2010
347	1	2	347	1	3	2	2010
347	1	2	347	1	4	2	2010
347	1	3	347	1	4	0	2010
348	1	1	348	1	2	0	1657
348	1	1	348	1	3	0	1657
348	1	1	348	1	4	0	1657
348	1	2	348	1	3	0	1657
348	1	2	348	1	4	0	1657
348	1	3	348	1	4	0	1657
349	1	1	349	1	2	1	1868
349	1	1	349	1	3	2	1868
349	1	1	349	1	4	2	1868
349	1	2	349	1	3	1	1868
349	1	2	349	1	4	2	1868
349	1	3	349	1	4	1	1868
350	1	1	350	1	2	0	961
350	1	1	350	1	3	3	961
350	1	1	350	1	4	3	961
350	1	2	350	1	3	3	961
350	1	2	350	1	4	3	961
350	1	3	350	1	4	0	961
350	2	1	350	2	2	0	926
350	2	1	350	2	3	0	926
350	2	1	350	2	4	0	926
350	2	2	350	2	3	0	926
350	2	2	350	2	4	0	926
350	2	3	350	2	4	0	926
350	3	1	350	3	2	0	898
350	3	1	350	3	3	0	898
350	3	1	350	3	4	0	898
350	3	2	350	3	3	0	898
350	3	2	350	3	4	0	898
350	3	3	350	3	4	0	898
351	1	1	351	1	2	0	1814
351	1	1	351	1	3	0	1814
351	1	1	351	1	4	0	1814
351	1	2	351	1	3	0	1814
351	1	2	351	1	4	0	1814
351	1	3	351	1	4	0	1814
352	1	1	352	1	2	0	2055
352	1	1	352	1	3	0	2055
352	1	1	352	1	4	0	2055
352	1	2	352	1	3	0	2055
352	1	2	352	1	4	0	2055
352	1	3	352	1	4	0	2055
352	2	1	352	2	2	0	265
352	2	1	352	2	3	0	265
352	2	1	352	2	4	0	265
352	2	2	352	2	3	0	265
352	2	2	352	2	4	0	265
352	2	3	352	2	4	0	265
353	1	1	353	1	2	2	1428
353	1	1	353	1	3	2	1428
353	1	1	353	1	4	6	1428
353	1	2	353	1	3	0	1428
353	1	2	353	1	4	4	1428
353	1	3	353	1	4	4	1428
354	1	1	354	1	2	0	1716
354	1	1	354	1	3	0	1716
354	1	1	354	1	4	0	1716
354	1	2	354	1	3	0	1716
354	1	2	354	1	4	0	1716
354	1	3	354	1	4	0	1716
355	1	1	355	1	2	0	2001
355	1	1	355	1	3	1	2001
355	1	1	355	1	4	1	2001
355	1	2	355	1	3	1	2001
355	1	2	355	1	4	1	2001
355	1	3	355	1	4	0	2001
356	1	1	356	1	2	0	1337
356	1	1	356	1	3	0	1337
356	1	1	356	1	4	0	1337
356	1	2	356	1	3	0	1337
356	1	2	356	1	4	0	1337
356	1	3	356	1	4	0	1337
357	1	1	357	1	2	0	2101
357	1	1	357	1	3	1	2101
357	1	1	357	1	4	1	2101
357	1	2	357	1	3	1	2101
357	1	2	357	1	4	1	2101
357	1	3	357	1	4	0	2101
358	1	1	358	1	2	0	1361
358	1	1	358	1	3	7	1361
358	1	1	358	1	4	7	1361
358	1	2	358	1	3	7	1361
358	1	2	358	1	4	7	1361
358	1	3	358	1	4	0	1361
359	1	1	359	1	2	2	1502
359	1	1	359	1	3	3	1502
359	1	1	359	1	4	2	1502
359	1	2	359	1	3	1	1502
359	1	2	359	1	4	4	1502
359	1	3	359	1	4	3	1502
361	1	1	361	1	2	2	2091
361	1	1	361	1	3	4	2091
361	1	1	361	1	4	2	2091
361	1	2	361	1	3	4	2091
361	1	2	361	1	4	2	2091
361	1	3	361	1	4	4	2091
362	1	1	362	1	2	3	1742
362	1	1	362	1	3	3	1742
362	1	1	362	1	4	1	1742
362	1	2	362	1	3	0	1742
362	1	2	362	1	4	2	1742
362	1	3	362	1	4	2	1742
362	2	1	362	2	2	1	1678
362	2	1	362	2	3	2	1678
362	2	1	362	2	4	2	1678
362	2	2	362	2	3	1	1678
362	2	2	362	2	4	1	1678
362	2	3	362	2	4	0	1678
363	1	1	363	1	2	0	1424
363	1	1	363	1	3	2	1424
363	1	1	363	1	4	2	1424
363	1	2	363	1	3	2	1424
363	1	2	363	1	4	2	1424
363	1	3	363	1	4	0	1424
364	1	1	364	1	2	0	1928
364	1	1	364	1	3	2	1928
364	1	1	364	1	4	1	1928
364	1	2	364	1	3	2	1928
364	1	2	364	1	4	1	1928
364	1	3	364	1	4	1	1928
365	1	1	365	1	2	0	2087
365	1	1	365	1	3	0	2087
365	1	1	365	1	4	0	2087
365	1	2	365	1	3	0	2087
365	1	2	365	1	4	0	2087
365	1	3	365	1	4	0	2087
366	1	1	366	1	2	0	1889
366	1	1	366	1	3	0	1889
366	1	1	366	1	4	0	1889
366	1	2	366	1	3	0	1889
366	1	2	366	1	4	0	1889
366	1	3	366	1	4	0	1889
367	1	1	367	1	2	0	2387
367	1	1	367	1	3	1	2387
367	1	1	367	1	4	1	2387
367	1	2	367	1	3	1	2387
367	1	2	367	1	4	1	2387
367	1	3	367	1	4	0	2387
367	2	1	367	2	2	0	625
367	2	1	367	2	3	0	625
367	2	1	367	2	4	0	625
367	2	2	367	2	3	0	625
367	2	2	367	2	4	0	625
367	2	3	367	2	4	0	625
368	1	1	368	1	2	0	1857
368	1	1	368	1	3	3	1857
368	1	1	368	1	4	3	1857
368	1	2	368	1	3	3	1857
368	1	2	368	1	4	3	1857
368	1	3	368	1	4	0	1857
369	1	1	369	1	2	3	1631
369	1	1	369	1	3	2	1631
369	1	1	369	1	4	8	1631
369	1	2	369	1	3	5	1631
369	1	2	369	1	4	7	1631
369	1	3	369	1	4	7	1631
370	1	1	370	1	2	0	1984
370	1	1	370	1	3	0	1984
370	1	1	370	1	4	0	1984
370	1	2	370	1	3	0	1984
370	1	2	370	1	4	0	1984
370	1	3	370	1	4	0	1984
371	1	1	371	1	2	8	1762
371	1	1	371	1	3	13	1762
371	1	1	371	1	4	11	1762
371	1	2	371	1	3	14	1762
371	1	2	371	1	4	9	1762
371	1	3	371	1	4	6	1762
372	1	1	372	1	2	0	1896
372	1	1	372	1	3	0	1896
372	1	1	372	1	4	0	1896
372	1	2	372	1	3	0	1896
372	1	2	372	1	4	0	1896
372	1	3	372	1	4	0	1896
373	1	1	373	1	2	1	3086
373	1	1	373	1	3	3	3086
373	1	1	373	1	4	4	3086
373	1	2	373	1	3	4	3086
373	1	2	373	1	4	3	3086
373	1	3	373	1	4	1	3086
373	2	1	373	2	2	0	608
373	2	1	373	2	3	1	608
373	2	1	373	2	4	1	608
373	2	2	373	2	3	1	608
373	2	2	373	2	4	1	608
373	2	3	373	2	4	1	608
374	1	1	374	1	2	0	1918
374	1	1	374	1	3	1	1918
374	1	1	374	1	4	1	1918
374	1	2	374	1	3	1	1918
374	1	2	374	1	4	1	1918
374	1	3	374	1	4	0	1918
375	1	1	375	1	2	12	1941
375	1	1	375	1	3	11	1941
375	1	1	375	1	4	12	1941
375	1	2	375	1	3	3	1941
375	1	2	375	1	4	2	1941
375	1	3	375	1	4	5	1941
377	1	1	377	1	2	0	2049
377	1	1	377	1	3	0	2049
377	1	1	377	1	4	0	2049
377	1	2	377	1	3	0	2049
377	1	2	377	1	4	0	2049
377	1	3	377	1	4	0	2049
378	1	1	378	1	2	0	1738
378	1	1	378	1	3	0	1738
378	1	1	378	1	4	1	1738
378	1	2	378	1	3	0	1738
378	1	2	378	1	4	1	1738
378	1	3	378	1	4	1	1738
379	1	1	379	1	2	1	1647
379	1	1	379	1	3	2	1647
379	1	1	379	1	4	2	1647
379	1	2	379	1	3	2	1647
379	1	2	379	1	4	1	1647
379	1	3	379	1	4	2	1647
380	1	1	380	1	2	0	1883
380	1	1	380	1	3	0	1883
380	1	1	380	1	4	0	1883
380	1	2	380	1	3	0	1883
380	1	2	380	1	4	0	1883
380	1	3	380	1	4	0	1883
381	1	1	381	1	2	0	2123
381	1	1	381	1	3	0	2123
381	1	1	381	1	4	0	2123
381	1	2	381	1	3	0	2123
381	1	2	381	1	4	0	2123
381	1	3	381	1	4	0	2123
382	1	1	382	1	2	0	1795
382	1	1	382	1	3	0	1795
382	1	1	382	1	4	0	1795
382	1	2	382	1	3	0	1795
382	1	2	382	1	4	0	1795
382	1	3	382	1	4	0	1795
383	1	1	383	1	2	0	1293
383	1	1	383	1	3	0	1293
383	1	1	383	1	4	0	1293
383	1	2	383	1	3	0	1293
383	1	2	383	1	4	0	1293
383	1	3	383	1	4	0	1293
384	1	1	384	1	2	0	1312
384	1	1	384	1	3	1	1312
384	1	1	384	1	4	1	1312
384	1	2	384	1	3	1	1312
384	1	2	384	1	4	1	1312
384	1	3	384	1	4	0	1312
385	1	1	385	1	2	1	1836
385	1	1	385	1	3	2	1836
385	1	1	385	1	4	3	1836
385	1	2	385	1	3	1	1836
385	1	2	385	1	4	4	1836
385	1	3	385	1	4	3	1836
386	1	1	386	1	2	0	1931
386	1	1	386	1	3	1	1931
386	1	1	386	1	4	1	1931
386	1	2	386	1	3	1	1931
386	1	2	386	1	4	1	1931
386	1	3	386	1	4	0	1931
387	1	1	387	1	2	0	1474
387	1	1	387	1	3	0	1474
387	1	1	387	1	4	0	1474
387	1	2	387	1	3	0	1474
387	1	2	387	1	4	0	1474
387	1	3	387	1	4	0	1474
388	1	1	388	1	2	0	2017
388	1	1	388	1	3	1	2017
388	1	1	388	1	4	1	2017
388	1	2	388	1	3	1	2017
388	1	2	388	1	4	1	2017
388	1	3	388	1	4	0	2017
389	1	1	389	1	2	0	1612
389	1	1	389	1	3	3	1612
389	1	1	389	1	4	3	1612
389	1	2	389	1	3	3	1612
389	1	2	389	1	4	3	1612
389	1	3	389	1	4	0	1612
389	2	1	389	2	2	0	1487
389	2	1	389	2	3	1	1487
389	2	1	389	2	4	1	1487
389	2	2	389	2	3	1	1487
389	2	2	389	2	4	1	1487
389	2	3	389	2	4	0	1487
390	1	1	390	1	2	0	1839
390	1	1	390	1	3	0	1839
390	1	1	390	1	4	0	1839
390	1	2	390	1	3	0	1839
390	1	2	390	1	4	0	1839
390	1	3	390	1	4	0	1839
391	1	1	391	1	2	0	2063
391	1	1	391	1	3	0	2063
391	1	1	391	1	4	0	2063
391	1	2	391	1	3	0	2063
391	1	2	391	1	4	0	2063
391	1	3	391	1	4	0	2063
392	1	1	392	1	2	3	1415
392	1	1	392	1	3	3	1415
392	1	1	392	1	4	3	1415
392	1	2	392	1	3	0	1415
392	1	2	392	1	4	0	1415
392	1	3	392	1	4	0	1415
392	2	1	392	2	2	2	1395
392	2	1	392	2	3	2	1395
392	2	1	392	2	4	4	1395
392	2	2	392	2	3	4	1395
392	2	2	392	2	4	2	1395
392	2	3	392	2	4	2	1395
392	3	1	392	3	2	0	698
392	3	1	392	3	3	0	698
392	3	1	392	3	4	0	698
392	3	2	392	3	3	0	698
392	3	2	392	3	4	0	698
392	3	3	392	3	4	0	698
393	1	1	393	1	2	0	1962
393	1	1	393	1	3	1	1962
393	1	1	393	1	4	1	1962
393	1	2	393	1	3	1	1962
393	1	2	393	1	4	1	1962
393	1	3	393	1	4	0	1962
394	1	1	394	1	2	0	1514
394	1	1	394	1	3	1	1514
394	1	1	394	1	4	1	1514
394	1	2	394	1	3	1	1514
394	1	2	394	1	4	1	1514
394	1	3	394	1	4	0	1514
394	2	1	394	2	2	2	1312
394	2	1	394	2	3	2	1312
394	2	1	394	2	4	4	1312
394	2	2	394	2	3	4	1312
394	2	2	394	2	4	2	1312
394	2	3	394	2	4	3	1312
395	1	1	395	1	2	5	2036
395	1	1	395	1	3	8	2036
395	1	1	395	1	4	1	2036
395	1	2	395	1	3	3	2036
395	1	2	395	1	4	6	2036
395	1	3	395	1	4	7	2036
396	1	1	396	1	2	10	2341
396	1	1	396	1	3	10	2341
396	1	1	396	1	4	3	2341
396	1	2	396	1	3	0	2341
396	1	2	396	1	4	7	2341
396	1	3	396	1	4	7	2341
399	1	1	399	1	2	0	2021
399	1	1	399	1	3	0	2021
399	1	1	399	1	4	0	2021
399	1	2	399	1	3	0	2021
399	1	2	399	1	4	0	2021
399	1	3	399	1	4	0	2021
400	1	1	400	1	2	0	2042
400	1	1	400	1	3	3	2042
400	1	1	400	1	4	3	2042
400	1	2	400	1	3	3	2042
400	1	2	400	1	4	3	2042
400	1	3	400	1	4	0	2042
402	1	1	402	1	2	0	697
402	1	1	402	1	3	1	697
402	1	1	402	1	4	1	697
402	1	2	402	1	3	1	697
402	1	2	402	1	4	1	697
402	1	3	402	1	4	0	697
402	2	1	402	2	2	0	806
402	2	1	402	2	3	1	806
402	2	1	402	2	4	1	806
402	2	2	402	2	3	1	806
402	2	2	402	2	4	1	806
402	2	3	402	2	4	0	806
403	1	1	403	1	2	0	1700
403	1	1	403	1	3	0	1700
403	1	1	403	1	4	0	1700
403	1	2	403	1	3	0	1700
403	1	2	403	1	4	0	1700
403	1	3	403	1	4	0	1700
