1	1	1	1	1	2	3	1801
1	1	1	1	1	3	1	1801
1	1	1	1	1	4	4	1801
1	1	2	1	1	3	2	1801
1	1	2	1	1	4	3	1801
1	1	3	1	1	4	3	1801
1	2	1	1	2	2	0	360
1	2	1	1	2	3	0	360
1	2	1	1	2	4	0	360
1	2	2	1	2	3	0	360
1	2	2	1	2	4	0	360
1	2	3	1	2	4	0	360
2	1	1	2	1	2	5	1733
2	1	1	2	1	3	2	1733
2	1	1	2	1	4	7	1733
2	1	2	2	1	3	7	1733
2	1	2	2	1	4	2	1733
2	1	3	2	1	4	5	1733
2	2	1	2	2	2	3	429
2	2	1	2	2	3	3	429
2	2	1	2	2	4	3	429
2	2	2	2	2	3	3	429
2	2	2	2	2	4	2	429
2	2	3	2	2	4	3	429
3	1	1	3	1	2	0	1827
3	1	1	3	1	3	2	1827
3	1	1	3	1	4	2	1827
3	1	2	3	1	3	2	1827
3	1	2	3	1	4	2	1827
3	1	3	3	1	4	0	1827
3	2	1	3	2	2	6	818
3	2	1	3	2	3	5	818
3	2	1	3	2	4	3	818
3	2	2	3	2	3	5	818
3	2	2	3	2	4	7	818
3	2	3	3	2	4	2	818
4	1	1	4	1	2	0	1750
4	1	1	4	1	3	2	1750
4	1	1	4	1	4	1	1750
4	1	2	4	1	3	2	1750
4	1	2	4	1	4	1	1750
4	1	3	4	1	4	1	1750
5	1	1	5	1	2	0	893
5	1	1	5	1	3	2	893
5	1	1	5	1	4	2	893
5	1	2	5	1	3	2	893
5	1	2	5	1	4	2	893
5	1	3	5	1	4	0	893
5	2	1	5	2	2	0	989
5	2	1	5	2	3	1	989
5	2	1	5	2	4	1	989
5	2	2	5	2	3	1	989
5	2	2	5	2	4	1	989
5	2	3	5	2	4	0	989
5	3	1	5	3	2	0	475
5	3	1	5	3	3	0	475
5	3	1	5	3	4	0	475
5	3	2	5	3	3	0	475
5	3	2	5	3	4	0	475
5	3	3	5	3	4	0	475
5	4	1	5	4	2	0	338
5	4	1	5	4	3	0	338
5	4	1	5	4	4	0	338
5	4	2	5	4	3	0	338
5	4	2	5	4	4	0	338
5	4	3	5	4	4	0	338
5	5	1	5	5	2	0	352
5	5	1	5	5	3	0	352
5	5	1	5	5	4	0	352
5	5	2	5	5	3	0	352
5	5	2	5	5	4	0	352
5	5	3	5	5	4	0	352
7	1	1	7	1	2	1	1484
7	1	1	7	1	3	3	1484
7	1	1	7	1	4	4	1484
7	1	2	7	1	3	4	1484
7	1	2	7	1	4	3	1484
7	1	3	7	1	4	1	1484
8	1	1	8	1	2	0	1596
8	1	1	8	1	3	1	1596
8	1	1	8	1	4	1	1596
8	1	2	8	1	3	1	1596
8	1	2	8	1	4	1	1596
8	1	3	8	1	4	0	1596
9	1	1	9	1	2	1	1732
9	1	1	9	1	3	2	1732
9	1	1	9	1	4	3	1732
9	1	2	9	1	3	3	1732
9	1	2	9	1	4	2	1732
9	1	3	9	1	4	1	1732
10	1	1	10	1	2	0	1131
10	1	1	10	1	3	0	1131
10	1	1	10	1	4	0	1131
10	1	2	10	1	3	0	1131
10	1	2	10	1	4	0	1131
10	1	3	10	1	4	0	1131
11	1	1	11	1	2	0	1094
11	1	1	11	1	3	0	1094
11	1	1	11	1	4	0	1094
11	1	2	11	1	3	0	1094
11	1	2	11	1	4	0	1094
11	1	3	11	1	4	0	1094
11	2	1	11	2	2	0	555
11	2	1	11	2	3	0	555
11	2	1	11	2	4	0	555
11	2	2	11	2	3	0	555
11	2	2	11	2	4	0	555
11	2	3	11	2	4	0	555
11	3	1	11	3	2	0	534
11	3	1	11	3	3	0	534
11	3	1	11	3	4	0	534
11	3	2	11	3	3	0	534
11	3	2	11	3	4	0	534
11	3	3	11	3	4	0	534
12	1	1	12	1	2	1	1662
12	1	1	12	1	3	4	1662
12	1	1	12	1	4	5	1662
12	1	2	12	1	3	5	1662
12	1	2	12	1	4	4	1662
12	1	3	12	1	4	1	1662
13	1	1	13	1	2	1	1114
13	1	1	13	1	3	1	1114
13	1	1	13	1	4	1	1114
13	1	2	13	1	3	0	1114
13	1	2	13	1	4	0	1114
13	1	3	13	1	4	0	1114
13	2	1	13	2	2	0	602
13	2	1	13	2	3	0	602
13	2	1	13	2	4	0	602
13	2	2	13	2	3	0	602
13	2	2	13	2	4	0	602
13	2	3	13	2	4	0	602
13	3	1	13	3	2	0	282
13	3	1	13	3	3	0	282
13	3	1	13	3	4	0	282
13	3	2	13	3	3	0	282
13	3	2	13	3	4	0	282
13	3	3	13	3	4	0	282
14	1	1	14	1	2	0	1824
14	1	1	14	1	3	1	1824
14	1	1	14	1	4	1	1824
14	1	2	14	1	3	1	1824
14	1	2	14	1	4	1	1824
14	1	3	14	1	4	0	1824
15	1	1	15	1	2	0	1734
15	1	1	15	1	3	1	1734
15	1	1	15	1	4	1	1734
15	1	2	15	1	3	1	1734
15	1	2	15	1	4	1	1734
15	1	3	15	1	4	0	1734
16	1	1	16	1	2	11	1483
16	1	1	16	1	3	9	1483
16	1	1	16	1	4	14	1483
16	1	2	16	1	3	10	1483
16	1	2	16	1	4	9	1483
16	1	3	16	1	4	8	1483
17	1	1	17	1	2	0	1872
17	1	1	17	1	3	1	1872
17	1	1	17	1	4	1	1872
17	1	2	17	1	3	1	1872
17	1	2	17	1	4	1	1872
17	1	3	17	1	4	0	1872
17	2	1	17	2	2	1	1682
17	2	1	17	2	3	2	1682
17	2	1	17	2	4	3	1682
17	2	2	17	2	3	3	1682
17	2	2	17	2	4	2	1682
17	2	3	17	2	4	1	1682
17	3	1	17	3	2	0	358
17	3	1	17	3	3	0	358
17	3	1	17	3	4	0	358
17	3	2	17	3	3	0	358
17	3	2	17	3	4	0	358
17	3	3	17	3	4	0	358
18	1	1	18	1	2	0	1837
18	1	1	18	1	3	0	1837
18	1	1	18	1	4	0	1837
18	1	2	18	1	3	0	1837
18	1	2	18	1	4	0	1837
18	1	3	18	1	4	0	1837
19	1	1	19	1	2	0	1803
19	1	1	19	1	3	1	1803
19	1	1	19	1	4	1	1803
19	1	2	19	1	3	1	1803
19	1	2	19	1	4	1	1803
19	1	3	19	1	4	0	1803
19	2	1	19	2	2	0	1606
19	2	1	19	2	3	1	1606
19	2	1	19	2	4	1	1606
19	2	2	19	2	3	1	1606
19	2	2	19	2	4	1	1606
19	2	3	19	2	4	0	1606
19	3	1	19	3	2	0	1624
19	3	1	19	3	3	0	1624
19	3	1	19	3	4	0	1624
19	3	2	19	3	3	0	1624
19	3	2	19	3	4	0	1624
19	3	3	19	3	4	0	1624
19	4	1	19	4	2	0	1505
19	4	1	19	4	3	0	1505
19	4	1	19	4	4	0	1505
19	4	2	19	4	3	0	1505
19	4	2	19	4	4	0	1505
19	4	3	19	4	4	0	1505
19	5	1	19	5	2	3	1151
19	5	1	19	5	3	3	1151
19	5	1	19	5	4	5	1151
19	5	2	19	5	3	5	1151
19	5	2	19	5	4	4	1151
19	5	3	19	5	4	2	1151
19	6	1	19	6	2	0	1005
19	6	1	19	6	3	0	1005
19	6	1	19	6	4	0	1005
19	6	2	19	6	3	0	1005
19	6	2	19	6	4	0	1005
19	6	3	19	6	4	0	1005
19	7	1	19	7	2	0	705
19	7	1	19	7	3	1	705
19	7	1	19	7	4	1	705
19	7	2	19	7	3	1	705
19	7	2	19	7	4	1	705
19	7	3	19	7	4	0	705
19	8	1	19	8	2	0	410
19	8	1	19	8	3	0	410
19	8	1	19	8	4	2	410
19	8	2	19	8	3	0	410
19	8	2	19	8	4	2	410
19	8	3	19	8	4	2	410
20	1	1	20	1	2	0	1536
20	1	1	20	1	3	0	1536
20	1	1	20	1	4	0	1536
20	1	2	20	1	3	0	1536
20	1	2	20	1	4	0	1536
20	1	3	20	1	4	0	1536
20	2	1	20	2	2	16	1496
20	2	1	20	2	3	11	1496
20	2	1	20	2	4	15	1496
20	2	2	20	2	3	10	1496
20	2	2	20	2	4	8	1496
20	2	3	20	2	4	10	1496
20	3	1	20	3	2	0	887
20	3	1	20	3	3	1	887
20	3	1	20	3	4	2	887
20	3	2	20	3	3	1	887
20	3	2	20	3	4	2	887
20	3	3	20	3	4	1	887
21	1	1	21	1	2	0	1067
21	1	1	21	1	3	0	1067
21	1	1	21	1	4	0	1067
21	1	2	21	1	3	0	1067
21	1	2	21	1	4	0	1067
21	1	3	21	1	4	0	1067
22	1	1	22	1	2	4	1794
22	1	1	22	1	3	4	1794
22	1	1	22	1	4	5	1794
22	1	2	22	1	3	4	1794
22	1	2	22	1	4	3	1794
22	1	3	22	1	4	1	1794
23	1	1	23	1	2	88	2356
23	1	1	23	1	3	98	2356
23	1	1	23	1	4	78	2356
23	1	2	23	1	3	86	2356
23	1	2	23	1	4	58	2356
23	1	3	23	1	4	98	2356
24	1	1	24	1	2	1	1595
24	1	1	24	1	3	1	1595
24	1	1	24	1	4	2	1595
24	1	2	24	1	3	2	1595
24	1	2	24	1	4	1	1595
24	1	3	24	1	4	1	1595
25	1	1	25	1	2	1	1284
25	1	1	25	1	3	4	1284
25	1	1	25	1	4	4	1284
25	1	2	25	1	3	3	1284
25	1	2	25	1	4	3	1284
25	1	3	25	1	4	0	1284
25	2	1	25	2	2	3	1391
25	2	1	25	2	3	3	1391
25	2	1	25	2	4	4	1391
25	2	2	25	2	3	6	1391
25	2	2	25	2	4	1	1391
25	2	3	25	2	4	5	1391
25	3	1	25	3	2	3	312
25	3	1	25	3	3	4	312
25	3	1	25	3	4	3	312
25	3	2	25	3	3	2	312
25	3	2	25	3	4	2	312
25	3	3	25	3	4	2	312
26	1	1	26	1	2	6	1253
26	1	1	26	1	3	7	1253
26	1	1	26	1	4	3	1253
26	1	2	26	1	3	1	1253
26	1	2	26	1	4	5	1253
26	1	3	26	1	4	4	1253
27	1	1	27	1	2	1	1123
27	1	1	27	1	3	3	1123
27	1	1	27	1	4	3	1123
27	1	2	27	1	3	2	1123
27	1	2	27	1	4	2	1123
27	1	3	27	1	4	0	1123
27	2	1	27	2	2	0	338
27	2	1	27	2	3	0	338
27	2	1	27	2	4	0	338
27	2	2	27	2	3	0	338
27	2	2	27	2	4	0	338
27	2	3	27	2	4	0	338
28	1	1	28	1	2	0	1620
28	1	1	28	1	3	2	1620
28	1	1	28	1	4	2	1620
28	1	2	28	1	3	2	1620
28	1	2	28	1	4	2	1620
28	1	3	28	1	4	0	1620
29	1	1	29	1	2	3	1687
29	1	1	29	1	3	6	1687
29	1	1	29	1	4	7	1687
29	1	2	29	1	3	5	1687
29	1	2	29	1	4	4	1687
29	1	3	29	1	4	1	1687
30	1	1	30	1	2	0	696
30	1	1	30	1	3	0	696
30	1	1	30	1	4	0	696
30	1	2	30	1	3	0	696
30	1	2	30	1	4	0	696
30	1	3	30	1	4	0	696
30	2	1	30	2	2	0	561
30	2	1	30	2	3	0	561
30	2	1	30	2	4	0	561
30	2	2	30	2	3	0	561
30	2	2	30	2	4	0	561
30	2	3	30	2	4	0	561
31	1	1	31	1	2	1	1523
31	1	1	31	1	3	1	1523
31	1	1	31	1	4	2	1523
31	1	2	31	1	3	2	1523
31	1	2	31	1	4	1	1523
31	1	3	31	1	4	1	1523
31	2	1	31	2	2	0	275
31	2	1	31	2	3	0	275
31	2	1	31	2	4	0	275
31	2	2	31	2	3	0	275
31	2	2	31	2	4	0	275
31	2	3	31	2	4	0	275
32	1	1	32	1	2	2	1442
32	1	1	32	1	3	1	1442
32	1	1	32	1	4	3	1442
32	1	2	32	1	3	3	1442
32	1	2	32	1	4	1	1442
32	1	3	32	1	4	2	1442
33	1	1	33	1	2	5	1394
33	1	1	33	1	3	5	1394
33	1	1	33	1	4	5	1394
33	1	2	33	1	3	0	1394
33	1	2	33	1	4	0	1394
33	1	3	33	1	4	0	1394
33	2	1	33	2	2	0	493
33	2	1	33	2	3	0	493
33	2	1	33	2	4	0	493
33	2	2	33	2	3	0	493
33	2	2	33	2	4	0	493
33	2	3	33	2	4	0	493
34	1	1	34	1	2	1	1207
34	1	1	34	1	3	3	1207
34	1	1	34	1	4	4	1207
34	1	2	34	1	3	4	1207
34	1	2	34	1	4	3	1207
34	1	3	34	1	4	1	1207
35	1	1	35	1	2	2	1624
35	1	1	35	1	3	3	1624
35	1	1	35	1	4	1	1624
35	1	2	35	1	3	1	1624
35	1	2	35	1	4	3	1624
35	1	3	35	1	4	3	1624
36	1	1	36	1	2	0	1758
36	1	1	36	1	3	8	1758
36	1	1	36	1	4	3	1758
36	1	2	36	1	3	8	1758
36	1	2	36	1	4	3	1758
36	1	3	36	1	4	5	1758
36	2	1	36	2	2	0	201
36	2	1	36	2	3	0	201
36	2	1	36	2	4	0	201
36	2	2	36	2	3	0	201
36	2	2	36	2	4	0	201
36	2	3	36	2	4	0	201
37	1	1	37	1	2	0	1101
37	1	1	37	1	3	0	1101
37	1	1	37	1	4	0	1101
37	1	2	37	1	3	0	1101
37	1	2	37	1	4	0	1101
37	1	3	37	1	4	0	1101
38	1	1	38	1	2	1	1245
38	1	1	38	1	3	1	1245
38	1	1	38	1	4	1	1245
38	1	2	38	1	3	1	1245
38	1	2	38	1	4	1	1245
38	1	3	38	1	4	0	1245
39	1	1	39	1	2	5	1722
39	1	1	39	1	3	10	1722
39	1	1	39	1	4	12	1722
39	1	2	39	1	3	13	1722
39	1	2	39	1	4	9	1722
39	1	3	39	1	4	6	1722
40	1	1	40	1	2	0	739
40	1	1	40	1	3	0	739
40	1	1	40	1	4	0	739
40	1	2	40	1	3	0	739
40	1	2	40	1	4	0	739
40	1	3	40	1	4	0	739
40	2	1	40	2	2	0	735
40	2	1	40	2	3	0	735
40	2	1	40	2	4	0	735
40	2	2	40	2	3	0	735
40	2	2	40	2	4	0	735
40	2	3	40	2	4	0	735
40	3	1	40	3	2	0	634
40	3	1	40	3	3	0	634
40	3	1	40	3	4	0	634
40	3	2	40	3	3	0	634
40	3	2	40	3	4	0	634
40	3	3	40	3	4	0	634
40	4	1	40	4	2	0	490
40	4	1	40	4	3	0	490
40	4	1	40	4	4	0	490
40	4	2	40	4	3	0	490
40	4	2	40	4	4	0	490
40	4	3	40	4	4	0	490
40	5	1	40	5	2	3	487
40	5	1	40	5	3	5	487
40	5	1	40	5	4	3	487
40	5	2	40	5	3	2	487
40	5	2	40	5	4	4	487
40	5	3	40	5	4	5	487
41	1	1	41	1	2	0	1472
41	1	1	41	1	3	0	1472
41	1	1	41	1	4	0	1472
41	1	2	41	1	3	0	1472
41	1	2	41	1	4	0	1472
41	1	3	41	1	4	0	1472
41	2	1	41	2	2	0	295
41	2	1	41	2	3	0	295
41	2	1	41	2	4	0	295
41	2	2	41	2	3	0	295
41	2	2	41	2	4	0	295
41	2	3	41	2	4	0	295
42	1	1	42	1	2	6	1709
42	1	1	42	1	3	13	1709
42	1	1	42	1	4	12	1709
42	1	2	42	1	3	9	1709
42	1	2	42	1	4	9	1709
42	1	3	42	1	4	3	1709
42	2	1	42	2	2	0	710
42	2	1	42	2	3	0	710
42	2	1	42	2	4	0	710
42	2	2	42	2	3	0	710
42	2	2	42	2	4	0	710
42	2	3	42	2	4	0	710
42	3	1	42	3	2	0	194
42	3	1	42	3	3	0	194
42	3	1	42	3	4	0	194
42	3	2	42	3	3	0	194
42	3	2	42	3	4	0	194
42	3	3	42	3	4	0	194
43	1	1	43	1	2	4	1663
43	1	1	43	1	3	4	1663
43	1	1	43	1	4	6	1663
43	1	2	43	1	3	6	1663
43	1	2	43	1	4	4	1663
43	1	3	43	1	4	4	1663
43	2	1	43	2	2	0	535
43	2	1	43	2	3	0	535
43	2	1	43	2	4	0	535
43	2	2	43	2	3	0	535
43	2	2	43	2	4	0	535
43	2	3	43	2	4	0	535
43	3	1	43	3	2	0	371
43	3	1	43	3	3	0	371
43	3	1	43	3	4	0	371
43	3	2	43	3	3	0	371
43	3	2	43	3	4	0	371
43	3	3	43	3	4	0	371
44	1	1	44	1	2	3	1585
44	1	1	44	1	3	4	1585
44	1	1	44	1	4	4	1585
44	1	2	44	1	3	1	1585
44	1	2	44	1	4	1	1585
44	1	3	44	1	4	0	1585
44	2	1	44	2	2	0	564
44	2	1	44	2	3	0	564
44	2	1	44	2	4	1	564
44	2	2	44	2	3	0	564
44	2	2	44	2	4	1	564
44	2	3	44	2	4	1	564
44	3	1	44	3	2	0	170
44	3	1	44	3	3	0	170
44	3	1	44	3	4	0	170
44	3	2	44	3	3	0	170
44	3	2	44	3	4	0	170
44	3	3	44	3	4	0	170
46	1	1	46	1	2	0	1685
46	1	1	46	1	3	0	1685
46	1	1	46	1	4	0	1685
46	1	2	46	1	3	0	1685
46	1	2	46	1	4	0	1685
46	1	3	46	1	4	0	1685
47	1	1	47	1	2	0	1602
47	1	1	47	1	3	0	1602
47	1	1	47	1	4	0	1602
47	1	2	47	1	3	0	1602
47	1	2	47	1	4	0	1602
47	1	3	47	1	4	0	1602
48	1	1	48	1	2	0	1371
48	1	1	48	1	3	0	1371
48	1	1	48	1	4	0	1371
48	1	2	48	1	3	0	1371
48	1	2	48	1	4	0	1371
48	1	3	48	1	4	0	1371
49	1	1	49	1	2	0	1662
49	1	1	49	1	3	0	1662
49	1	1	49	1	4	2	1662
49	1	2	49	1	3	0	1662
49	1	2	49	1	4	2	1662
49	1	3	49	1	4	2	1662
49	2	1	49	2	2	0	200
49	2	1	49	2	3	0	200
49	2	1	49	2	4	0	200
49	2	2	49	2	3	0	200
49	2	2	49	2	4	0	200
49	2	3	49	2	4	0	200
50	1	1	50	1	2	1	1688
50	1	1	50	1	3	1	1688
50	1	1	50	1	4	2	1688
50	1	2	50	1	3	2	1688
50	1	2	50	1	4	1	1688
50	1	3	50	1	4	1	1688
51	1	1	51	1	2	0	1570
51	1	1	51	1	3	0	1570
51	1	1	51	1	4	0	1570
51	1	2	51	1	3	0	1570
51	1	2	51	1	4	0	1570
51	1	3	51	1	4	0	1570
52	1	1	52	1	2	3	1830
52	1	1	52	1	3	1	1830
52	1	1	52	1	4	4	1830
52	1	2	52	1	3	4	1830
52	1	2	52	1	4	1	1830
52	1	3	52	1	4	3	1830
52	2	1	52	2	2	0	366
52	2	1	52	2	3	0	366
52	2	1	52	2	4	0	366
52	2	2	52	2	3	0	366
52	2	2	52	2	4	0	366
52	2	3	52	2	4	0	366
54	1	1	54	1	2	0	1232
54	1	1	54	1	3	0	1232
54	1	1	54	1	4	0	1232
54	1	2	54	1	3	0	1232
54	1	2	54	1	4	0	1232
54	1	3	54	1	4	0	1232
55	1	1	55	1	2	0	1552
55	1	1	55	1	3	1	1552
55	1	1	55	1	4	1	1552
55	1	2	55	1	3	1	1552
55	1	2	55	1	4	1	1552
55	1	3	55	1	4	0	1552
55	2	1	55	2	2	0	805
55	2	1	55	2	3	0	805
55	2	1	55	2	4	0	805
55	2	2	55	2	3	0	805
55	2	2	55	2	4	0	805
55	2	3	55	2	4	0	805
55	3	1	55	3	2	0	244
55	3	1	55	3	3	0	244
55	3	1	55	3	4	0	244
55	3	2	55	3	3	0	244
55	3	2	55	3	4	0	244
55	3	3	55	3	4	0	244
56	1	1	56	1	2	1	1659
56	1	1	56	1	3	3	1659
56	1	1	56	1	4	3	1659
56	1	2	56	1	3	2	1659
56	1	2	56	1	4	2	1659
56	1	3	56	1	4	0	1659
57	1	1	57	1	2	2	1485
57	1	1	57	1	3	1	1485
57	1	1	57	1	4	2	1485
57	1	2	57	1	3	3	1485
57	1	2	57	1	4	2	1485
57	1	3	57	1	4	1	1485
58	1	1	58	1	2	0	1478
58	1	1	58	1	3	1	1478
58	1	1	58	1	4	1	1478
58	1	2	58	1	3	1	1478
58	1	2	58	1	4	1	1478
58	1	3	58	1	4	0	1478
60	1	1	60	1	2	0	1755
60	1	1	60	1	3	3	1755
60	1	1	60	1	4	3	1755
60	1	2	60	1	3	3	1755
60	1	2	60	1	4	3	1755
60	1	3	60	1	4	1	1755
61	1	1	61	1	2	1	1875
61	1	1	61	1	3	1	1875
61	1	1	61	1	4	1	1875
61	1	2	61	1	3	0	1875
61	1	2	61	1	4	2	1875
61	1	3	61	1	4	2	1875
61	2	1	61	2	2	4	299
61	2	1	61	2	3	4	299
61	2	1	61	2	4	3	299
61	2	2	61	2	3	2	299
61	2	2	61	2	4	2	299
61	2	3	61	2	4	2	299
61	3	1	61	3	2	0	284
61	3	1	61	3	3	0	284
61	3	1	61	3	4	0	284
61	3	2	61	3	3	0	284
61	3	2	61	3	4	0	284
61	3	3	61	3	4	0	284
61	4	1	61	4	2	0	305
61	4	1	61	4	3	0	305
61	4	1	61	4	4	0	305
61	4	2	61	4	3	0	305
61	4	2	61	4	4	0	305
61	4	3	61	4	4	0	305
62	1	1	62	1	2	0	1605
62	1	1	62	1	3	2	1605
62	1	1	62	1	4	2	1605
62	1	2	62	1	3	2	1605
62	1	2	62	1	4	2	1605
62	1	3	62	1	4	0	1605
63	1	1	63	1	2	0	1717
63	1	1	63	1	3	0	1717
63	1	1	63	1	4	0	1717
63	1	2	63	1	3	0	1717
63	1	2	63	1	4	0	1717
63	1	3	63	1	4	0	1717
64	1	1	64	1	2	0	1732
64	1	1	64	1	3	0	1732
64	1	1	64	1	4	0	1732
64	1	2	64	1	3	0	1732
64	1	2	64	1	4	0	1732
64	1	3	64	1	4	0	1732
65	1	1	65	1	2	0	1796
65	1	1	65	1	3	0	1796
65	1	1	65	1	4	0	1796
65	1	2	65	1	3	0	1796
65	1	2	65	1	4	0	1796
65	1	3	65	1	4	0	1796
65	2	1	65	2	2	0	321
65	2	1	65	2	3	0	321
65	2	1	65	2	4	0	321
65	2	2	65	2	3	0	321
65	2	2	65	2	4	0	321
65	2	3	65	2	4	0	321
66	1	1	66	1	2	0	858
66	1	1	66	1	3	1	858
66	1	1	66	1	4	1	858
66	1	2	66	1	3	1	858
66	1	2	66	1	4	1	858
66	1	3	66	1	4	0	858
67	1	1	67	1	2	0	1783
67	1	1	67	1	3	0	1783
67	1	1	67	1	4	0	1783
67	1	2	67	1	3	0	1783
67	1	2	67	1	4	0	1783
67	1	3	67	1	4	0	1783
68	1	1	68	1	2	1	1325
68	1	1	68	1	3	1	1325
68	1	1	68	1	4	1	1325
68	1	2	68	1	3	0	1325
68	1	2	68	1	4	0	1325
68	1	3	68	1	4	0	1325
68	2	1	68	2	2	0	1304
68	2	1	68	2	3	0	1304
68	2	1	68	2	4	0	1304
68	2	2	68	2	3	0	1304
68	2	2	68	2	4	0	1304
68	2	3	68	2	4	0	1304
68	3	1	68	3	2	0	467
68	3	1	68	3	3	0	467
68	3	1	68	3	4	0	467
68	3	2	68	3	3	0	467
68	3	2	68	3	4	0	467
68	3	3	68	3	4	0	467
69	1	1	69	1	2	0	1668
69	1	1	69	1	3	0	1668
69	1	1	69	1	4	0	1668
69	1	2	69	1	3	0	1668
69	1	2	69	1	4	0	1668
69	1	3	69	1	4	0	1668
69	2	1	69	2	2	0	1033
69	2	1	69	2	3	0	1033
69	2	1	69	2	4	0	1033
69	2	2	69	2	3	0	1033
69	2	2	69	2	4	0	1033
69	2	3	69	2	4	0	1033
69	3	1	69	3	2	0	850
69	3	1	69	3	3	0	850
69	3	1	69	3	4	0	850
69	3	2	69	3	3	0	850
69	3	2	69	3	4	0	850
69	3	3	69	3	4	0	850
70	1	1	70	1	2	0	723
70	1	1	70	1	3	0	723
70	1	1	70	1	4	0	723
70	1	2	70	1	3	0	723
70	1	2	70	1	4	0	723
70	1	3	70	1	4	0	723
70	2	1	70	2	2	0	517
70	2	1	70	2	3	0	517
70	2	1	70	2	4	0	517
70	2	2	70	2	3	0	517
70	2	2	70	2	4	0	517
70	2	3	70	2	4	0	517
71	1	1	71	1	2	0	1416
71	1	1	71	1	3	0	1416
71	1	1	71	1	4	0	1416
71	1	2	71	1	3	0	1416
71	1	2	71	1	4	0	1416
71	1	3	71	1	4	0	1416
71	2	1	71	2	2	0	1098
71	2	1	71	2	3	0	1098
71	2	1	71	2	4	0	1098
71	2	2	71	2	3	0	1098
71	2	2	71	2	4	0	1098
71	2	3	71	2	4	0	1098
72	1	1	72	1	2	0	1374
72	1	1	72	1	3	0	1374
72	1	1	72	1	4	0	1374
72	1	2	72	1	3	0	1374
72	1	2	72	1	4	0	1374
72	1	3	72	1	4	0	1374
73	1	1	73	1	2	0	1721
73	1	1	73	1	3	2	1721
73	1	1	73	1	4	2	1721
73	1	2	73	1	3	2	1721
73	1	2	73	1	4	2	1721
73	1	3	73	1	4	0	1721
74	1	1	74	1	2	0	529
74	1	1	74	1	3	0	529
74	1	1	74	1	4	0	529
74	1	2	74	1	3	0	529
74	1	2	74	1	4	0	529
74	1	3	74	1	4	0	529
74	2	1	74	2	2	0	597
74	2	1	74	2	3	0	597
74	2	1	74	2	4	0	597
74	2	2	74	2	3	0	597
74	2	2	74	2	4	0	597
74	2	3	74	2	4	0	597
75	1	1	75	1	2	5	1536
75	1	1	75	1	3	6	1536
75	1	1	75	1	4	7	1536
75	1	2	75	1	3	7	1536
75	1	2	75	1	4	6	1536
75	1	3	75	1	4	1	1536
75	2	1	75	2	2	0	716
75	2	1	75	2	3	0	716
75	2	1	75	2	4	0	716
75	2	2	75	2	3	0	716
75	2	2	75	2	4	0	716
75	2	3	75	2	4	0	716
75	3	1	75	3	2	1	574
75	3	1	75	3	3	2	574
75	3	1	75	3	4	1	574
75	3	2	75	3	3	1	574
75	3	2	75	3	4	2	574
75	3	3	75	3	4	2	574
76	1	1	76	1	2	1	1636
76	1	1	76	1	3	1	1636
76	1	1	76	1	4	2	1636
76	1	2	76	1	3	2	1636
76	1	2	76	1	4	1	1636
76	1	3	76	1	4	1	1636
78	1	1	78	1	2	3	1334
78	1	1	78	1	3	1	1334
78	1	1	78	1	4	4	1334
78	1	2	78	1	3	4	1334
78	1	2	78	1	4	1	1334
78	1	3	78	1	4	3	1334
78	2	1	78	2	2	0	548
78	2	1	78	2	3	2	548
78	2	1	78	2	4	2	548
78	2	2	78	2	3	2	548
78	2	2	78	2	4	2	548
78	2	3	78	2	4	0	548
78	3	1	78	3	2	0	462
78	3	1	78	3	3	1	462
78	3	1	78	3	4	1	462
78	3	2	78	3	3	1	462
78	3	2	78	3	4	1	462
78	3	3	78	3	4	0	462
78	4	1	78	4	2	1	456
78	4	1	78	4	3	1	456
78	4	1	78	4	4	1	456
78	4	2	78	4	3	0	456
78	4	2	78	4	4	0	456
78	4	3	78	4	4	0	456
80	1	1	80	1	2	0	1035
80	1	1	80	1	3	1	1035
80	1	1	80	1	4	1	1035
80	1	2	80	1	3	1	1035
80	1	2	80	1	4	1	1035
80	1	3	80	1	4	0	1035
81	1	1	81	1	2	2	1606
81	1	1	81	1	3	2	1606
81	1	1	81	1	4	1	1606
81	1	2	81	1	3	0	1606
81	1	2	81	1	4	3	1606
81	1	3	81	1	4	3	1606
82	1	1	82	1	2	1	1444
82	1	1	82	1	3	2	1444
82	1	1	82	1	4	3	1444
82	1	2	82	1	3	3	1444
82	1	2	82	1	4	2	1444
82	1	3	82	1	4	1	1444
83	1	1	83	1	2	0	1191
83	1	1	83	1	3	0	1191
83	1	1	83	1	4	0	1191
83	1	2	83	1	3	0	1191
83	1	2	83	1	4	0	1191
83	1	3	83	1	4	0	1191
84	1	1	84	1	2	1	1786
84	1	1	84	1	3	2	1786
84	1	1	84	1	4	2	1786
84	1	2	84	1	3	1	1786
84	1	2	84	1	4	1	1786
84	1	3	84	1	4	0	1786
84	2	1	84	2	2	1	1497
84	2	1	84	2	3	1	1497
84	2	1	84	2	4	2	1497
84	2	2	84	2	3	2	1497
84	2	2	84	2	4	1	1497
84	2	3	84	2	4	1	1497
84	3	1	84	3	2	1	897
84	3	1	84	3	3	1	897
84	3	1	84	3	4	1	897
84	3	2	84	3	3	0	897
84	3	2	84	3	4	0	897
84	3	3	84	3	4	0	897
84	4	1	84	4	2	1	349
84	4	1	84	4	3	2	349
84	4	1	84	4	4	2	349
84	4	2	84	4	3	1	349
84	4	2	84	4	4	2	349
84	4	3	84	4	4	1	349
84	5	1	84	5	2	3	323
84	5	1	84	5	3	5	323
84	5	1	84	5	4	2	323
84	5	2	84	5	3	5	323
84	5	2	84	5	4	4	323
84	5	3	84	5	4	5	323
85	1	1	85	1	2	0	1358
85	1	1	85	1	3	3	1358
85	1	1	85	1	4	3	1358
85	1	2	85	1	3	3	1358
85	1	2	85	1	4	3	1358
85	1	3	85	1	4	0	1358
85	2	1	85	2	2	0	1193
85	2	1	85	2	3	0	1193
85	2	1	85	2	4	0	1193
85	2	2	85	2	3	0	1193
85	2	2	85	2	4	0	1193
85	2	3	85	2	4	0	1193
86	1	1	86	1	2	0	943
86	1	1	86	1	3	1	943
86	1	1	86	1	4	1	943
86	1	2	86	1	3	1	943
86	1	2	86	1	4	1	943
86	1	3	86	1	4	0	943
86	2	1	86	2	2	0	828
86	2	1	86	2	3	2	828
86	2	1	86	2	4	2	828
86	2	2	86	2	3	2	828
86	2	2	86	2	4	2	828
86	2	3	86	2	4	0	828
87	1	1	87	1	2	0	1498
87	1	1	87	1	3	3	1498
87	1	1	87	1	4	3	1498
87	1	2	87	1	3	3	1498
87	1	2	87	1	4	3	1498
87	1	3	87	1	4	0	1498
87	2	1	87	2	2	0	525
87	2	1	87	2	3	1	525
87	2	1	87	2	4	1	525
87	2	2	87	2	3	1	525
87	2	2	87	2	4	1	525
87	2	3	87	2	4	0	525
88	1	1	88	1	2	0	813
88	1	1	88	1	3	2	813
88	1	1	88	1	4	2	813
88	1	2	88	1	3	2	813
88	1	2	88	1	4	2	813
88	1	3	88	1	4	0	813
88	2	1	88	2	2	0	854
88	2	1	88	2	3	2	854
88	2	1	88	2	4	2	854
88	2	2	88	2	3	2	854
88	2	2	88	2	4	2	854
88	2	3	88	2	4	0	854
88	3	1	88	3	2	0	473
88	3	1	88	3	3	2	473
88	3	1	88	3	4	2	473
88	3	2	88	3	3	2	473
88	3	2	88	3	4	2	473
88	3	3	88	3	4	0	473
88	4	1	88	4	2	0	556
88	4	1	88	4	3	0	556
88	4	1	88	4	4	0	556
88	4	2	88	4	3	0	556
88	4	2	88	4	4	0	556
88	4	3	88	4	4	0	556
88	5	1	88	5	2	0	398
88	5	1	88	5	3	0	398
88	5	1	88	5	4	0	398
88	5	2	88	5	3	0	398
88	5	2	88	5	4	0	398
88	5	3	88	5	4	0	398
88	6	1	88	6	2	0	332
88	6	1	88	6	3	0	332
88	6	1	88	6	4	0	332
88	6	2	88	6	3	0	332
88	6	2	88	6	4	0	332
88	6	3	88	6	4	0	332
89	1	1	89	1	2	0	1228
89	1	1	89	1	3	1	1228
89	1	1	89	1	4	1	1228
89	1	2	89	1	3	1	1228
89	1	2	89	1	4	1	1228
89	1	3	89	1	4	0	1228
90	1	1	90	1	2	2	1551
90	1	1	90	1	3	2	1551
90	1	1	90	1	4	1	1551
90	1	2	90	1	3	0	1551
90	1	2	90	1	4	1	1551
90	1	3	90	1	4	1	1551
91	1	1	91	1	2	0	1737
91	1	1	91	1	3	5	1737
91	1	1	91	1	4	9	1737
91	1	2	91	1	3	5	1737
91	1	2	91	1	4	9	1737
91	1	3	91	1	4	4	1737
92	1	1	92	1	2	0	1636
92	1	1	92	1	3	13	1636
92	1	1	92	1	4	13	1636
92	1	2	92	1	3	13	1636
92	1	2	92	1	4	13	1636
92	1	3	92	1	4	0	1636
93	1	1	93	1	2	0	1386
93	1	1	93	1	3	1	1386
93	1	1	93	1	4	1	1386
93	1	2	93	1	3	1	1386
93	1	2	93	1	4	1	1386
93	1	3	93	1	4	0	1386
94	1	1	94	1	2	0	1551
94	1	1	94	1	3	0	1551
94	1	1	94	1	4	0	1551
94	1	2	94	1	3	0	1551
94	1	2	94	1	4	0	1551
94	1	3	94	1	4	0	1551
95	1	1	95	1	2	0	1700
95	1	1	95	1	3	0	1700
95	1	1	95	1	4	0	1700
95	1	2	95	1	3	0	1700
95	1	2	95	1	4	0	1700
95	1	3	95	1	4	0	1700
96	1	1	96	1	2	0	1574
96	1	1	96	1	3	4	1574
96	1	1	96	1	4	4	1574
96	1	2	96	1	3	4	1574
96	1	2	96	1	4	4	1574
96	1	3	96	1	4	0	1574
98	1	1	98	1	2	0	1795
98	1	1	98	1	3	1	1795
98	1	1	98	1	4	1	1795
98	1	2	98	1	3	1	1795
98	1	2	98	1	4	1	1795
98	1	3	98	1	4	0	1795
98	2	1	98	2	2	0	699
98	2	1	98	2	3	0	699
98	2	1	98	2	4	0	699
98	2	2	98	2	3	0	699
98	2	2	98	2	4	0	699
98	2	3	98	2	4	0	699
99	1	1	99	1	2	0	1554
99	1	1	99	1	3	1	1554
99	1	1	99	1	4	1	1554
99	1	2	99	1	3	1	1554
99	1	2	99	1	4	1	1554
99	1	3	99	1	4	0	1554
100	1	1	100	1	2	9	1654
100	1	1	100	1	3	10	1654
100	1	1	100	1	4	7	1654
100	1	2	100	1	3	5	1654
100	1	2	100	1	4	10	1654
100	1	3	100	1	4	9	1654
101	1	1	101	1	2	0	1731
101	1	1	101	1	3	4	1731
101	1	1	101	1	4	4	1731
101	1	2	101	1	3	4	1731
101	1	2	101	1	4	4	1731
101	1	3	101	1	4	0	1731
102	1	1	102	1	2	0	1891
102	1	1	102	1	3	0	1891
102	1	1	102	1	4	0	1891
102	1	2	102	1	3	0	1891
102	1	2	102	1	4	0	1891
102	1	3	102	1	4	0	1891
102	2	1	102	2	2	0	650
102	2	1	102	2	3	0	650
102	2	1	102	2	4	0	650
102	2	2	102	2	3	0	650
102	2	2	102	2	4	0	650
102	2	3	102	2	4	0	650
102	3	1	102	3	2	0	259
102	3	1	102	3	3	0	259
102	3	1	102	3	4	0	259
102	3	2	102	3	3	0	259
102	3	2	102	3	4	0	259
102	3	3	102	3	4	0	259
103	1	1	103	1	2	0	741
103	1	1	103	1	3	0	741
103	1	1	103	1	4	0	741
103	1	2	103	1	3	0	741
103	1	2	103	1	4	0	741
103	1	3	103	1	4	0	741
103	2	1	103	2	2	0	1394
103	2	1	103	2	3	2	1394
103	2	1	103	2	4	2	1394
103	2	2	103	2	3	2	1394
103	2	2	103	2	4	2	1394
103	2	3	103	2	4	0	1394
103	3	1	103	3	2	0	485
103	3	1	103	3	3	1	485
103	3	1	103	3	4	1	485
103	3	2	103	3	3	1	485
103	3	2	103	3	4	1	485
103	3	3	103	3	4	0	485
104	1	1	104	1	2	0	1397
104	1	1	104	1	3	0	1397
104	1	1	104	1	4	0	1397
104	1	2	104	1	3	0	1397
104	1	2	104	1	4	0	1397
104	1	3	104	1	4	0	1397
104	2	1	104	2	2	0	500
104	2	1	104	2	3	0	500
104	2	1	104	2	4	0	500
104	2	2	104	2	3	0	500
104	2	2	104	2	4	0	500
104	2	3	104	2	4	0	500
105	1	1	105	1	2	0	1439
105	1	1	105	1	3	0	1439
105	1	1	105	1	4	0	1439
105	1	2	105	1	3	0	1439
105	1	2	105	1	4	0	1439
105	1	3	105	1	4	0	1439
107	1	1	107	1	2	0	1168
107	1	1	107	1	3	0	1168
107	1	1	107	1	4	4	1168
107	1	2	107	1	3	0	1168
107	1	2	107	1	4	4	1168
107	1	3	107	1	4	4	1168
108	1	1	108	1	2	0	965
108	1	1	108	1	3	1	965
108	1	1	108	1	4	2	965
108	1	2	108	1	3	1	965
108	1	2	108	1	4	2	965
108	1	3	108	1	4	1	965
108	2	1	108	2	2	0	735
108	2	1	108	2	3	0	735
108	2	1	108	2	4	0	735
108	2	2	108	2	3	0	735
108	2	2	108	2	4	0	735
108	2	3	108	2	4	0	735
108	3	1	108	3	2	0	342
108	3	1	108	3	3	0	342
108	3	1	108	3	4	0	342
108	3	2	108	3	3	0	342
108	3	2	108	3	4	0	342
108	3	3	108	3	4	0	342
109	1	1	109	1	2	0	1128
109	1	1	109	1	3	2	1128
109	1	1	109	1	4	2	1128
109	1	2	109	1	3	2	1128
109	1	2	109	1	4	2	1128
109	1	3	109	1	4	0	1128
110	1	1	110	1	2	3	1735
110	1	1	110	1	3	1	1735
110	1	1	110	1	4	1	1735
110	1	2	110	1	3	4	1735
110	1	2	110	1	4	4	1735
110	1	3	110	1	4	0	1735
111	1	1	111	1	2	1	1009
111	1	1	111	1	3	5	1009
111	1	1	111	1	4	5	1009
111	1	2	111	1	3	5	1009
111	1	2	111	1	4	5	1009
111	1	3	111	1	4	0	1009
112	1	1	112	1	2	0	1355
112	1	1	112	1	3	2	1355
112	1	1	112	1	4	3	1355
112	1	2	112	1	3	2	1355
112	1	2	112	1	4	3	1355
112	1	3	112	1	4	1	1355
112	2	1	112	2	2	0	314
112	2	1	112	2	3	0	314
112	2	1	112	2	4	0	314
112	2	2	112	2	3	0	314
112	2	2	112	2	4	0	314
112	2	3	112	2	4	0	314
113	1	1	113	1	2	0	959
113	1	1	113	1	3	2	959
113	1	1	113	1	4	2	959
113	1	2	113	1	3	2	959
113	1	2	113	1	4	2	959
113	1	3	113	1	4	0	959
114	1	1	114	1	2	0	1401
114	1	1	114	1	3	2	1401
114	1	1	114	1	4	2	1401
114	1	2	114	1	3	2	1401
114	1	2	114	1	4	2	1401
114	1	3	114	1	4	0	1401
115	1	1	115	1	2	4	1526
115	1	1	115	1	3	4	1526
115	1	1	115	1	4	6	1526
115	1	2	115	1	3	6	1526
115	1	2	115	1	4	4	1526
115	1	3	115	1	4	4	1526
118	1	1	118	1	2	0	1635
118	1	1	118	1	3	0	1635
118	1	1	118	1	4	0	1635
118	1	2	118	1	3	0	1635
118	1	2	118	1	4	0	1635
118	1	3	118	1	4	0	1635
118	2	1	118	2	2	0	378
118	2	1	118	2	3	0	378
118	2	1	118	2	4	0	378
118	2	2	118	2	3	0	378
118	2	2	118	2	4	0	378
118	2	3	118	2	4	0	378
119	1	1	119	1	2	0	1779
119	1	1	119	1	3	6	1779
119	1	1	119	1	4	4	1779
119	1	2	119	1	3	6	1779
119	1	2	119	1	4	4	1779
119	1	3	119	1	4	2	1779
120	1	1	120	1	2	0	1526
120	1	1	120	1	3	1	1526
120	1	1	120	1	4	1	1526
120	1	2	120	1	3	1	1526
120	1	2	120	1	4	1	1526
120	1	3	120	1	4	0	1526
121	1	1	121	1	2	1	1341
121	1	1	121	1	3	5	1341
121	1	1	121	1	4	5	1341
121	1	2	121	1	3	6	1341
121	1	2	121	1	4	4	1341
121	1	3	121	1	4	2	1341
122	1	1	122	1	2	1	1719
122	1	1	122	1	3	4	1719
122	1	1	122	1	4	5	1719
122	1	2	122	1	3	5	1719
122	1	2	122	1	4	4	1719
122	1	3	122	1	4	1	1719
123	1	1	123	1	2	3	1276
123	1	1	123	1	3	2	1276
123	1	1	123	1	4	4	1276
123	1	2	123	1	3	5	1276
123	1	2	123	1	4	1	1276
123	1	3	123	1	4	4	1276
124	1	1	124	1	2	0	1782
124	1	1	124	1	3	6	1782
124	1	1	124	1	4	4	1782
124	1	2	124	1	3	6	1782
124	1	2	124	1	4	4	1782
124	1	3	124	1	4	2	1782
125	1	1	125	1	2	1	1745
125	1	1	125	1	3	4	1745
125	1	1	125	1	4	4	1745
125	1	2	125	1	3	4	1745
125	1	2	125	1	4	4	1745
125	1	3	125	1	4	0	1745
126	1	1	126	1	2	0	2361
126	1	1	126	1	3	1	2361
126	1	1	126	1	4	1	2361
126	1	2	126	1	3	1	2361
126	1	2	126	1	4	1	2361
126	1	3	126	1	4	0	2361
127	1	1	127	1	2	0	1260
127	1	1	127	1	3	0	1260
127	1	1	127	1	4	0	1260
127	1	2	127	1	3	0	1260
127	1	2	127	1	4	0	1260
127	1	3	127	1	4	0	1260
128	1	1	128	1	2	0	1825
128	1	1	128	1	3	0	1825
128	1	1	128	1	4	0	1825
128	1	2	128	1	3	0	1825
128	1	2	128	1	4	0	1825
128	1	3	128	1	4	0	1825
129	1	1	129	1	2	14	1833
129	1	1	129	1	3	13	1833
129	1	1	129	1	4	16	1833
129	1	2	129	1	3	24	1833
129	1	2	129	1	4	14	1833
129	1	3	129	1	4	17	1833
130	1	1	130	1	2	0	2170
130	1	1	130	1	3	0	2170
130	1	1	130	1	4	0	2170
130	1	2	130	1	3	0	2170
130	1	2	130	1	4	0	2170
130	1	3	130	1	4	0	2170
131	1	1	131	1	2	0	1311
131	1	1	131	1	3	0	1311
131	1	1	131	1	4	0	1311
131	1	2	131	1	3	0	1311
131	1	2	131	1	4	0	1311
131	1	3	131	1	4	0	1311
132	1	1	132	1	2	2	1138
132	1	1	132	1	3	2	1138
132	1	1	132	1	4	2	1138
132	1	2	132	1	3	0	1138
132	1	2	132	1	4	0	1138
132	1	3	132	1	4	0	1138
133	1	1	133	1	2	0	1152
133	1	1	133	1	3	0	1152
133	1	1	133	1	4	0	1152
133	1	2	133	1	3	0	1152
133	1	2	133	1	4	0	1152
133	1	3	133	1	4	0	1152
135	1	1	135	1	2	0	1984
135	1	1	135	1	3	3	1984
135	1	1	135	1	4	4	1984
135	1	2	135	1	3	3	1984
135	1	2	135	1	4	4	1984
135	1	3	135	1	4	1	1984
136	1	1	136	1	2	0	1330
136	1	1	136	1	3	2	1330
136	1	1	136	1	4	2	1330
136	1	2	136	1	3	2	1330
136	1	2	136	1	4	2	1330
136	1	3	136	1	4	0	1330
137	1	1	137	1	2	0	1407
137	1	1	137	1	3	9	1407
137	1	1	137	1	4	9	1407
137	1	2	137	1	3	9	1407
137	1	2	137	1	4	9	1407
137	1	3	137	1	4	0	1407
137	2	1	137	2	2	0	770
137	2	1	137	2	3	1	770
137	2	1	137	2	4	1	770
137	2	2	137	2	3	1	770
137	2	2	137	2	4	1	770
137	2	3	137	2	4	0	770
140	1	1	140	1	2	5	1558
140	1	1	140	1	3	1	1558
140	1	1	140	1	4	6	1558
140	1	2	140	1	3	6	1558
140	1	2	140	1	4	1	1558
140	1	3	140	1	4	5	1558
140	2	1	140	2	2	1	354
140	2	1	140	2	3	3	354
140	2	1	140	2	4	2	354
140	2	2	140	2	3	2	354
140	2	2	140	2	4	2	354
140	2	3	140	2	4	2	354
141	1	1	141	1	2	0	1652
141	1	1	141	1	3	6	1652
141	1	1	141	1	4	6	1652
141	1	2	141	1	3	6	1652
141	1	2	141	1	4	6	1652
141	1	3	141	1	4	0	1652
143	1	1	143	1	2	0	1704
143	1	1	143	1	3	0	1704
143	1	1	143	1	4	0	1704
143	1	2	143	1	3	0	1704
143	1	2	143	1	4	0	1704
143	1	3	143	1	4	0	1704
144	1	1	144	1	2	2	1635
144	1	1	144	1	3	1	1635
144	1	1	144	1	4	3	1635
144	1	2	144	1	3	3	1635
144	1	2	144	1	4	1	1635
144	1	3	144	1	4	2	1635
145	1	1	145	1	2	18	1652
145	1	1	145	1	3	17	1652
145	1	1	145	1	4	18	1652
145	1	2	145	1	3	20	1652
145	1	2	145	1	4	24	1652
145	1	3	145	1	4	17	1652
145	2	1	145	2	2	1	484
145	2	1	145	2	3	1	484
145	2	1	145	2	4	1	484
145	2	2	145	2	3	0	484
145	2	2	145	2	4	1	484
145	2	3	145	2	4	1	484
145	3	1	145	3	2	0	178
145	3	1	145	3	3	0	178
145	3	1	145	3	4	0	178
145	3	2	145	3	3	0	178
145	3	2	145	3	4	0	178
145	3	3	145	3	4	0	178
146	1	1	146	1	2	0	2052
146	1	1	146	1	3	2	2052
146	1	1	146	1	4	2	2052
146	1	2	146	1	3	2	2052
146	1	2	146	1	4	2	2052
146	1	3	146	1	4	0	2052
147	1	1	147	1	2	0	677
147	1	1	147	1	3	0	677
147	1	1	147	1	4	0	677
147	1	2	147	1	3	0	677
147	1	2	147	1	4	0	677
147	1	3	147	1	4	0	677
148	1	1	148	1	2	0	1857
148	1	1	148	1	3	0	1857
148	1	1	148	1	4	0	1857
148	1	2	148	1	3	0	1857
148	1	2	148	1	4	0	1857
148	1	3	148	1	4	0	1857
149	1	1	149	1	2	0	1092
149	1	1	149	1	3	1	1092
149	1	1	149	1	4	1	1092
149	1	2	149	1	3	1	1092
149	1	2	149	1	4	1	1092
149	1	3	149	1	4	0	1092
149	2	1	149	2	2	6	977
149	2	1	149	2	3	2	977
149	2	1	149	2	4	2	977
149	2	2	149	2	3	8	977
149	2	2	149	2	4	8	977
149	2	3	149	2	4	0	977
149	3	1	149	3	2	0	514
149	3	1	149	3	3	0	514
149	3	1	149	3	4	0	514
149	3	2	149	3	3	0	514
149	3	2	149	3	4	0	514
149	3	3	149	3	4	0	514
149	4	1	149	4	2	0	182
149	4	1	149	4	3	0	182
149	4	1	149	4	4	0	182
149	4	2	149	4	3	0	182
149	4	2	149	4	4	0	182
149	4	3	149	4	4	0	182
150	1	1	150	1	2	0	1376
150	1	1	150	1	3	1	1376
150	1	1	150	1	4	1	1376
150	1	2	150	1	3	1	1376
150	1	2	150	1	4	1	1376
150	1	3	150	1	4	0	1376
151	1	1	151	1	2	0	1641
151	1	1	151	1	3	1	1641
151	1	1	151	1	4	1	1641
151	1	2	151	1	3	1	1641
151	1	2	151	1	4	1	1641
151	1	3	151	1	4	0	1641
151	2	1	151	2	2	0	860
151	2	1	151	2	3	1	860
151	2	1	151	2	4	1	860
151	2	2	151	2	3	1	860
151	2	2	151	2	4	1	860
151	2	3	151	2	4	0	860
151	3	1	151	3	2	0	371
151	3	1	151	3	3	0	371
151	3	1	151	3	4	0	371
151	3	2	151	3	3	0	371
151	3	2	151	3	4	0	371
151	3	3	151	3	4	0	371
152	1	1	152	1	2	0	1619
152	1	1	152	1	3	1	1619
152	1	1	152	1	4	2	1619
152	1	2	152	1	3	1	1619
152	1	2	152	1	4	2	1619
152	1	3	152	1	4	1	1619
153	1	1	153	1	2	0	1604
153	1	1	153	1	3	2	1604
153	1	1	153	1	4	4	1604
153	1	2	153	1	3	2	1604
153	1	2	153	1	4	4	1604
153	1	3	153	1	4	2	1604
153	2	1	153	2	2	6	1438
153	2	1	153	2	3	2	1438
153	2	1	153	2	4	6	1438
153	2	2	153	2	3	8	1438
153	2	2	153	2	4	4	1438
153	2	3	153	2	4	4	1438
154	1	1	154	1	2	0	591
154	1	1	154	1	3	2	591
154	1	1	154	1	4	2	591
154	1	2	154	1	3	2	591
154	1	2	154	1	4	2	591
154	1	3	154	1	4	0	591
154	2	1	154	2	2	0	440
154	2	1	154	2	3	2	440
154	2	1	154	2	4	2	440
154	2	2	154	2	3	2	440
154	2	2	154	2	4	2	440
154	2	3	154	2	4	0	440
155	1	1	155	1	2	14	1242
155	1	1	155	1	3	15	1242
155	1	1	155	1	4	10	1242
155	1	2	155	1	3	9	1242
155	1	2	155	1	4	17	1242
155	1	3	155	1	4	16	1242
155	2	1	155	2	2	0	489
155	2	1	155	2	3	0	489
155	2	1	155	2	4	0	489
155	2	2	155	2	3	0	489
155	2	2	155	2	4	0	489
155	2	3	155	2	4	0	489
156	1	1	156	1	2	2	1499
156	1	1	156	1	3	3	1499
156	1	1	156	1	4	3	1499
156	1	2	156	1	3	1	1499
156	1	2	156	1	4	1	1499
156	1	3	156	1	4	0	1499
157	1	1	157	1	2	1	1708
157	1	1	157	1	3	2	1708
157	1	1	157	1	4	2	1708
157	1	2	157	1	3	1	1708
157	1	2	157	1	4	1	1708
157	1	3	157	1	4	0	1708
157	2	1	157	2	2	0	450
157	2	1	157	2	3	0	450
157	2	1	157	2	4	0	450
157	2	2	157	2	3	0	450
157	2	2	157	2	4	0	450
157	2	3	157	2	4	0	450
158	1	1	158	1	2	1	1608
158	1	1	158	1	3	1	1608
158	1	1	158	1	4	1	1608
158	1	2	158	1	3	1	1608
158	1	2	158	1	4	1	1608
158	1	3	158	1	4	0	1608
159	1	1	159	1	2	0	1624
159	1	1	159	1	3	0	1624
159	1	1	159	1	4	0	1624
159	1	2	159	1	3	0	1624
159	1	2	159	1	4	0	1624
159	1	3	159	1	4	0	1624
159	2	1	159	2	2	3	622
159	2	1	159	2	3	3	622
159	2	1	159	2	4	4	622
159	2	2	159	2	3	0	622
159	2	2	159	2	4	3	622
159	2	3	159	2	4	3	622
159	3	1	159	3	2	0	449
159	3	1	159	3	3	1	449
159	3	1	159	3	4	2	449
159	3	2	159	3	3	1	449
159	3	2	159	3	4	2	449
159	3	3	159	3	4	1	449
159	4	1	159	4	2	0	532
159	4	1	159	4	3	0	532
159	4	1	159	4	4	0	532
159	4	2	159	4	3	0	532
159	4	2	159	4	4	0	532
159	4	3	159	4	4	0	532
159	5	1	159	5	2	0	387
159	5	1	159	5	3	0	387
159	5	1	159	5	4	0	387
159	5	2	159	5	3	0	387
159	5	2	159	5	4	0	387
159	5	3	159	5	4	0	387
160	1	1	160	1	2	0	1558
160	1	1	160	1	3	0	1558
160	1	1	160	1	4	0	1558
160	1	2	160	1	3	0	1558
160	1	2	160	1	4	0	1558
160	1	3	160	1	4	0	1558
160	2	1	160	2	2	0	1709
160	2	1	160	2	3	0	1709
160	2	1	160	2	4	0	1709
160	2	2	160	2	3	0	1709
160	2	2	160	2	4	0	1709
160	2	3	160	2	4	0	1709
160	3	1	160	3	2	0	1058
160	3	1	160	3	3	0	1058
160	3	1	160	3	4	0	1058
160	3	2	160	3	3	0	1058
160	3	2	160	3	4	0	1058
160	3	3	160	3	4	0	1058
161	1	1	161	1	2	0	1757
161	1	1	161	1	3	2	1757
161	1	1	161	1	4	2	1757
161	1	2	161	1	3	2	1757
161	1	2	161	1	4	2	1757
161	1	3	161	1	4	0	1757
161	2	1	161	2	2	0	494
161	2	1	161	2	3	0	494
161	2	1	161	2	4	0	494
161	2	2	161	2	3	0	494
161	2	2	161	2	4	0	494
161	2	3	161	2	4	0	494
161	3	1	161	3	2	0	474
161	3	1	161	3	3	0	474
161	3	1	161	3	4	0	474
161	3	2	161	3	3	0	474
161	3	2	161	3	4	0	474
161	3	3	161	3	4	0	474
164	1	1	164	1	2	0	1923
164	1	1	164	1	3	0	1923
164	1	1	164	1	4	0	1923
164	1	2	164	1	3	0	1923
164	1	2	164	1	4	0	1923
164	1	3	164	1	4	0	1923
165	1	1	165	1	2	0	1489
165	1	1	165	1	3	1	1489
165	1	1	165	1	4	1	1489
165	1	2	165	1	3	1	1489
165	1	2	165	1	4	1	1489
165	1	3	165	1	4	0	1489
166	1	1	166	1	2	0	1698
166	1	1	166	1	3	2	1698
166	1	1	166	1	4	2	1698
166	1	2	166	1	3	2	1698
166	1	2	166	1	4	2	1698
166	1	3	166	1	4	0	1698
167	1	1	167	1	2	0	1767
167	1	1	167	1	3	0	1767
167	1	1	167	1	4	0	1767
167	1	2	167	1	3	0	1767
167	1	2	167	1	4	0	1767
167	1	3	167	1	4	0	1767
167	2	1	167	2	2	0	484
167	2	1	167	2	3	0	484
167	2	1	167	2	4	0	484
167	2	2	167	2	3	0	484
167	2	2	167	2	4	0	484
167	2	3	167	2	4	0	484
169	1	1	169	1	2	1	1380
169	1	1	169	1	3	1	1380
169	1	1	169	1	4	2	1380
169	1	2	169	1	3	2	1380
169	1	2	169	1	4	1	1380
169	1	3	169	1	4	1	1380
170	1	1	170	1	2	2	1803
170	1	1	170	1	3	2	1803
170	1	1	170	1	4	1	1803
170	1	2	170	1	3	0	1803
170	1	2	170	1	4	1	1803
170	1	3	170	1	4	1	1803
170	2	1	170	2	2	0	276
170	2	1	170	2	3	0	276
170	2	1	170	2	4	0	276
170	2	2	170	2	3	0	276
170	2	2	170	2	4	0	276
170	2	3	170	2	4	0	276
171	1	1	171	1	2	0	1223
171	1	1	171	1	3	0	1223
171	1	1	171	1	4	1	1223
171	1	2	171	1	3	0	1223
171	1	2	171	1	4	1	1223
171	1	3	171	1	4	1	1223
172	1	1	172	1	2	0	1247
172	1	1	172	1	3	2	1247
172	1	1	172	1	4	2	1247
172	1	2	172	1	3	2	1247
172	1	2	172	1	4	2	1247
172	1	3	172	1	4	0	1247
172	2	1	172	2	2	0	363
172	2	1	172	2	3	0	363
172	2	1	172	2	4	0	363
172	2	2	172	2	3	0	363
172	2	2	172	2	4	0	363
172	2	3	172	2	4	0	363
173	1	1	173	1	2	2	978
173	1	1	173	1	3	5	978
173	1	1	173	1	4	4	978
173	1	2	173	1	3	5	978
173	1	2	173	1	4	4	978
173	1	3	173	1	4	4	978
174	1	1	174	1	2	0	1823
174	1	1	174	1	3	0	1823
174	1	1	174	1	4	0	1823
174	1	2	174	1	3	0	1823
174	1	2	174	1	4	0	1823
174	1	3	174	1	4	0	1823
174	2	1	174	2	2	0	161
174	2	1	174	2	3	0	161
174	2	1	174	2	4	0	161
174	2	2	174	2	3	0	161
174	2	2	174	2	4	0	161
174	2	3	174	2	4	0	161
175	1	1	175	1	2	0	1589
175	1	1	175	1	3	0	1589
175	1	1	175	1	4	0	1589
175	1	2	175	1	3	0	1589
175	1	2	175	1	4	0	1589
175	1	3	175	1	4	0	1589
176	1	1	176	1	2	0	1839
176	1	1	176	1	3	0	1839
176	1	1	176	1	4	0	1839
176	1	2	176	1	3	0	1839
176	1	2	176	1	4	0	1839
176	1	3	176	1	4	0	1839
176	2	1	176	2	2	0	728
176	2	1	176	2	3	0	728
176	2	1	176	2	4	0	728
176	2	2	176	2	3	0	728
176	2	2	176	2	4	0	728
176	2	3	176	2	4	0	728
177	1	1	177	1	2	7	1767
177	1	1	177	1	3	6	1767
177	1	1	177	1	4	2	1767
177	1	2	177	1	3	3	1767
177	1	2	177	1	4	7	1767
177	1	3	177	1	4	4	1767
178	1	1	178	1	2	0	1308
178	1	1	178	1	3	3	1308
178	1	1	178	1	4	3	1308
178	1	2	178	1	3	3	1308
178	1	2	178	1	4	3	1308
178	1	3	178	1	4	0	1308
178	2	1	178	2	2	0	642
178	2	1	178	2	3	3	642
178	2	1	178	2	4	4	642
178	2	2	178	2	3	3	642
178	2	2	178	2	4	4	642
178	2	3	178	2	4	1	642
178	3	1	178	3	2	0	268
178	3	1	178	3	3	0	268
178	3	1	178	3	4	0	268
178	3	2	178	3	3	0	268
178	3	2	178	3	4	0	268
178	3	3	178	3	4	0	268
179	1	1	179	1	2	3	1883
179	1	1	179	1	3	8	1883
179	1	1	179	1	4	11	1883
179	1	2	179	1	3	11	1883
179	1	2	179	1	4	8	1883
179	1	3	179	1	4	3	1883
180	1	1	180	1	2	0	1852
180	1	1	180	1	3	3	1852
180	1	1	180	1	4	3	1852
180	1	2	180	1	3	3	1852
180	1	2	180	1	4	3	1852
180	1	3	180	1	4	0	1852
181	1	1	181	1	2	4	1779
181	1	1	181	1	3	3	1779
181	1	1	181	1	4	7	1779
181	1	2	181	1	3	7	1779
181	1	2	181	1	4	3	1779
181	1	3	181	1	4	4	1779
182	1	1	182	1	2	0	1315
182	1	1	182	1	3	0	1315
182	1	1	182	1	4	0	1315
182	1	2	182	1	3	0	1315
182	1	2	182	1	4	0	1315
182	1	3	182	1	4	0	1315
182	2	1	182	2	2	0	378
182	2	1	182	2	3	0	378
182	2	1	182	2	4	0	378
182	2	2	182	2	3	0	378
182	2	2	182	2	4	0	378
182	2	3	182	2	4	0	378
183	1	1	183	1	2	0	1461
183	1	1	183	1	3	0	1461
183	1	1	183	1	4	0	1461
183	1	2	183	1	3	0	1461
183	1	2	183	1	4	0	1461
183	1	3	183	1	4	0	1461
184	1	1	184	1	2	0	1726
184	1	1	184	1	3	2	1726
184	1	1	184	1	4	1	1726
184	1	2	184	1	3	2	1726
184	1	2	184	1	4	1	1726
184	1	3	184	1	4	1	1726
184	2	1	184	2	2	0	303
184	2	1	184	2	3	0	303
184	2	1	184	2	4	1	303
184	2	2	184	2	3	0	303
184	2	2	184	2	4	1	303
184	2	3	184	2	4	1	303
184	3	1	184	3	2	0	271
184	3	1	184	3	3	0	271
184	3	1	184	3	4	0	271
184	3	2	184	3	3	0	271
184	3	2	184	3	4	0	271
184	3	3	184	3	4	0	271
184	4	1	184	4	2	0	159
184	4	1	184	4	3	0	159
184	4	1	184	4	4	0	159
184	4	2	184	4	3	0	159
184	4	2	184	4	4	0	159
184	4	3	184	4	4	0	159
185	1	1	185	1	2	1	1782
185	1	1	185	1	3	3	1782
185	1	1	185	1	4	2	1782
185	1	2	185	1	3	4	1782
185	1	2	185	1	4	1	1782
185	1	3	185	1	4	3	1782
186	1	1	186	1	2	2	1342
186	1	1	186	1	3	3	1342
186	1	1	186	1	4	3	1342
186	1	2	186	1	3	1	1342
186	1	2	186	1	4	1	1342
186	1	3	186	1	4	0	1342
187	1	1	187	1	2	0	1498
187	1	1	187	1	3	1	1498
187	1	1	187	1	4	1	1498
187	1	2	187	1	3	1	1498
187	1	2	187	1	4	1	1498
187	1	3	187	1	4	0	1498
187	2	1	187	2	2	0	451
187	2	1	187	2	3	0	451
187	2	1	187	2	4	0	451
187	2	2	187	2	3	0	451
187	2	2	187	2	4	0	451
187	2	3	187	2	4	0	451
188	1	1	188	1	2	0	1954
188	1	1	188	1	3	1	1954
188	1	1	188	1	4	1	1954
188	1	2	188	1	3	1	1954
188	1	2	188	1	4	1	1954
188	1	3	188	1	4	0	1954
189	1	1	189	1	2	0	1121
189	1	1	189	1	3	0	1121
189	1	1	189	1	4	1	1121
189	1	2	189	1	3	0	1121
189	1	2	189	1	4	1	1121
189	1	3	189	1	4	1	1121
189	2	1	189	2	2	0	568
189	2	1	189	2	3	1	568
189	2	1	189	2	4	1	568
189	2	2	189	2	3	1	568
189	2	2	189	2	4	1	568
189	2	3	189	2	4	0	568
189	3	1	189	3	2	0	243
189	3	1	189	3	3	0	243
189	3	1	189	3	4	0	243
189	3	2	189	3	3	0	243
189	3	2	189	3	4	0	243
189	3	3	189	3	4	0	243
190	1	1	190	1	2	1	1183
190	1	1	190	1	3	1	1183
190	1	1	190	1	4	2	1183
190	1	2	190	1	3	2	1183
190	1	2	190	1	4	1	1183
190	1	3	190	1	4	1	1183
191	1	1	191	1	2	0	1448
191	1	1	191	1	3	0	1448
191	1	1	191	1	4	0	1448
191	1	2	191	1	3	0	1448
191	1	2	191	1	4	0	1448
191	1	3	191	1	4	0	1448
192	1	1	192	1	2	1	1916
192	1	1	192	1	3	1	1916
192	1	1	192	1	4	1	1916
192	1	2	192	1	3	0	1916
192	1	2	192	1	4	0	1916
192	1	3	192	1	4	0	1916
193	1	1	193	1	2	0	1503
193	1	1	193	1	3	0	1503
193	1	1	193	1	4	0	1503
193	1	2	193	1	3	0	1503
193	1	2	193	1	4	0	1503
193	1	3	193	1	4	0	1503
193	2	1	193	2	2	0	1347
193	2	1	193	2	3	0	1347
193	2	1	193	2	4	0	1347
193	2	2	193	2	3	0	1347
193	2	2	193	2	4	0	1347
193	2	3	193	2	4	0	1347
193	3	1	193	3	2	0	648
193	3	1	193	3	3	5	648
193	3	1	193	3	4	5	648
193	3	2	193	3	3	5	648
193	3	2	193	3	4	5	648
193	3	3	193	3	4	0	648
194	1	1	194	1	2	36	1595
194	1	1	194	1	3	42	1595
194	1	1	194	1	4	43	1595
194	1	2	194	1	3	39	1595
194	1	2	194	1	4	53	1595
194	1	3	194	1	4	40	1595
194	2	1	194	2	2	0	584
194	2	1	194	2	3	0	584
194	2	1	194	2	4	0	584
194	2	2	194	2	3	0	584
194	2	2	194	2	4	0	584
194	2	3	194	2	4	0	584
194	3	1	194	3	2	0	666
194	3	1	194	3	3	0	666
194	3	1	194	3	4	0	666
194	3	2	194	3	3	0	666
194	3	2	194	3	4	0	666
194	3	3	194	3	4	0	666
194	4	1	194	4	2	0	607
194	4	1	194	4	3	0	607
194	4	1	194	4	4	0	607
194	4	2	194	4	3	0	607
194	4	2	194	4	4	0	607
194	4	3	194	4	4	0	607
195	1	1	195	1	2	3	1266
195	1	1	195	1	3	3	1266
195	1	1	195	1	4	3	1266
195	1	2	195	1	3	2	1266
195	1	2	195	1	4	2	1266
195	1	3	195	1	4	2	1266
195	2	1	195	2	2	0	325
195	2	1	195	2	3	0	325
195	2	1	195	2	4	0	325
195	2	2	195	2	3	0	325
195	2	2	195	2	4	0	325
195	2	3	195	2	4	0	325
195	3	1	195	3	2	0	261
195	3	1	195	3	3	0	261
195	3	1	195	3	4	0	261
195	3	2	195	3	3	0	261
195	3	2	195	3	4	0	261
195	3	3	195	3	4	0	261
196	1	1	196	1	2	0	1552
196	1	1	196	1	3	2	1552
196	1	1	196	1	4	2	1552
196	1	2	196	1	3	2	1552
196	1	2	196	1	4	2	1552
196	1	3	196	1	4	0	1552
197	1	1	197	1	2	38	1222
197	1	1	197	1	3	31	1222
197	1	1	197	1	4	32	1222
197	1	2	197	1	3	25	1222
197	1	2	197	1	4	23	1222
197	1	3	197	1	4	25	1222
197	2	1	197	2	2	0	1195
197	2	1	197	2	3	1	1195
197	2	1	197	2	4	1	1195
197	2	2	197	2	3	1	1195
197	2	2	197	2	4	1	1195
197	2	3	197	2	4	0	1195
198	1	1	198	1	2	1	996
198	1	1	198	1	3	2	996
198	1	1	198	1	4	2	996
198	1	2	198	1	3	1	996
198	1	2	198	1	4	2	996
198	1	3	198	1	4	1	996
199	1	1	199	1	2	8	1583
199	1	1	199	1	3	2	1583
199	1	1	199	1	4	10	1583
199	1	2	199	1	3	10	1583
199	1	2	199	1	4	3	1583
199	1	3	199	1	4	8	1583
200	1	1	200	1	2	0	1642
200	1	1	200	1	3	0	1642
200	1	1	200	1	4	0	1642
200	1	2	200	1	3	0	1642
200	1	2	200	1	4	0	1642
200	1	3	200	1	4	0	1642
201	1	1	201	1	2	4	1873
201	1	1	201	1	3	3	1873
201	1	1	201	1	4	4	1873
201	1	2	201	1	3	3	1873
201	1	2	201	1	4	4	1873
201	1	3	201	1	4	3	1873
201	2	1	201	2	2	0	396
201	2	1	201	2	3	0	396
201	2	1	201	2	4	0	396
201	2	2	201	2	3	0	396
201	2	2	201	2	4	0	396
201	2	3	201	2	4	0	396
202	1	1	202	1	2	24	2069
202	1	1	202	1	3	26	2069
202	1	1	202	1	4	17	2069
202	1	2	202	1	3	12	2069
202	1	2	202	1	4	18	2069
202	1	3	202	1	4	20	2069
202	2	1	202	2	2	0	272
202	2	1	202	2	3	0	272
202	2	1	202	2	4	0	272
202	2	2	202	2	3	0	272
202	2	2	202	2	4	0	272
202	2	3	202	2	4	0	272
202	3	1	202	3	2	0	287
202	3	1	202	3	3	0	287
202	3	1	202	3	4	0	287
202	3	2	202	3	3	0	287
202	3	2	202	3	4	0	287
202	3	3	202	3	4	0	287
203	1	1	203	1	2	2	1827
203	1	1	203	1	3	1	1827
203	1	1	203	1	4	3	1827
203	1	2	203	1	3	3	1827
203	1	2	203	1	4	1	1827
203	1	3	203	1	4	2	1827
204	1	1	204	1	2	1	750
204	1	1	204	1	3	2	750
204	1	1	204	1	4	2	750
204	1	2	204	1	3	1	750
204	1	2	204	1	4	1	750
204	1	3	204	1	4	0	750
205	1	1	205	1	2	0	1772
205	1	1	205	1	3	1	1772
205	1	1	205	1	4	1	1772
205	1	2	205	1	3	1	1772
205	1	2	205	1	4	1	1772
205	1	3	205	1	4	0	1772
205	2	1	205	2	2	0	246
205	2	1	205	2	3	0	246
205	2	1	205	2	4	0	246
205	2	2	205	2	3	0	246
205	2	2	205	2	4	0	246
205	2	3	205	2	4	0	246
206	1	1	206	1	2	0	1778
206	1	1	206	1	3	8	1778
206	1	1	206	1	4	8	1778
206	1	2	206	1	3	8	1778
206	1	2	206	1	4	8	1778
206	1	3	206	1	4	0	1778
207	1	1	207	1	2	0	1801
207	1	1	207	1	3	1	1801
207	1	1	207	1	4	1	1801
207	1	2	207	1	3	1	1801
207	1	2	207	1	4	1	1801
207	1	3	207	1	4	0	1801
207	2	1	207	2	2	0	226
207	2	1	207	2	3	0	226
207	2	1	207	2	4	0	226
207	2	2	207	2	3	0	226
207	2	2	207	2	4	0	226
207	2	3	207	2	4	0	226
208	1	1	208	1	2	1	1914
208	1	1	208	1	3	1	1914
208	1	1	208	1	4	2	1914
208	1	2	208	1	3	2	1914
208	1	2	208	1	4	1	1914
208	1	3	208	1	4	1	1914
209	1	1	209	1	2	0	1921
209	1	1	209	1	3	0	1921
209	1	1	209	1	4	0	1921
209	1	2	209	1	3	0	1921
209	1	2	209	1	4	0	1921
209	1	3	209	1	4	0	1921
210	1	1	210	1	2	8	1855
210	1	1	210	1	3	3	1855
210	1	1	210	1	4	10	1855
210	1	2	210	1	3	11	1855
210	1	2	210	1	4	4	1855
210	1	3	210	1	4	7	1855
210	2	1	210	2	2	0	225
210	2	1	210	2	3	0	225
210	2	1	210	2	4	0	225
210	2	2	210	2	3	0	225
210	2	2	210	2	4	0	225
210	2	3	210	2	4	0	225
211	1	1	211	1	2	1	1824
211	1	1	211	1	3	6	1824
211	1	1	211	1	4	4	1824
211	1	2	211	1	3	5	1824
211	1	2	211	1	4	5	1824
211	1	3	211	1	4	4	1824
212	1	1	212	1	2	0	1140
212	1	1	212	1	3	2	1140
212	1	1	212	1	4	2	1140
212	1	2	212	1	3	2	1140
212	1	2	212	1	4	2	1140
212	1	3	212	1	4	0	1140
213	1	1	213	1	2	0	1292
213	1	1	213	1	3	1	1292
213	1	1	213	1	4	1	1292
213	1	2	213	1	3	1	1292
213	1	2	213	1	4	1	1292
213	1	3	213	1	4	0	1292
214	1	1	214	1	2	1	1422
214	1	1	214	1	3	1	1422
214	1	1	214	1	4	1	1422
214	1	2	214	1	3	0	1422
214	1	2	214	1	4	1	1422
214	1	3	214	1	4	1	1422
215	1	1	215	1	2	0	1165
215	1	1	215	1	3	1	1165
215	1	1	215	1	4	1	1165
215	1	2	215	1	3	1	1165
215	1	2	215	1	4	1	1165
215	1	3	215	1	4	0	1165
215	2	1	215	2	2	0	1735
215	2	1	215	2	3	1	1735
215	2	1	215	2	4	1	1735
215	2	2	215	2	3	1	1735
215	2	2	215	2	4	1	1735
215	2	3	215	2	4	0	1735
216	1	1	216	1	2	82	2049
216	1	1	216	1	3	68	2049
216	1	1	216	1	4	76	2049
216	1	2	216	1	3	55	2049
216	1	2	216	1	4	75	2049
216	1	3	216	1	4	76	2049
218	1	1	218	1	2	0	1499
218	1	1	218	1	3	1	1499
218	1	1	218	1	4	1	1499
218	1	2	218	1	3	1	1499
218	1	2	218	1	4	1	1499
218	1	3	218	1	4	0	1499
219	1	1	219	1	2	1	1618
219	1	1	219	1	3	1	1618
219	1	1	219	1	4	1	1618
219	1	2	219	1	3	2	1618
219	1	2	219	1	4	2	1618
219	1	3	219	1	4	0	1618
220	1	1	220	1	2	3	1559
220	1	1	220	1	3	7	1559
220	1	1	220	1	4	7	1559
220	1	2	220	1	3	4	1559
220	1	2	220	1	4	5	1559
220	1	3	220	1	4	3	1559
221	1	1	221	1	2	2	1696
221	1	1	221	1	3	1	1696
221	1	1	221	1	4	2	1696
221	1	2	221	1	3	3	1696
221	1	2	221	1	4	2	1696
221	1	3	221	1	4	2	1696
221	2	1	221	2	2	0	177
221	2	1	221	2	3	0	177
221	2	1	221	2	4	0	177
221	2	2	221	2	3	0	177
221	2	2	221	2	4	0	177
221	2	3	221	2	4	0	177
222	1	1	222	1	2	0	1844
222	1	1	222	1	3	0	1844
222	1	1	222	1	4	0	1844
222	1	2	222	1	3	0	1844
222	1	2	222	1	4	0	1844
222	1	3	222	1	4	0	1844
224	1	1	224	1	2	0	1317
224	1	1	224	1	3	2	1317
224	1	1	224	1	4	2	1317
224	1	2	224	1	3	2	1317
224	1	2	224	1	4	2	1317
224	1	3	224	1	4	2	1317
225	1	1	225	1	2	0	1753
225	1	1	225	1	3	0	1753
225	1	1	225	1	4	0	1753
225	1	2	225	1	3	0	1753
225	1	2	225	1	4	0	1753
225	1	3	225	1	4	0	1753
226	1	1	226	1	2	7	1489
226	1	1	226	1	3	6	1489
226	1	1	226	1	4	2	1489
226	1	2	226	1	3	5	1489
226	1	2	226	1	4	9	1489
226	1	3	226	1	4	8	1489
227	1	1	227	1	2	2	1689
227	1	1	227	1	3	2	1689
227	1	1	227	1	4	4	1689
227	1	2	227	1	3	4	1689
227	1	2	227	1	4	6	1689
227	1	3	227	1	4	2	1689
228	1	1	228	1	2	0	919
228	1	1	228	1	3	4	919
228	1	1	228	1	4	6	919
228	1	2	228	1	3	4	919
228	1	2	228	1	4	6	919
228	1	3	228	1	4	2	919
228	2	1	228	2	2	0	745
228	2	1	228	2	3	0	745
228	2	1	228	2	4	0	745
228	2	2	228	2	3	0	745
228	2	2	228	2	4	0	745
228	2	3	228	2	4	0	745
228	3	1	228	3	2	0	256
228	3	1	228	3	3	0	256
228	3	1	228	3	4	0	256
228	3	2	228	3	3	0	256
228	3	2	228	3	4	0	256
228	3	3	228	3	4	0	256
229	1	1	229	1	2	0	1813
229	1	1	229	1	3	0	1813
229	1	1	229	1	4	0	1813
229	1	2	229	1	3	0	1813
229	1	2	229	1	4	0	1813
229	1	3	229	1	4	0	1813
230	1	1	230	1	2	0	1649
230	1	1	230	1	3	10	1649
230	1	1	230	1	4	10	1649
230	1	2	230	1	3	10	1649
230	1	2	230	1	4	10	1649
230	1	3	230	1	4	0	1649
231	1	1	231	1	2	0	1289
231	1	1	231	1	3	1	1289
231	1	1	231	1	4	1	1289
231	1	2	231	1	3	1	1289
231	1	2	231	1	4	1	1289
231	1	3	231	1	4	0	1289
231	2	1	231	2	2	0	542
231	2	1	231	2	3	0	542
231	2	1	231	2	4	0	542
231	2	2	231	2	3	0	542
231	2	2	231	2	4	0	542
231	2	3	231	2	4	0	542
232	1	1	232	1	2	0	1781
232	1	1	232	1	3	0	1781
232	1	1	232	1	4	0	1781
232	1	2	232	1	3	0	1781
232	1	2	232	1	4	0	1781
232	1	3	232	1	4	0	1781
233	1	1	233	1	2	10	1039
233	1	1	233	1	3	7	1039
233	1	1	233	1	4	9	1039
233	1	2	233	1	3	9	1039
233	1	2	233	1	4	10	1039
233	1	3	233	1	4	9	1039
234	1	1	234	1	2	0	1900
234	1	1	234	1	3	3	1900
234	1	1	234	1	4	3	1900
234	1	2	234	1	3	3	1900
234	1	2	234	1	4	3	1900
234	1	3	234	1	4	0	1900
236	1	1	236	1	2	0	1835
236	1	1	236	1	3	2	1835
236	1	1	236	1	4	2	1835
236	1	2	236	1	3	2	1835
236	1	2	236	1	4	2	1835
236	1	3	236	1	4	0	1835
237	1	1	237	1	2	0	1300
237	1	1	237	1	3	0	1300
237	1	1	237	1	4	0	1300
237	1	2	237	1	3	0	1300
237	1	2	237	1	4	0	1300
237	1	3	237	1	4	0	1300
238	1	1	238	1	2	0	1793
238	1	1	238	1	3	4	1793
238	1	1	238	1	4	4	1793
238	1	2	238	1	3	4	1793
238	1	2	238	1	4	4	1793
238	1	3	238	1	4	0	1793
239	1	1	239	1	2	1	1908
239	1	1	239	1	3	1	1908
239	1	1	239	1	4	2	1908
239	1	2	239	1	3	2	1908
239	1	2	239	1	4	1	1908
239	1	3	239	1	4	1	1908
240	1	1	240	1	2	2	2092
240	1	1	240	1	3	2	2092
240	1	1	240	1	4	5	2092
240	1	2	240	1	3	3	2092
240	1	2	240	1	4	4	2092
240	1	3	240	1	4	3	2092
241	1	1	241	1	2	2	1882
241	1	1	241	1	3	4	1882
241	1	1	241	1	4	3	1882
241	1	2	241	1	3	4	1882
241	1	2	241	1	4	1	1882
241	1	3	241	1	4	3	1882
242	1	1	242	1	2	2	1709
242	1	1	242	1	3	2	1709
242	1	1	242	1	4	1	1709
242	1	2	242	1	3	0	1709
242	1	2	242	1	4	3	1709
242	1	3	242	1	4	3	1709
243	1	1	243	1	2	2	1402
243	1	1	243	1	3	2	1402
243	1	1	243	1	4	3	1402
243	1	2	243	1	3	4	1402
243	1	2	243	1	4	3	1402
243	1	3	243	1	4	1	1402
243	2	1	243	2	2	1	1230
243	2	1	243	2	3	2	1230
243	2	1	243	2	4	2	1230
243	2	2	243	2	3	1	1230
243	2	2	243	2	4	1	1230
243	2	3	243	2	4	0	1230
243	3	1	243	3	2	0	672
243	3	1	243	3	3	0	672
243	3	1	243	3	4	0	672
243	3	2	243	3	3	0	672
243	3	2	243	3	4	0	672
243	3	3	243	3	4	0	672
243	4	1	243	4	2	1	465
243	4	1	243	4	3	1	465
243	4	1	243	4	4	1	465
243	4	2	243	4	3	0	465
243	4	2	243	4	4	1	465
243	4	3	243	4	4	1	465
243	5	1	243	5	2	0	190
243	5	1	243	5	3	0	190
243	5	1	243	5	4	0	190
243	5	2	243	5	3	0	190
243	5	2	243	5	4	0	190
243	5	3	243	5	4	0	190
244	1	1	244	1	2	4	975
244	1	1	244	1	3	5	975
244	1	1	244	1	4	5	975
244	1	2	244	1	3	2	975
244	1	2	244	1	4	2	975
244	1	3	244	1	4	0	975
245	1	1	245	1	2	2	1814
245	1	1	245	1	3	1	1814
245	1	1	245	1	4	2	1814
245	1	2	245	1	3	1	1814
245	1	2	245	1	4	2	1814
245	1	3	245	1	4	1	1814
245	2	1	245	2	2	4	1972
245	2	1	245	2	3	4	1972
245	2	1	245	2	4	2	1972
245	2	2	245	2	3	2	1972
245	2	2	245	2	4	6	1972
245	2	3	245	2	4	6	1972
245	3	1	245	3	2	0	341
245	3	1	245	3	3	0	341
245	3	1	245	3	4	0	341
245	3	2	245	3	3	0	341
245	3	2	245	3	4	0	341
245	3	3	245	3	4	0	341
247	1	1	247	1	2	0	1476
247	1	1	247	1	3	0	1476
247	1	1	247	1	4	0	1476
247	1	2	247	1	3	0	1476
247	1	2	247	1	4	0	1476
247	1	3	247	1	4	0	1476
250	1	1	250	1	2	0	2239
250	1	1	250	1	3	1	2239
250	1	1	250	1	4	1	2239
250	1	2	250	1	3	1	2239
250	1	2	250	1	4	1	2239
250	1	3	250	1	4	0	2239
251	1	1	251	1	2	1	2001
251	1	1	251	1	3	1	2001
251	1	1	251	1	4	2	2001
251	1	2	251	1	3	2	2001
251	1	2	251	1	4	1	2001
251	1	3	251	1	4	1	2001
252	1	1	252	1	2	0	930
252	1	1	252	1	3	2	930
252	1	1	252	1	4	2	930
252	1	2	252	1	3	2	930
252	1	2	252	1	4	2	930
252	1	3	252	1	4	1	930
253	1	1	253	1	2	1	946
253	1	1	253	1	3	2	946
253	1	1	253	1	4	2	946
253	1	2	253	1	3	2	946
253	1	2	253	1	4	2	946
253	1	3	253	1	4	0	946
253	2	1	253	2	2	1	561
253	2	1	253	2	3	3	561
253	2	1	253	2	4	3	561
253	2	2	253	2	3	2	561
253	2	2	253	2	4	4	561
253	2	3	253	2	4	2	561
254	1	1	254	1	2	0	1681
254	1	1	254	1	3	1	1681
254	1	1	254	1	4	1	1681
254	1	2	254	1	3	1	1681
254	1	2	254	1	4	1	1681
254	1	3	254	1	4	0	1681
257	1	1	257	1	2	2	1335
257	1	1	257	1	3	7	1335
257	1	1	257	1	4	9	1335
257	1	2	257	1	3	9	1335
257	1	2	257	1	4	7	1335
257	1	3	257	1	4	2	1335
259	1	1	259	1	2	0	1720
259	1	1	259	1	3	0	1720
259	1	1	259	1	4	0	1720
259	1	2	259	1	3	0	1720
259	1	2	259	1	4	0	1720
259	1	3	259	1	4	0	1720
260	1	1	260	1	2	1	1986
260	1	1	260	1	3	5	1986
260	1	1	260	1	4	4	1986
260	1	2	260	1	3	4	1986
260	1	2	260	1	4	3	1986
260	1	3	260	1	4	3	1986
261	1	1	261	1	2	5	1590
261	1	1	261	1	3	5	1590
261	1	1	261	1	4	9	1590
261	1	2	261	1	3	10	1590
261	1	2	261	1	4	4	1590
261	1	3	261	1	4	10	1590
264	1	1	264	1	2	8	1260
264	1	1	264	1	3	4	1260
264	1	1	264	1	4	7	1260
264	1	2	264	1	3	7	1260
264	1	2	264	1	4	6	1260
264	1	3	264	1	4	6	1260
264	2	1	264	2	2	0	291
264	2	1	264	2	3	0	291
264	2	1	264	2	4	0	291
264	2	2	264	2	3	0	291
264	2	2	264	2	4	0	291
264	2	3	264	2	4	0	291
265	1	1	265	1	2	1	1469
265	1	1	265	1	3	4	1469
265	1	1	265	1	4	5	1469
265	1	2	265	1	3	5	1469
265	1	2	265	1	4	5	1469
265	1	3	265	1	4	1	1469
266	1	1	266	1	2	2	833
266	1	1	266	1	3	2	833
266	1	1	266	1	4	2	833
266	1	2	266	1	3	0	833
266	1	2	266	1	4	0	833
266	1	3	266	1	4	0	833
267	1	1	267	1	2	0	1790
267	1	1	267	1	3	0	1790
267	1	1	267	1	4	0	1790
267	1	2	267	1	3	0	1790
267	1	2	267	1	4	0	1790
267	1	3	267	1	4	0	1790
268	1	1	268	1	2	0	1535
268	1	1	268	1	3	0	1535
268	1	1	268	1	4	0	1535
268	1	2	268	1	3	0	1535
268	1	2	268	1	4	0	1535
268	1	3	268	1	4	0	1535
269	1	1	269	1	2	1	1861
269	1	1	269	1	3	2	1861
269	1	1	269	1	4	2	1861
269	1	2	269	1	3	2	1861
269	1	2	269	1	4	3	1861
269	1	3	269	1	4	2	1861
269	2	1	269	2	2	0	1464
269	2	1	269	2	3	0	1464
269	2	1	269	2	4	0	1464
269	2	2	269	2	3	0	1464
269	2	2	269	2	4	0	1464
269	2	3	269	2	4	0	1464
269	3	1	269	3	2	0	328
269	3	1	269	3	3	0	328
269	3	1	269	3	4	0	328
269	3	2	269	3	3	0	328
269	3	2	269	3	4	0	328
269	3	3	269	3	4	0	328
269	4	1	269	4	2	0	211
269	4	1	269	4	3	0	211
269	4	1	269	4	4	0	211
269	4	2	269	4	3	0	211
269	4	2	269	4	4	0	211
269	4	3	269	4	4	0	211
270	1	1	270	1	2	12	1362
270	1	1	270	1	3	11	1362
270	1	1	270	1	4	3	1362
270	1	2	270	1	3	1	1362
270	1	2	270	1	4	12	1362
270	1	3	270	1	4	11	1362
271	1	1	271	1	2	286	902
271	1	1	271	1	3	286	902
271	1	1	271	1	4	286	902
271	1	2	271	1	3	286	902
271	1	2	271	1	4	294	902
271	1	3	271	1	4	303	902
271	2	1	271	2	2	0	1575
271	2	1	271	2	3	0	1575
271	2	1	271	2	4	0	1575
271	2	2	271	2	3	0	1575
271	2	2	271	2	4	0	1575
271	2	3	271	2	4	0	1575
271	3	1	271	3	2	1	1086
271	3	1	271	3	3	1	1086
271	3	1	271	3	4	1	1086
271	3	2	271	3	3	0	1086
271	3	2	271	3	4	0	1086
271	3	3	271	3	4	0	1086
271	4	1	271	4	2	0	670
271	4	1	271	4	3	1	670
271	4	1	271	4	4	1	670
271	4	2	271	4	3	1	670
271	4	2	271	4	4	1	670
271	4	3	271	4	4	0	670
271	5	1	271	5	2	0	511
271	5	1	271	5	3	0	511
271	5	1	271	5	4	0	511
271	5	2	271	5	3	0	511
271	5	2	271	5	4	0	511
271	5	3	271	5	4	0	511
271	6	1	271	6	2	0	495
271	6	1	271	6	3	0	495
271	6	1	271	6	4	0	495
271	6	2	271	6	3	0	495
271	6	2	271	6	4	0	495
271	6	3	271	6	4	0	495
271	7	1	271	7	2	0	509
271	7	1	271	7	3	0	509
271	7	1	271	7	4	0	509
271	7	2	271	7	3	0	509
271	7	2	271	7	4	0	509
271	7	3	271	7	4	0	509
271	8	1	271	8	2	0	500
271	8	1	271	8	3	0	500
271	8	1	271	8	4	0	500
271	8	2	271	8	3	0	500
271	8	2	271	8	4	0	500
271	8	3	271	8	4	0	500
271	9	1	271	9	2	0	402
271	9	1	271	9	3	0	402
271	9	1	271	9	4	0	402
271	9	2	271	9	3	0	402
271	9	2	271	9	4	0	402
271	9	3	271	9	4	0	402
272	1	1	272	1	2	2	1600
272	1	1	272	1	3	2	1600
272	1	1	272	1	4	1	1600
272	1	2	272	1	3	0	1600
272	1	2	272	1	4	1	1600
272	1	3	272	1	4	1	1600
272	2	1	272	2	2	0	213
272	2	1	272	2	3	0	213
272	2	1	272	2	4	0	213
272	2	2	272	2	3	0	213
272	2	2	272	2	4	0	213
272	2	3	272	2	4	0	213
272	3	1	272	3	2	0	357
272	3	1	272	3	3	0	357
272	3	1	272	3	4	0	357
272	3	2	272	3	3	0	357
272	3	2	272	3	4	0	357
272	3	3	272	3	4	0	357
273	1	1	273	1	2	0	1648
273	1	1	273	1	3	9	1648
273	1	1	273	1	4	9	1648
273	1	2	273	1	3	9	1648
273	1	2	273	1	4	9	1648
273	1	3	273	1	4	0	1648
274	1	1	274	1	2	2	1489
274	1	1	274	1	3	4	1489
274	1	1	274	1	4	4	1489
274	1	2	274	1	3	2	1489
274	1	2	274	1	4	4	1489
274	1	3	274	1	4	4	1489
275	1	1	275	1	2	1	1408
275	1	1	275	1	3	3	1408
275	1	1	275	1	4	3	1408
275	1	2	275	1	3	2	1408
275	1	2	275	1	4	2	1408
275	1	3	275	1	4	0	1408
276	1	1	276	1	2	0	1613
276	1	1	276	1	3	2	1613
276	1	1	276	1	4	2	1613
276	1	2	276	1	3	2	1613
276	1	2	276	1	4	2	1613
276	1	3	276	1	4	0	1613
277	1	1	277	1	2	1	1231
277	1	1	277	1	3	4	1231
277	1	1	277	1	4	7	1231
277	1	2	277	1	3	5	1231
277	1	2	277	1	4	6	1231
277	1	3	277	1	4	5	1231
278	1	1	278	1	2	1	1487
278	1	1	278	1	3	2	1487
278	1	1	278	1	4	3	1487
278	1	2	278	1	3	1	1487
278	1	2	278	1	4	2	1487
278	1	3	278	1	4	1	1487
279	1	1	279	1	2	0	1818
279	1	1	279	1	3	1	1818
279	1	1	279	1	4	1	1818
279	1	2	279	1	3	1	1818
279	1	2	279	1	4	1	1818
279	1	3	279	1	4	0	1818
280	1	1	280	1	2	0	817
280	1	1	280	1	3	1	817
280	1	1	280	1	4	1	817
280	1	2	280	1	3	1	817
280	1	2	280	1	4	1	817
280	1	3	280	1	4	0	817
281	1	1	281	1	2	1	1826
281	1	1	281	1	3	2	1826
281	1	1	281	1	4	2	1826
281	1	2	281	1	3	1	1826
281	1	2	281	1	4	1	1826
281	1	3	281	1	4	0	1826
282	1	1	282	1	2	0	1233
282	1	1	282	1	3	0	1233
282	1	1	282	1	4	0	1233
282	1	2	282	1	3	0	1233
282	1	2	282	1	4	0	1233
282	1	3	282	1	4	0	1233
283	1	1	283	1	2	3	1848
283	1	1	283	1	3	4	1848
283	1	1	283	1	4	7	1848
283	1	2	283	1	3	7	1848
283	1	2	283	1	4	4	1848
283	1	3	283	1	4	3	1848
284	1	1	284	1	2	0	1898
284	1	1	284	1	3	0	1898
284	1	1	284	1	4	0	1898
284	1	2	284	1	3	0	1898
284	1	2	284	1	4	0	1898
284	1	3	284	1	4	0	1898
285	1	1	285	1	2	0	1564
285	1	1	285	1	3	8	1564
285	1	1	285	1	4	11	1564
285	1	2	285	1	3	8	1564
285	1	2	285	1	4	11	1564
285	1	3	285	1	4	3	1564
285	2	1	285	2	2	0	922
285	2	1	285	2	3	0	922
285	2	1	285	2	4	0	922
285	2	2	285	2	3	0	922
285	2	2	285	2	4	0	922
285	2	3	285	2	4	0	922
286	1	1	286	1	2	0	1222
286	1	1	286	1	3	0	1222
286	1	1	286	1	4	0	1222
286	1	2	286	1	3	0	1222
286	1	2	286	1	4	0	1222
286	1	3	286	1	4	0	1222
286	2	1	286	2	2	0	374
286	2	1	286	2	3	0	374
286	2	1	286	2	4	0	374
286	2	2	286	2	3	0	374
286	2	2	286	2	4	0	374
286	2	3	286	2	4	0	374
286	3	1	286	3	2	0	150
286	3	1	286	3	3	0	150
286	3	1	286	3	4	0	150
286	3	2	286	3	3	0	150
286	3	2	286	3	4	0	150
286	3	3	286	3	4	0	150
287	1	1	287	1	2	0	1051
287	1	1	287	1	3	1	1051
287	1	1	287	1	4	1	1051
287	1	2	287	1	3	1	1051
287	1	2	287	1	4	1	1051
287	1	3	287	1	4	0	1051
287	2	1	287	2	2	0	500
287	2	1	287	2	3	0	500
287	2	1	287	2	4	0	500
287	2	2	287	2	3	0	500
287	2	2	287	2	4	0	500
287	2	3	287	2	4	0	500
288	1	1	288	1	2	1	1943
288	1	1	288	1	3	1	1943
288	1	1	288	1	4	2	1943
288	1	2	288	1	3	2	1943
288	1	2	288	1	4	1	1943
288	1	3	288	1	4	1	1943
288	2	1	288	2	2	0	276
288	2	1	288	2	3	0	276
288	2	1	288	2	4	0	276
288	2	2	288	2	3	0	276
288	2	2	288	2	4	0	276
288	2	3	288	2	4	0	276
289	1	1	289	1	2	0	1736
289	1	1	289	1	3	2	1736
289	1	1	289	1	4	2	1736
289	1	2	289	1	3	2	1736
289	1	2	289	1	4	2	1736
289	1	3	289	1	4	0	1736
289	2	1	289	2	2	0	1067
289	2	1	289	2	3	4	1067
289	2	1	289	2	4	4	1067
289	2	2	289	2	3	4	1067
289	2	2	289	2	4	4	1067
289	2	3	289	2	4	0	1067
289	3	1	289	3	2	0	186
289	3	1	289	3	3	0	186
289	3	1	289	3	4	0	186
289	3	2	289	3	3	0	186
289	3	2	289	3	4	0	186
289	3	3	289	3	4	0	186
290	1	1	290	1	2	4	1705
290	1	1	290	1	3	2	1705
290	1	1	290	1	4	8	1705
290	1	2	290	1	3	6	1705
290	1	2	290	1	4	4	1705
290	1	3	290	1	4	6	1705
291	1	1	291	1	2	2	1396
291	1	1	291	1	3	1	1396
291	1	1	291	1	4	2	1396
291	1	2	291	1	3	1	1396
291	1	2	291	1	4	1	1396
291	1	3	291	1	4	1	1396
292	1	1	292	1	2	1	807
292	1	1	292	1	3	3	807
292	1	1	292	1	4	3	807
292	1	2	292	1	3	2	807
292	1	2	292	1	4	2	807
292	1	3	292	1	4	0	807
293	1	1	293	1	2	0	1156
293	1	1	293	1	3	0	1156
293	1	1	293	1	4	0	1156
293	1	2	293	1	3	0	1156
293	1	2	293	1	4	0	1156
293	1	3	293	1	4	0	1156
294	1	1	294	1	2	0	1554
294	1	1	294	1	3	1	1554
294	1	1	294	1	4	1	1554
294	1	2	294	1	3	1	1554
294	1	2	294	1	4	1	1554
294	1	3	294	1	4	0	1554
294	2	1	294	2	2	0	1284
294	2	1	294	2	3	0	1284
294	2	1	294	2	4	0	1284
294	2	2	294	2	3	0	1284
294	2	2	294	2	4	0	1284
294	2	3	294	2	4	0	1284
294	3	1	294	3	2	0	951
294	3	1	294	3	3	0	951
294	3	1	294	3	4	0	951
294	3	2	294	3	3	0	951
294	3	2	294	3	4	0	951
294	3	3	294	3	4	0	951
295	1	1	295	1	2	0	1665
295	1	1	295	1	3	4	1665
295	1	1	295	1	4	7	1665
295	1	2	295	1	3	4	1665
295	1	2	295	1	4	7	1665
295	1	3	295	1	4	3	1665
296	1	1	296	1	2	2	1762
296	1	1	296	1	3	4	1762
296	1	1	296	1	4	4	1762
296	1	2	296	1	3	2	1762
296	1	2	296	1	4	6	1762
296	1	3	296	1	4	4	1762
297	1	1	297	1	2	7	1469
297	1	1	297	1	3	7	1469
297	1	1	297	1	4	1	1469
297	1	2	297	1	3	2	1469
297	1	2	297	1	4	6	1469
297	1	3	297	1	4	6	1469
298	1	1	298	1	2	2	1656
298	1	1	298	1	3	6	1656
298	1	1	298	1	4	7	1656
298	1	2	298	1	3	4	1656
298	1	2	298	1	4	5	1656
298	1	3	298	1	4	1	1656
298	2	1	298	2	2	0	350
298	2	1	298	2	3	0	350
298	2	1	298	2	4	0	350
298	2	2	298	2	3	0	350
298	2	2	298	2	4	0	350
298	2	3	298	2	4	0	350
299	1	1	299	1	2	0	1674
299	1	1	299	1	3	9	1674
299	1	1	299	1	4	9	1674
299	1	2	299	1	3	9	1674
299	1	2	299	1	4	9	1674
299	1	3	299	1	4	0	1674
299	2	1	299	2	2	0	1751
299	2	1	299	2	3	0	1751
299	2	1	299	2	4	0	1751
299	2	2	299	2	3	0	1751
299	2	2	299	2	4	0	1751
299	2	3	299	2	4	0	1751
300	1	1	300	1	2	0	1765
300	1	1	300	1	3	0	1765
300	1	1	300	1	4	0	1765
300	1	2	300	1	3	0	1765
300	1	2	300	1	4	0	1765
300	1	3	300	1	4	0	1765
301	1	1	301	1	2	0	1804
301	1	1	301	1	3	0	1804
301	1	1	301	1	4	0	1804
301	1	2	301	1	3	0	1804
301	1	2	301	1	4	0	1804
301	1	3	301	1	4	0	1804
301	2	1	301	2	2	1	1817
301	2	1	301	2	3	2	1817
301	2	1	301	2	4	3	1817
301	2	2	301	2	3	1	1817
301	2	2	301	2	4	4	1817
301	2	3	301	2	4	3	1817
301	3	1	301	3	2	0	811
301	3	1	301	3	3	2	811
301	3	1	301	3	4	2	811
301	3	2	301	3	3	2	811
301	3	2	301	3	4	2	811
301	3	3	301	3	4	0	811
302	1	1	302	1	2	4	1202
302	1	1	302	1	3	8	1202
302	1	1	302	1	4	4	1202
302	1	2	302	1	3	5	1202
302	1	2	302	1	4	7	1202
302	1	3	302	1	4	7	1202
303	1	1	303	1	2	0	1950
303	1	1	303	1	3	1	1950
303	1	1	303	1	4	1	1950
303	1	2	303	1	3	1	1950
303	1	2	303	1	4	1	1950
303	1	3	303	1	4	0	1950
304	1	1	304	1	2	0	1160
304	1	1	304	1	3	1	1160
304	1	1	304	1	4	1	1160
304	1	2	304	1	3	1	1160
304	1	2	304	1	4	1	1160
304	1	3	304	1	4	0	1160
304	2	1	304	2	2	0	542
304	2	1	304	2	3	0	542
304	2	1	304	2	4	0	542
304	2	2	304	2	3	0	542
304	2	2	304	2	4	0	542
304	2	3	304	2	4	0	542
304	3	1	304	3	2	0	468
304	3	1	304	3	3	0	468
304	3	1	304	3	4	0	468
304	3	2	304	3	3	0	468
304	3	2	304	3	4	0	468
304	3	3	304	3	4	0	468
305	1	1	305	1	2	0	1439
305	1	1	305	1	3	2	1439
305	1	1	305	1	4	2	1439
305	1	2	305	1	3	2	1439
305	1	2	305	1	4	2	1439
305	1	3	305	1	4	0	1439
306	1	1	306	1	2	1	1743
306	1	1	306	1	3	1	1743
306	1	1	306	1	4	2	1743
306	1	2	306	1	3	2	1743
306	1	2	306	1	4	1	1743
306	1	3	306	1	4	1	1743
306	2	1	306	2	2	0	250
306	2	1	306	2	3	0	250
306	2	1	306	2	4	0	250
306	2	2	306	2	3	0	250
306	2	2	306	2	4	0	250
306	2	3	306	2	4	0	250
307	1	1	307	1	2	0	1591
307	1	1	307	1	3	7	1591
307	1	1	307	1	4	7	1591
307	1	2	307	1	3	7	1591
307	1	2	307	1	4	7	1591
307	1	3	307	1	4	6	1591
307	2	1	307	2	2	0	698
307	2	1	307	2	3	1	698
307	2	1	307	2	4	1	698
307	2	2	307	2	3	1	698
307	2	2	307	2	4	1	698
307	2	3	307	2	4	0	698
309	1	1	309	1	2	0	1713
309	1	1	309	1	3	0	1713
309	1	1	309	1	4	0	1713
309	1	2	309	1	3	0	1713
309	1	2	309	1	4	0	1713
309	1	3	309	1	4	0	1713
309	2	1	309	2	2	1	748
309	2	1	309	2	3	1	748
309	2	1	309	2	4	1	748
309	2	2	309	2	3	0	748
309	2	2	309	2	4	0	748
309	2	3	309	2	4	0	748
309	3	1	309	3	2	0	437
309	3	1	309	3	3	0	437
309	3	1	309	3	4	0	437
309	3	2	309	3	3	0	437
309	3	2	309	3	4	0	437
309	3	3	309	3	4	0	437
311	1	1	311	1	2	2	2165
311	1	1	311	1	3	3	2165
311	1	1	311	1	4	3	2165
311	1	2	311	1	3	1	2165
311	1	2	311	1	4	1	2165
311	1	3	311	1	4	0	2165
312	1	1	312	1	2	0	1336
312	1	1	312	1	3	8	1336
312	1	1	312	1	4	8	1336
312	1	2	312	1	3	8	1336
312	1	2	312	1	4	8	1336
312	1	3	312	1	4	0	1336
313	1	1	313	1	2	0	1720
313	1	1	313	1	3	9	1720
313	1	1	313	1	4	9	1720
313	1	2	313	1	3	9	1720
313	1	2	313	1	4	9	1720
313	1	3	313	1	4	0	1720
314	1	1	314	1	2	0	1801
314	1	1	314	1	3	0	1801
314	1	1	314	1	4	0	1801
314	1	2	314	1	3	0	1801
314	1	2	314	1	4	0	1801
314	1	3	314	1	4	0	1801
315	1	1	315	1	2	331	1796
315	1	1	315	1	3	332	1796
315	1	1	315	1	4	331	1796
315	1	2	315	1	3	321	1796
315	1	2	315	1	4	310	1796
315	1	3	315	1	4	301	1796
315	2	1	315	2	2	1	323
315	2	1	315	2	3	1	323
315	2	1	315	2	4	1	323
315	2	2	315	2	3	2	323
315	2	2	315	2	4	2	323
315	2	3	315	2	4	0	323
316	1	1	316	1	2	0	1720
316	1	1	316	1	3	0	1720
316	1	1	316	1	4	0	1720
316	1	2	316	1	3	0	1720
316	1	2	316	1	4	0	1720
316	1	3	316	1	4	0	1720
316	2	1	316	2	2	0	761
316	2	1	316	2	3	0	761
316	2	1	316	2	4	0	761
316	2	2	316	2	3	0	761
316	2	2	316	2	4	0	761
316	2	3	316	2	4	0	761
316	3	1	316	3	2	0	150
316	3	1	316	3	3	0	150
316	3	1	316	3	4	0	150
316	3	2	316	3	3	0	150
316	3	2	316	3	4	0	150
316	3	3	316	3	4	0	150
318	1	1	318	1	2	0	1171
318	1	1	318	1	3	1	1171
318	1	1	318	1	4	1	1171
318	1	2	318	1	3	1	1171
318	1	2	318	1	4	1	1171
318	1	3	318	1	4	0	1171
318	2	1	318	2	2	0	787
318	2	1	318	2	3	0	787
318	2	1	318	2	4	0	787
318	2	2	318	2	3	0	787
318	2	2	318	2	4	0	787
318	2	3	318	2	4	0	787
318	3	1	318	3	2	1	614
318	3	1	318	3	3	1	614
318	3	1	318	3	4	1	614
318	3	2	318	3	3	0	614
318	3	2	318	3	4	0	614
318	3	3	318	3	4	0	614
318	4	1	318	4	2	0	526
318	4	1	318	4	3	0	526
318	4	1	318	4	4	0	526
318	4	2	318	4	3	0	526
318	4	2	318	4	4	0	526
318	4	3	318	4	4	0	526
318	5	1	318	5	2	0	225
318	5	1	318	5	3	0	225
318	5	1	318	5	4	0	225
318	5	2	318	5	3	0	225
318	5	2	318	5	4	0	225
318	5	3	318	5	4	0	225
319	1	1	319	1	2	4	2020
319	1	1	319	1	3	4	2020
319	1	1	319	1	4	5	2020
319	1	2	319	1	3	3	2020
319	1	2	319	1	4	4	2020
319	1	3	319	1	4	1	2020
320	1	1	320	1	2	2	879
320	1	1	320	1	3	2	879
320	1	1	320	1	4	2	879
320	1	2	320	1	3	4	879
320	1	2	320	1	4	4	879
320	1	3	320	1	4	0	879
321	1	1	321	1	2	0	1708
321	1	1	321	1	3	7	1708
321	1	1	321	1	4	7	1708
321	1	2	321	1	3	7	1708
321	1	2	321	1	4	7	1708
321	1	3	321	1	4	0	1708
322	1	1	322	1	2	1	867
322	1	1	322	1	3	3	867
322	1	1	322	1	4	3	867
322	1	2	322	1	3	2	867
322	1	2	322	1	4	2	867
322	1	3	322	1	4	0	867
322	2	1	322	2	2	0	305
322	2	1	322	2	3	0	305
322	2	1	322	2	4	0	305
322	2	2	322	2	3	0	305
322	2	2	322	2	4	0	305
322	2	3	322	2	4	0	305
322	3	1	322	3	2	2	248
322	3	1	322	3	3	2	248
322	3	1	322	3	4	2	248
322	3	2	322	3	3	2	248
322	3	2	322	3	4	2	248
322	3	3	322	3	4	1	248
323	1	1	323	1	2	0	1203
323	1	1	323	1	3	0	1203
323	1	1	323	1	4	0	1203
323	1	2	323	1	3	0	1203
323	1	2	323	1	4	0	1203
323	1	3	323	1	4	0	1203
324	1	1	324	1	2	0	791
324	1	1	324	1	3	4	791
324	1	1	324	1	4	4	791
324	1	2	324	1	3	4	791
324	1	2	324	1	4	4	791
324	1	3	324	1	4	0	791
325	1	1	325	1	2	1	1654
325	1	1	325	1	3	3	1654
325	1	1	325	1	4	4	1654
325	1	2	325	1	3	4	1654
325	1	2	325	1	4	3	1654
325	1	3	325	1	4	1	1654
326	1	1	326	1	2	3	1781
326	1	1	326	1	3	1	1781
326	1	1	326	1	4	2	1781
326	1	2	326	1	3	4	1781
326	1	2	326	1	4	3	1781
326	1	3	326	1	4	1	1781
327	1	1	327	1	2	0	1969
327	1	1	327	1	3	0	1969
327	1	1	327	1	4	0	1969
327	1	2	327	1	3	0	1969
327	1	2	327	1	4	0	1969
327	1	3	327	1	4	0	1969
328	1	1	328	1	2	94	1279
328	1	1	328	1	3	89	1279
328	1	1	328	1	4	83	1279
328	1	2	328	1	3	87	1279
328	1	2	328	1	4	85	1279
328	1	3	328	1	4	97	1279
328	2	1	328	2	2	0	486
328	2	1	328	2	3	0	486
328	2	1	328	2	4	0	486
328	2	2	328	2	3	0	486
328	2	2	328	2	4	0	486
328	2	3	328	2	4	0	486
328	3	1	328	3	2	0	458
328	3	1	328	3	3	0	458
328	3	1	328	3	4	0	458
328	3	2	328	3	3	0	458
328	3	2	328	3	4	0	458
328	3	3	328	3	4	0	458
330	1	1	330	1	2	0	1663
330	1	1	330	1	3	0	1663
330	1	1	330	1	4	0	1663
330	1	2	330	1	3	0	1663
330	1	2	330	1	4	0	1663
330	1	3	330	1	4	0	1663
333	1	1	333	1	2	0	1360
333	1	1	333	1	3	1	1360
333	1	1	333	1	4	1	1360
333	1	2	333	1	3	1	1360
333	1	2	333	1	4	1	1360
333	1	3	333	1	4	0	1360
333	2	1	333	2	2	0	422
333	2	1	333	2	3	0	422
333	2	1	333	2	4	0	422
333	2	2	333	2	3	0	422
333	2	2	333	2	4	0	422
333	2	3	333	2	4	0	422
334	1	1	334	1	2	0	1723
334	1	1	334	1	3	0	1723
334	1	1	334	1	4	0	1723
334	1	2	334	1	3	0	1723
334	1	2	334	1	4	0	1723
334	1	3	334	1	4	0	1723
335	1	1	335	1	2	28	1576
335	1	1	335	1	3	26	1576
335	1	1	335	1	4	24	1576
335	1	2	335	1	3	37	1576
335	1	2	335	1	4	28	1576
335	1	3	335	1	4	23	1576
335	2	1	335	2	2	0	1521
335	2	1	335	2	3	0	1521
335	2	1	335	2	4	0	1521
335	2	2	335	2	3	0	1521
335	2	2	335	2	4	0	1521
335	2	3	335	2	4	0	1521
337	1	1	337	1	2	2	1617
337	1	1	337	1	3	2	1617
337	1	1	337	1	4	4	1617
337	1	2	337	1	3	4	1617
337	1	2	337	1	4	2	1617
337	1	3	337	1	4	2	1617
338	1	1	338	1	2	1	1803
338	1	1	338	1	3	1	1803
338	1	1	338	1	4	1	1803
338	1	2	338	1	3	2	1803
338	1	2	338	1	4	2	1803
338	1	3	338	1	4	0	1803
339	1	1	339	1	2	0	1787
339	1	1	339	1	3	0	1787
339	1	1	339	1	4	0	1787
339	1	2	339	1	3	0	1787
339	1	2	339	1	4	0	1787
339	1	3	339	1	4	0	1787
339	2	1	339	2	2	0	600
339	2	1	339	2	3	0	600
339	2	1	339	2	4	0	600
339	2	2	339	2	3	0	600
339	2	2	339	2	4	0	600
339	2	3	339	2	4	0	600
339	3	1	339	3	2	0	476
339	3	1	339	3	3	0	476
339	3	1	339	3	4	0	476
339	3	2	339	3	3	0	476
339	3	2	339	3	4	0	476
339	3	3	339	3	4	0	476
339	4	1	339	4	2	0	217
339	4	1	339	4	3	0	217
339	4	1	339	4	4	0	217
339	4	2	339	4	3	0	217
339	4	2	339	4	4	0	217
339	4	3	339	4	4	0	217
339	5	1	339	5	2	0	193
339	5	1	339	5	3	0	193
339	5	1	339	5	4	0	193
339	5	2	339	5	3	0	193
339	5	2	339	5	4	0	193
339	5	3	339	5	4	0	193
340	1	1	340	1	2	1	1023
340	1	1	340	1	3	4	1023
340	1	1	340	1	4	4	1023
340	1	2	340	1	3	3	1023
340	1	2	340	1	4	3	1023
340	1	3	340	1	4	0	1023
340	2	1	340	2	2	0	917
340	2	1	340	2	3	1	917
340	2	1	340	2	4	1	917
340	2	2	340	2	3	1	917
340	2	2	340	2	4	1	917
340	2	3	340	2	4	0	917
340	3	1	340	3	2	0	302
340	3	1	340	3	3	0	302
340	3	1	340	3	4	0	302
340	3	2	340	3	3	0	302
340	3	2	340	3	4	0	302
340	3	3	340	3	4	0	302
341	1	1	341	1	2	1	1490
341	1	1	341	1	3	1	1490
341	1	1	341	1	4	1	1490
341	1	2	341	1	3	0	1490
341	1	2	341	1	4	0	1490
341	1	3	341	1	4	0	1490
342	1	1	342	1	2	0	1741
342	1	1	342	1	3	0	1741
342	1	1	342	1	4	0	1741
342	1	2	342	1	3	0	1741
342	1	2	342	1	4	0	1741
342	1	3	342	1	4	0	1741
344	1	1	344	1	2	3	1473
344	1	1	344	1	3	2	1473
344	1	1	344	1	4	2	1473
344	1	2	344	1	3	1	1473
344	1	2	344	1	4	1	1473
344	1	3	344	1	4	2	1473
345	1	1	345	1	2	0	1811
345	1	1	345	1	3	1	1811
345	1	1	345	1	4	2	1811
345	1	2	345	1	3	1	1811
345	1	2	345	1	4	2	1811
345	1	3	345	1	4	1	1811
346	1	1	346	1	2	9	2100
346	1	1	346	1	3	19	2100
346	1	1	346	1	4	13	2100
346	1	2	346	1	3	19	2100
346	1	2	346	1	4	16	2100
346	1	3	346	1	4	16	2100
347	1	1	347	1	2	0	1737
347	1	1	347	1	3	1	1737
347	1	1	347	1	4	1	1737
347	1	2	347	1	3	1	1737
347	1	2	347	1	4	1	1737
347	1	3	347	1	4	0	1737
348	1	1	348	1	2	0	1543
348	1	1	348	1	3	3	1543
348	1	1	348	1	4	3	1543
348	1	2	348	1	3	3	1543
348	1	2	348	1	4	3	1543
348	1	3	348	1	4	0	1543
349	1	1	349	1	2	0	1691
349	1	1	349	1	3	0	1691
349	1	1	349	1	4	0	1691
349	1	2	349	1	3	0	1691
349	1	2	349	1	4	0	1691
349	1	3	349	1	4	0	1691
349	2	1	349	2	2	4	471
349	2	1	349	2	3	3	471
349	2	1	349	2	4	5	471
349	2	2	349	2	3	6	471
349	2	2	349	2	4	3	471
349	2	3	349	2	4	3	471
349	3	1	349	3	2	2	373
349	3	1	349	3	3	2	373
349	3	1	349	3	4	2	373
349	3	2	349	3	3	1	373
349	3	2	349	3	4	1	373
349	3	3	349	3	4	2	373
350	1	1	350	1	2	0	936
350	1	1	350	1	3	2	936
350	1	1	350	1	4	2	936
350	1	2	350	1	3	2	936
350	1	2	350	1	4	2	936
350	1	3	350	1	4	0	936
350	2	1	350	2	2	0	837
350	2	1	350	2	3	1	837
350	2	1	350	2	4	1	837
350	2	2	350	2	3	1	837
350	2	2	350	2	4	1	837
350	2	3	350	2	4	0	837
350	3	1	350	3	2	0	633
350	3	1	350	3	3	0	633
350	3	1	350	3	4	0	633
350	3	2	350	3	3	0	633
350	3	2	350	3	4	0	633
350	3	3	350	3	4	0	633
351	1	1	351	1	2	3	1652
351	1	1	351	1	3	5	1652
351	1	1	351	1	4	5	1652
351	1	2	351	1	3	4	1652
351	1	2	351	1	4	6	1652
351	1	3	351	1	4	2	1652
351	2	1	351	2	2	0	241
351	2	1	351	2	3	0	241
351	2	1	351	2	4	0	241
351	2	2	351	2	3	0	241
351	2	2	351	2	4	0	241
351	2	3	351	2	4	0	241
352	1	1	352	1	2	0	1874
352	1	1	352	1	3	0	1874
352	1	1	352	1	4	0	1874
352	1	2	352	1	3	0	1874
352	1	2	352	1	4	0	1874
352	1	3	352	1	4	0	1874
353	1	1	353	1	2	0	1263
353	1	1	353	1	3	3	1263
353	1	1	353	1	4	3	1263
353	1	2	353	1	3	3	1263
353	1	2	353	1	4	3	1263
353	1	3	353	1	4	0	1263
354	1	1	354	1	2	18	1375
354	1	1	354	1	3	6	1375
354	1	1	354	1	4	23	1375
354	1	2	354	1	3	16	1375
354	1	2	354	1	4	5	1375
354	1	3	354	1	4	21	1375
355	1	1	355	1	2	0	1667
355	1	1	355	1	3	0	1667
355	1	1	355	1	4	0	1667
355	1	2	355	1	3	0	1667
355	1	2	355	1	4	0	1667
355	1	3	355	1	4	0	1667
356	1	1	356	1	2	0	1151
356	1	1	356	1	3	0	1151
356	1	1	356	1	4	0	1151
356	1	2	356	1	3	0	1151
356	1	2	356	1	4	0	1151
356	1	3	356	1	4	0	1151
357	1	1	357	1	2	0	1864
357	1	1	357	1	3	0	1864
357	1	1	357	1	4	0	1864
357	1	2	357	1	3	0	1864
357	1	2	357	1	4	0	1864
357	1	3	357	1	4	0	1864
357	2	1	357	2	2	2	857
357	2	1	357	2	3	1	857
357	2	1	357	2	4	3	857
357	2	2	357	2	3	3	857
357	2	2	357	2	4	1	857
357	2	3	357	2	4	3	857
358	1	1	358	1	2	5	1301
358	1	1	358	1	3	6	1301
358	1	1	358	1	4	7	1301
358	1	2	358	1	3	11	1301
358	1	2	358	1	4	12	1301
358	1	3	358	1	4	3	1301
359	1	1	359	1	2	0	1197
359	1	1	359	1	3	3	1197
359	1	1	359	1	4	2	1197
359	1	2	359	1	3	3	1197
359	1	2	359	1	4	2	1197
359	1	3	359	1	4	1	1197
361	1	1	361	1	2	0	1842
361	1	1	361	1	3	0	1842
361	1	1	361	1	4	0	1842
361	1	2	361	1	3	0	1842
361	1	2	361	1	4	0	1842
361	1	3	361	1	4	0	1842
362	1	1	362	1	2	0	1398
362	1	1	362	1	3	0	1398
362	1	1	362	1	4	0	1398
362	1	2	362	1	3	0	1398
362	1	2	362	1	4	0	1398
362	1	3	362	1	4	0	1398
362	2	1	362	2	2	0	1286
362	2	1	362	2	3	0	1286
362	2	1	362	2	4	0	1286
362	2	2	362	2	3	0	1286
362	2	2	362	2	4	0	1286
362	2	3	362	2	4	0	1286
363	1	1	363	1	2	0	1296
363	1	1	363	1	3	3	1296
363	1	1	363	1	4	4	1296
363	1	2	363	1	3	3	1296
363	1	2	363	1	4	4	1296
363	1	3	363	1	4	1	1296
364	1	1	364	1	2	5	1753
364	1	1	364	1	3	7	1753
364	1	1	364	1	4	7	1753
364	1	2	364	1	3	7	1753
364	1	2	364	1	4	8	1753
364	1	3	364	1	4	4	1753
364	2	1	364	2	2	0	497
364	2	1	364	2	3	0	497
364	2	1	364	2	4	0	497
364	2	2	364	2	3	0	497
364	2	2	364	2	4	0	497
364	2	3	364	2	4	0	497
365	1	1	365	1	2	1	1732
365	1	1	365	1	3	1	1732
365	1	1	365	1	4	1	1732
365	1	2	365	1	3	0	1732
365	1	2	365	1	4	0	1732
365	1	3	365	1	4	0	1732
366	1	1	366	1	2	0	1653
366	1	1	366	1	3	1	1653
366	1	1	366	1	4	3	1653
366	1	2	366	1	3	1	1653
366	1	2	366	1	4	3	1653
366	1	3	366	1	4	2	1653
367	1	1	367	1	2	0	1964
367	1	1	367	1	3	1	1964
367	1	1	367	1	4	1	1964
367	1	2	367	1	3	1	1964
367	1	2	367	1	4	1	1964
367	1	3	367	1	4	0	1964
367	2	1	367	2	2	0	533
367	2	1	367	2	3	0	533
367	2	1	367	2	4	0	533
367	2	2	367	2	3	0	533
367	2	2	367	2	4	0	533
367	2	3	367	2	4	0	533
368	1	1	368	1	2	0	1534
368	1	1	368	1	3	0	1534
368	1	1	368	1	4	0	1534
368	1	2	368	1	3	0	1534
368	1	2	368	1	4	0	1534
368	1	3	368	1	4	0	1534
368	2	1	368	2	2	0	265
368	2	1	368	2	3	0	265
368	2	1	368	2	4	0	265
368	2	2	368	2	3	0	265
368	2	2	368	2	4	0	265
368	2	3	368	2	4	0	265
369	1	1	369	1	2	0	1392
369	1	1	369	1	3	2	1392
369	1	1	369	1	4	1	1392
369	1	2	369	1	3	2	1392
369	1	2	369	1	4	1	1392
369	1	3	369	1	4	2	1392
370	1	1	370	1	2	0	1717
370	1	1	370	1	3	0	1717
370	1	1	370	1	4	0	1717
370	1	2	370	1	3	0	1717
370	1	2	370	1	4	0	1717
370	1	3	370	1	4	0	1717
371	1	1	371	1	2	0	1401
371	1	1	371	1	3	4	1401
371	1	1	371	1	4	4	1401
371	1	2	371	1	3	4	1401
371	1	2	371	1	4	4	1401
371	1	3	371	1	4	0	1401
371	2	1	371	2	2	0	274
371	2	1	371	2	3	0	274
371	2	1	371	2	4	0	274
371	2	2	371	2	3	0	274
371	2	2	371	2	4	0	274
371	2	3	371	2	4	0	274
372	1	1	372	1	2	0	1742
372	1	1	372	1	3	0	1742
372	1	1	372	1	4	0	1742
372	1	2	372	1	3	0	1742
372	1	2	372	1	4	0	1742
372	1	3	372	1	4	0	1742
373	1	1	373	1	2	0	2074
373	1	1	373	1	3	0	2074
373	1	1	373	1	4	0	2074
373	1	2	373	1	3	0	2074
373	1	2	373	1	4	0	2074
373	1	3	373	1	4	0	2074
373	2	1	373	2	2	0	511
373	2	1	373	2	3	0	511
373	2	1	373	2	4	0	511
373	2	2	373	2	3	0	511
373	2	2	373	2	4	0	511
373	2	3	373	2	4	0	511
373	3	1	373	3	2	0	274
373	3	1	373	3	3	0	274
373	3	1	373	3	4	0	274
373	3	2	373	3	3	0	274
373	3	2	373	3	4	0	274
373	3	3	373	3	4	0	274
374	1	1	374	1	2	0	1822
374	1	1	374	1	3	3	1822
374	1	1	374	1	4	3	1822
374	1	2	374	1	3	3	1822
374	1	2	374	1	4	3	1822
374	1	3	374	1	4	0	1822
375	1	1	375	1	2	2	1765
375	1	1	375	1	3	2	1765
375	1	1	375	1	4	4	1765
375	1	2	375	1	3	2	1765
375	1	2	375	1	4	4	1765
375	1	3	375	1	4	4	1765
377	1	1	377	1	2	0	1736
377	1	1	377	1	3	1	1736
377	1	1	377	1	4	1	1736
377	1	2	377	1	3	1	1736
377	1	2	377	1	4	1	1736
377	1	3	377	1	4	0	1736
377	2	1	377	2	2	0	236
377	2	1	377	2	3	0	236
377	2	1	377	2	4	0	236
377	2	2	377	2	3	0	236
377	2	2	377	2	4	0	236
377	2	3	377	2	4	0	236
378	1	1	378	1	2	2	1453
378	1	1	378	1	3	4	1453
378	1	1	378	1	4	5	1453
378	1	2	378	1	3	5	1453
378	1	2	378	1	4	4	1453
378	1	3	378	1	4	3	1453
379	1	1	379	1	2	7	1542
379	1	1	379	1	3	7	1542
379	1	1	379	1	4	2	1542
379	1	2	379	1	3	0	1542
379	1	2	379	1	4	5	1542
379	1	3	379	1	4	5	1542
380	1	1	380	1	2	4	1731
380	1	1	380	1	3	3	1731
380	1	1	380	1	4	4	1731
380	1	2	380	1	3	5	1731
380	1	2	380	1	4	2	1731
380	1	3	380	1	4	5	1731
381	1	1	381	1	2	0	1835
381	1	1	381	1	3	0	1835
381	1	1	381	1	4	0	1835
381	1	2	381	1	3	0	1835
381	1	2	381	1	4	0	1835
381	1	3	381	1	4	0	1835
382	1	1	382	1	2	1	1654
382	1	1	382	1	3	1	1654
382	1	1	382	1	4	2	1654
382	1	2	382	1	3	2	1654
382	1	2	382	1	4	1	1654
382	1	3	382	1	4	1	1654
383	1	1	383	1	2	0	1079
383	1	1	383	1	3	1	1079
383	1	1	383	1	4	1	1079
383	1	2	383	1	3	1	1079
383	1	2	383	1	4	1	1079
383	1	3	383	1	4	0	1079
384	1	1	384	1	2	1	1067
384	1	1	384	1	3	1	1067
384	1	1	384	1	4	2	1067
384	1	2	384	1	3	2	1067
384	1	2	384	1	4	1	1067
384	1	3	384	1	4	1	1067
385	1	1	385	1	2	1	1676
385	1	1	385	1	3	1	1676
385	1	1	385	1	4	1	1676
385	1	2	385	1	3	1	1676
385	1	2	385	1	4	1	1676
385	1	3	385	1	4	0	1676
386	1	1	386	1	2	1	1832
386	1	1	386	1	3	1	1832
386	1	1	386	1	4	2	1832
386	1	2	386	1	3	2	1832
386	1	2	386	1	4	1	1832
386	1	3	386	1	4	1	1832
387	1	1	387	1	2	0	1326
387	1	1	387	1	3	0	1326
387	1	1	387	1	4	0	1326
387	1	2	387	1	3	0	1326
387	1	2	387	1	4	0	1326
387	1	3	387	1	4	0	1326
388	1	1	388	1	2	2	1738
388	1	1	388	1	3	9	1738
388	1	1	388	1	4	9	1738
388	1	2	388	1	3	7	1738
388	1	2	388	1	4	11	1738
388	1	3	388	1	4	6	1738
389	1	1	389	1	2	0	1353
389	1	1	389	1	3	3	1353
389	1	1	389	1	4	3	1353
389	1	2	389	1	3	3	1353
389	1	2	389	1	4	3	1353
389	1	3	389	1	4	0	1353
389	2	1	389	2	2	0	1371
389	2	1	389	2	3	0	1371
389	2	1	389	2	4	0	1371
389	2	2	389	2	3	0	1371
389	2	2	389	2	4	0	1371
389	2	3	389	2	4	0	1371
390	1	1	390	1	2	0	1557
390	1	1	390	1	3	0	1557
390	1	1	390	1	4	0	1557
390	1	2	390	1	3	0	1557
390	1	2	390	1	4	0	1557
390	1	3	390	1	4	0	1557
391	1	1	391	1	2	26	1954
391	1	1	391	1	3	18	1954
391	1	1	391	1	4	24	1954
391	1	2	391	1	3	22	1954
391	1	2	391	1	4	11	1954
391	1	3	391	1	4	17	1954
392	1	1	392	1	2	6	1322
392	1	1	392	1	3	4	1322
392	1	1	392	1	4	5	1322
392	1	2	392	1	3	5	1322
392	1	2	392	1	4	4	1322
392	1	3	392	1	4	5	1322
392	2	1	392	2	2	1	1273
392	2	1	392	2	3	1	1273
392	2	1	392	2	4	1	1273
392	2	2	392	2	3	0	1273
392	2	2	392	2	4	0	1273
392	2	3	392	2	4	0	1273
392	3	1	392	3	2	0	677
392	3	1	392	3	3	0	677
392	3	1	392	3	4	0	677
392	3	2	392	3	3	0	677
392	3	2	392	3	4	0	677
392	3	3	392	3	4	0	677
393	1	1	393	1	2	0	1665
393	1	1	393	1	3	2	1665
393	1	1	393	1	4	2	1665
393	1	2	393	1	3	2	1665
393	1	2	393	1	4	2	1665
393	1	3	393	1	4	0	1665
394	1	1	394	1	2	0	1294
394	1	1	394	1	3	1	1294
394	1	1	394	1	4	1	1294
394	1	2	394	1	3	1	1294
394	1	2	394	1	4	1	1294
394	1	3	394	1	4	0	1294
394	2	1	394	2	2	0	969
394	2	1	394	2	3	0	969
394	2	1	394	2	4	0	969
394	2	2	394	2	3	0	969
394	2	2	394	2	4	0	969
394	2	3	394	2	4	0	969
395	1	1	395	1	2	0	1836
395	1	1	395	1	3	1	1836
395	1	1	395	1	4	1	1836
395	1	2	395	1	3	1	1836
395	1	2	395	1	4	1	1836
395	1	3	395	1	4	0	1836
396	1	1	396	1	2	0	2074
396	1	1	396	1	3	2	2074
396	1	1	396	1	4	2	2074
396	1	2	396	1	3	2	2074
396	1	2	396	1	4	2	2074
396	1	3	396	1	4	0	2074
399	1	1	399	1	2	0	1874
399	1	1	399	1	3	2	1874
399	1	1	399	1	4	2	1874
399	1	2	399	1	3	2	1874
399	1	2	399	1	4	2	1874
399	1	3	399	1	4	0	1874
400	1	1	400	1	2	0	1964
400	1	1	400	1	3	0	1964
400	1	1	400	1	4	0	1964
400	1	2	400	1	3	0	1964
400	1	2	400	1	4	0	1964
400	1	3	400	1	4	0	1964
402	1	1	402	1	2	2	689
402	1	1	402	1	3	6	689
402	1	1	402	1	4	4	689
402	1	2	402	1	3	4	689
402	1	2	402	1	4	2	689
402	1	3	402	1	4	2	689
402	2	1	402	2	2	3	391
402	2	1	402	2	3	2	391
402	2	1	402	2	4	1	391
402	2	2	402	2	3	3	391
402	2	2	402	2	4	4	391
402	2	3	402	2	4	3	391
402	3	1	402	3	2	2	539
402	3	1	402	3	3	1	539
402	3	1	402	3	4	3	539
402	3	2	402	3	3	3	539
402	3	2	402	3	4	1	539
402	3	3	402	3	4	2	539
403	1	1	403	1	2	1	1636
403	1	1	403	1	3	1	1636
403	1	1	403	1	4	2	1636
403	1	2	403	1	3	2	1636
403	1	2	403	1	4	3	1636
403	1	3	403	1	4	1	1636
